100 20 
5
36 51 19 29 50 97 70 38 8 28 32 77 18 87 6 42 66 49 62 35 78 56 100 54 100 44 14 55 77 66 31 90 4 79 19 86 36 55 97 32 70 30 7 23 43 38 94 100 21 94 31 27 16 42 19 86 15 54 12 79 92 47 7 39 100 74 26 60 55 32 93 42 55 26 16 4 86 89 47 49 44 25 64 53 85 92 23 64 40 44 17 25 38 34 31 76 72 52 48 34 
47 20 86 8 83 17 59 21 53 64 8 56 55 82 86 34 51 81 69 35 35 10 58 76 8 44 60 91 33 17 80 12 96 4 24 98 2 88 49 48 8 50 8 90 1 25 47 85 55 59 66 31 82 94 49 72 40 58 47 25 44 71 51 31 93 59 99 95 33 77 92 49 36 24 31 98 84 9 16 2 83 10 83 87 26 78 88 57 62 80 53 25 13 29 100 85 70 81 35 37 
65 77 51 58 79 55 54 62 18 5 91 50 73 77 20 80 79 50 91 14 23 84 22 78 5 79 23 47 63 69 80 8 77 95 25 42 8 18 99 5 79 56 65 83 34 19 58 13 61 56 42 77 9 67 68 22 59 81 82 30 75 18 36 29 1 64 98 16 1 43 18 26 60 90 87 22 29 79 12 100 54 50 85 76 52 16 51 39 65 3 47 12 60 68 89 47 58 60 83 28 
99 76 73 93 12 69 16 17 1 5 20 94 26 63 82 46 71 39 91 45 40 66 91 37 21 24 39 89 17 26 62 10 44 44 64 42 81 48 38 15 21 73 39 67 66 81 97 12 23 6 59 23 51 22 5 37 54 31 28 9 98 20 2 100 11 98 16 60 30 97 48 25 19 26 9 48 61 17 26 97 77 64 89 48 34 11 83 56 81 77 25 62 94 27 97 53 23 47 99 94 
75 22 3 34 27 90 85 100 46 2 11 30 65 72 69 50 43 21 89 73 78 78 14 80 9 28 62 75 40 47 68 8 51 78 62 68 15 46 36 56 35 92 21 22 89 52 20 53 20 21 22 81 68 97 76 57 38 74 72 76 2 77 68 41 19 93 77 53 36 40 64 55 50 98 83 13 15 24 40 100 66 4 68 80 62 91 53 57 15 43 29 48 58 62 50 47 20 61 99 54 
9
80 35 23 32 68 59 90 39 64 
12
37 69 8 27 79 36 2 12 67 72 80 24 
18
82 78 90 32 8 87 19 29 46 20 65 1 86 2 26 12 100 5 
17
100 92 9 26 80 51 78 13 28 95 53 31 74 77 73 20 81 
4
15 7 28 92 
3
89 4 39 
2
49 30 
18
35 20 28 48 46 41 72 83 33 81 80 60 76 70 3 40 68 6 
4
88 3 26 8 
16
100 47 25 60 86 65 91 87 35 10 37 71 24 82 9 68 
16
37 100 23 54 22 58 1 56 84 36 30 44 69 62 21 79 
12
33 13 66 100 10 32 61 98 16 94 72 76 
6
44 38 15 23 81 45 
4
16 54 20 4 
17
4 51 30 70 93 65 58 3 19 55 85 52 67 76 24 75 23 
3
11 37 18 
15
21 27 52 41 53 88 81 5 93 60 58 23 4 62 71 
10
32 16 34 48 93 2 41 37 91 80 
10
38 79 52 100 24 80 41 21 75 50 
2
24 22 

