100 20 
5
20 42 61 33 16 16 97 54 23 54 50 42 18 12 22 92 68 32 40 78 82 94 60 41 51 7 24 4 25 71 3 87 52 70 52 61 22 19 28 64 47 28 25 97 26 51 94 85 15 68 16 86 58 61 49 82 63 55 58 70 22 39 3 37 23 93 53 36 86 39 10 87 11 88 44 48 6 11 78 50 16 65 96 92 15 53 8 13 59 51 71 77 85 89 74 40 42 5 2 4 
96 11 5 72 86 57 44 52 50 25 40 12 72 72 27 31 24 42 26 32 81 37 12 96 77 100 59 26 71 10 14 48 27 73 29 43 38 58 40 73 99 93 74 19 67 11 70 28 94 29 44 99 65 45 28 17 92 66 49 57 20 63 66 40 50 4 65 8 51 65 16 51 14 76 58 65 39 83 18 65 90 51 76 32 9 57 49 31 33 56 28 70 49 65 47 48 22 62 27 24 
5 39 41 46 42 51 12 39 33 12 35 14 60 73 66 88 72 80 68 70 65 8 95 79 33 90 4 17 13 1 50 84 58 75 24 29 39 19 22 37 67 97 25 2 94 14 3 52 70 57 62 95 72 56 81 61 5 65 47 2 7 73 3 47 26 9 7 55 31 83 98 90 9 14 50 88 97 40 81 78 21 76 8 49 5 50 86 69 22 50 65 50 38 53 82 85 99 80 47 13 
42 41 51 94 67 3 78 86 64 44 36 7 81 1 35 60 74 57 54 72 63 66 59 90 89 79 18 48 91 1 19 86 16 15 7 71 7 68 21 88 66 94 56 7 37 71 49 11 20 94 34 59 3 94 8 36 63 59 98 19 5 24 15 74 37 28 15 98 36 13 97 21 89 64 22 69 45 51 38 77 23 59 72 94 47 54 64 48 85 45 36 85 44 15 100 90 99 57 87 7 
60 94 86 85 72 87 38 90 19 67 71 61 56 74 1 32 92 46 100 83 80 88 52 82 41 98 50 22 71 32 46 37 88 34 9 13 50 79 42 75 99 40 7 66 60 28 69 97 95 14 3 69 27 57 6 7 38 18 9 14 26 46 33 85 47 67 23 12 11 77 80 52 53 11 16 37 74 49 46 29 52 94 30 2 53 21 76 100 19 30 79 3 83 1 12 51 45 3 21 31 
18
69 53 27 39 64 92 75 58 72 7 37 10 41 98 1 14 35 57 
4
97 32 70 79 
18
14 89 79 69 39 3 49 36 60 33 24 88 55 25 78 17 9 68 
9
13 43 16 84 37 3 87 97 85 
9
6 25 86 27 59 100 48 46 28 
3
26 35 92 
8
61 1 15 81 18 29 85 57 
7
36 94 23 77 3 87 7 
6
6 89 45 40 17 73 
14
49 10 16 59 72 76 28 80 31 14 45 83 38 43 
6
5 12 42 4 75 96 
15
37 10 9 75 57 33 74 31 3 58 24 94 73 22 82 
19
52 82 70 61 96 13 69 21 98 94 45 24 65 88 90 51 43 17 99 
8
30 10 25 80 52 4 43 8 
9
58 87 21 65 54 61 79 69 33 
11
91 86 76 94 84 87 73 98 59 56 20 
11
35 85 26 14 51 11 93 23 84 99 97 
18
91 97 19 86 31 46 55 42 74 64 26 72 13 1 41 69 11 87 
3
48 32 77 
19
20 3 36 81 59 56 87 66 27 7 34 92 33 47 12 2 51 69 85 

