175 35 
5
89 50 92 88 66 51 67 7 42 38 48 8 41 17 31 1 95 4 44 54 56 44 79 57 68 26 16 49 9 66 24 68 99 3 52 16 88 73 54 98 43 27 48 93 68 81 62 35 84 54 27 21 49 22 54 84 99 24 58 52 89 60 76 13 3 31 31 23 92 3 13 57 4 32 94 89 33 5 62 6 67 33 51 19 15 11 80 50 97 39 23 55 56 86 38 85 38 50 18 25 12 97 81 62 94 10 54 55 24 22 6 96 26 38 9 11 63 77 93 34 67 22 17 30 49 10 42 69 89 13 43 91 45 65 59 9 78 17 84 70 54 3 37 32 33 89 30 39 8 71 36 17 86 78 31 57 89 3 96 21 55 78 19 57 57 97 34 94 45 66 24 35 8 14 34 
96 98 28 83 62 67 44 14 69 85 51 46 76 4 6 13 21 80 43 27 56 90 95 14 96 30 2 53 96 65 7 89 93 69 60 63 83 89 78 9 72 72 91 50 46 74 46 35 82 78 64 29 30 90 1 67 54 43 25 45 82 45 42 8 73 100 49 10 11 41 40 59 8 61 93 87 35 70 62 72 96 82 96 15 15 53 94 78 23 48 19 96 92 78 83 45 20 30 87 64 28 52 86 40 57 50 42 40 68 35 39 67 97 16 81 37 55 38 10 4 84 26 23 82 25 10 69 61 74 17 84 94 18 79 66 34 62 89 27 59 49 17 98 25 6 35 65 33 35 64 17 68 80 17 26 37 12 91 58 75 74 79 6 88 39 18 39 51 69 41 65 36 1 83 80 
82 17 38 84 25 6 21 72 41 14 33 1 83 76 17 43 13 18 29 83 17 5 4 28 48 94 59 9 64 3 27 81 75 38 51 6 72 32 20 36 63 19 83 31 81 87 21 22 40 14 87 56 90 44 74 36 48 75 63 93 94 38 81 2 94 30 68 43 16 5 92 28 23 59 3 90 54 76 16 40 1 47 83 88 95 95 86 78 66 75 52 31 13 21 79 69 72 66 1 25 56 88 18 30 91 88 14 2 57 4 37 82 51 30 24 20 83 54 41 53 62 52 14 1 59 55 20 96 70 11 37 11 65 54 13 4 32 26 43 29 81 95 31 50 24 11 10 54 82 94 51 77 86 4 10 32 37 74 6 32 38 90 23 67 72 72 22 6 53 9 2 18 67 7 1 
3 60 65 67 49 48 97 70 19 11 22 1 33 90 40 78 45 76 67 26 81 68 43 66 59 39 60 78 1 30 40 83 87 84 12 15 67 45 51 66 60 33 90 61 36 44 39 50 88 45 49 66 22 41 34 80 95 95 67 82 2 29 76 44 3 54 77 75 11 30 41 54 5 52 86 15 66 13 21 22 36 22 16 35 46 64 79 1 10 23 12 97 38 5 86 34 25 66 28 84 83 97 42 33 60 80 83 13 52 95 1 65 4 20 88 78 91 43 59 45 87 32 57 49 9 85 38 28 100 4 16 54 28 48 53 47 66 76 71 50 93 100 15 4 45 21 82 36 72 84 37 71 46 20 47 84 96 92 75 3 6 86 6 23 53 32 72 70 51 70 86 88 40 94 57 
8 74 49 47 81 100 59 40 88 40 47 53 20 66 22 53 9 47 42 44 93 80 90 72 29 36 91 90 4 23 62 69 10 82 75 42 65 50 9 78 20 71 33 82 10 99 30 70 78 54 26 90 17 85 14 85 94 35 77 93 35 99 89 39 75 51 76 74 40 36 39 57 90 47 35 40 51 25 24 21 87 19 92 75 25 72 82 99 53 16 51 47 18 14 20 46 24 71 47 44 47 93 1 81 67 54 9 41 84 32 58 16 90 51 62 17 92 64 73 73 31 49 51 78 37 87 84 73 57 36 38 42 67 3 89 54 84 11 68 90 77 94 88 57 14 2 88 85 94 23 38 34 99 45 34 93 53 45 69 21 19 16 64 85 88 94 10 62 88 49 17 40 5 81 51 
6
158 98 131 150 41 24 
10
99 90 169 64 6 15 25 16 168 131 
4
83 36 84 109 
18
131 97 39 96 88 16 115 151 89 163 174 63 22 10 95 170 108 169 
2
77 83 
6
82 142 71 124 150 138 
15
130 171 149 20 33 90 40 74 160 100 87 95 168 144 127 
18
54 41 48 101 14 50 164 69 134 116 140 85 175 18 87 163 174 109 
19
5 82 43 87 21 34 165 32 118 112 143 90 20 84 124 86 51 33 101 
10
86 124 68 77 161 4 167 63 46 40 
15
81 118 148 151 104 174 41 72 131 19 94 26 89 73 114 
16
104 69 81 19 125 137 61 21 158 161 160 174 144 72 140 36 
15
73 132 113 20 107 50 68 140 116 98 5 91 87 67 97 
4
164 154 25 68 
5
97 42 99 164 26 
7
145 129 103 93 23 36 63 
7
155 100 103 168 129 145 142 
3
47 66 113 
15
65 136 8 162 100 171 137 13 25 87 39 78 45 46 96 
17
25 12 149 77 137 161 140 101 35 2 116 7 110 107 122 98 93 
20
34 47 43 141 20 151 23 152 8 1 38 39 15 118 12 160 6 90 165 144 
3
148 53 136 
12
145 125 138 172 30 127 141 60 169 5 175 137 
4
5 152 65 125 
8
30 163 129 62 100 21 41 9 
17
132 1 47 146 36 38 68 69 101 105 42 93 169 66 60 30 104 
3
126 94 165 
8
48 104 151 36 148 14 138 105 
19
106 51 103 101 150 40 68 142 175 125 17 44 16 160 165 60 23 133 86 
20
75 96 142 81 93 36 106 129 78 12 173 27 63 82 109 167 169 30 47 13 
14
152 48 88 131 100 33 74 19 34 89 94 13 90 99 
5
77 22 141 86 113 
6
126 111 83 163 13 82 
19
61 173 164 26 112 170 71 55 14 89 141 133 100 171 97 8 132 12 172 
12
108 111 29 127 13 116 3 155 101 128 63 162 

