100 20 
5
78 34 86 98 47 73 87 44 88 21 18 40 68 96 40 91 23 96 64 85 2 55 99 98 19 18 74 1 82 29 6 89 9 54 100 98 38 98 62 54 33 71 81 52 46 63 41 1 61 59 9 33 23 96 6 81 39 26 10 84 19 99 99 56 12 71 87 99 1 45 44 59 68 43 58 28 31 53 49 18 14 55 59 99 35 11 51 60 75 21 20 53 52 11 1 14 54 87 4 10 
96 82 20 69 54 93 82 4 91 91 76 50 50 71 57 63 1 40 48 18 19 16 68 73 95 52 48 55 69 96 20 45 95 18 20 59 92 37 11 72 78 10 31 20 62 83 50 16 52 4 11 47 82 65 11 37 27 74 90 59 2 66 61 11 32 63 12 95 53 33 18 95 13 46 33 11 15 72 72 39 38 51 49 4 73 40 13 67 85 44 81 13 29 29 69 12 16 18 8 41 
97 91 2 70 18 47 55 5 49 85 80 17 23 24 24 17 74 24 77 93 32 64 97 61 86 70 82 50 24 20 74 23 49 68 100 95 47 96 52 9 82 29 89 92 11 40 94 45 31 95 38 22 14 48 15 61 67 57 91 48 74 2 13 47 65 44 96 60 30 49 6 30 55 80 34 21 90 64 33 68 30 50 45 2 99 22 80 72 97 74 24 4 56 50 24 87 76 10 80 50 
59 44 51 25 48 64 9 64 63 31 46 39 56 89 61 64 10 38 52 9 17 88 53 40 13 24 37 11 10 32 35 80 57 46 10 42 83 16 41 53 68 98 13 83 92 80 91 52 22 51 86 53 94 59 40 4 91 51 34 13 10 9 73 60 52 26 77 7 94 39 40 92 61 51 16 32 1 39 5 53 31 26 43 88 64 33 34 96 81 77 3 99 78 64 69 57 50 49 80 22 
65 12 10 47 73 93 7 59 38 37 33 71 7 76 90 77 29 43 10 48 23 48 95 11 97 27 52 53 65 48 27 54 93 69 38 90 7 46 15 21 77 84 82 43 10 23 84 33 95 6 28 95 45 84 76 10 62 19 41 40 44 29 38 76 41 94 49 45 19 22 24 62 1 89 5 78 85 11 34 55 67 67 65 11 68 22 29 87 13 5 80 6 88 83 65 20 2 41 24 16 
9
99 25 56 89 70 58 52 36 37 
9
95 5 94 61 19 42 44 71 99 
2
40 69 
6
99 58 84 22 42 18 
19
7 56 71 15 54 30 95 6 62 72 66 25 82 81 34 61 96 41 90 
20
92 60 33 91 59 39 7 24 27 26 42 5 90 44 74 89 71 1 80 82 
14
44 61 6 49 87 88 90 50 4 38 89 35 85 56 
16
4 7 26 25 8 69 3 39 30 24 50 86 78 99 53 90 
17
62 82 30 43 47 71 57 100 4 15 83 93 23 69 87 86 12 
12
73 96 60 23 51 16 40 37 44 66 46 74 
18
91 29 85 71 6 63 33 81 88 5 36 60 92 43 86 30 66 47 
18
47 14 45 58 88 46 97 21 87 95 83 33 68 13 85 96 94 75 
5
4 81 44 37 30 
14
43 98 7 68 46 37 3 58 49 6 92 8 71 66 
19
4 9 86 11 52 19 68 90 58 8 82 78 95 97 25 13 77 16 5 
7
46 90 62 57 92 64 59 
16
22 56 85 17 78 35 13 28 90 40 69 20 68 65 74 98 
20
23 65 5 100 91 20 33 8 60 24 34 86 58 13 68 81 32 38 7 97 
3
5 52 63 
5
86 98 77 70 49 

