175 35 
5
44 74 16 51 61 50 44 52 7 11 79 91 11 68 60 4 69 82 16 96 62 24 44 56 92 12 44 57 95 27 73 42 35 88 98 24 8 4 15 15 4 87 66 38 4 41 40 33 72 22 6 86 54 11 85 5 84 89 30 57 13 2 66 93 37 33 99 13 82 33 26 79 62 26 75 81 59 98 60 20 58 10 61 37 10 69 69 91 27 40 18 95 19 21 92 38 62 85 43 49 64 3 55 13 36 74 60 37 12 10 8 24 61 60 80 6 59 88 84 63 62 72 5 3 71 58 5 58 94 70 88 93 8 9 34 84 93 90 43 74 26 5 35 29 61 70 40 97 48 52 63 72 11 78 92 43 78 50 6 50 45 97 79 84 38 53 24 8 83 68 26 87 79 54 54 
96 95 43 98 83 85 70 99 43 67 49 26 20 97 41 86 34 63 54 5 3 96 10 7 10 91 72 43 61 26 73 4 66 24 94 60 31 71 67 41 33 60 94 77 49 21 91 15 43 87 55 2 65 45 42 48 62 58 11 79 43 43 24 82 86 96 5 95 14 46 53 67 34 65 79 66 100 87 69 48 32 72 70 22 91 87 75 15 23 63 86 49 56 52 31 95 15 48 60 13 11 68 80 7 100 50 69 72 64 51 49 20 18 21 26 92 27 59 82 14 74 36 24 62 36 67 86 91 70 38 65 60 22 44 22 53 54 17 62 68 29 82 17 94 42 14 8 49 83 45 13 63 95 7 100 96 13 13 17 85 62 29 19 27 49 87 82 90 88 3 33 7 63 82 59 
22 31 59 4 88 36 39 47 54 90 23 34 52 43 99 65 82 26 83 1 24 90 51 96 40 76 90 35 67 100 78 53 2 91 99 15 81 68 100 94 67 90 65 33 36 51 4 62 61 6 75 50 64 47 43 78 49 24 47 32 21 89 94 35 69 67 13 48 37 70 29 23 55 66 19 14 44 10 49 14 53 67 16 49 68 69 41 35 27 62 40 42 78 78 34 37 33 39 91 87 36 85 8 54 53 24 34 4 63 67 100 77 38 91 73 11 39 28 32 1 80 41 32 7 57 26 91 39 19 17 12 72 59 18 54 32 60 26 87 4 100 54 56 71 5 7 38 50 73 46 15 8 96 22 2 15 58 15 19 52 51 16 38 80 94 66 58 33 90 27 95 86 85 46 60 
67 64 71 73 7 87 46 60 86 57 5 23 67 8 49 16 80 70 10 2 22 63 7 91 81 96 14 61 24 64 13 9 8 30 10 32 49 35 52 61 70 2 79 27 46 10 11 23 66 61 6 62 100 4 47 91 1 50 35 61 11 59 12 29 79 77 85 4 47 31 70 42 31 25 24 24 55 6 62 100 8 52 94 97 45 71 100 83 68 25 62 56 77 72 48 18 72 88 14 100 38 57 11 92 17 31 74 40 9 44 54 5 81 37 96 71 31 52 42 64 72 60 54 68 61 18 58 44 27 40 19 85 39 48 13 72 2 96 82 47 71 78 19 72 62 23 81 94 12 2 21 88 35 72 5 82 36 71 77 10 75 26 64 65 82 74 8 1 83 5 22 56 36 22 11 
55 70 93 79 54 62 22 57 53 57 64 46 48 27 70 63 14 19 55 63 18 69 59 32 6 52 58 74 98 87 27 37 59 28 47 6 22 51 12 33 1 55 1 46 81 54 76 78 65 15 89 61 22 54 10 26 57 51 9 23 15 100 6 88 11 21 76 71 84 42 48 87 67 93 40 91 91 97 37 19 14 62 49 31 49 2 69 76 28 23 41 66 19 70 36 3 33 11 36 97 19 7 6 35 55 93 38 45 75 62 58 96 41 90 95 77 99 45 9 37 54 37 33 57 98 24 88 76 80 48 12 46 42 99 79 59 24 95 36 62 94 84 67 89 36 58 61 11 62 47 86 89 9 59 63 91 1 66 83 66 53 43 19 44 89 90 99 53 41 89 45 2 52 19 67 
3
55 84 6 
10
107 131 92 65 79 27 17 108 71 24 
16
121 98 53 105 164 66 162 61 22 155 156 158 41 124 136 153 
11
107 10 47 87 60 4 126 35 48 100 46 
15
42 147 99 170 100 95 84 74 63 123 93 73 163 3 121 
18
67 121 52 174 7 110 130 153 83 82 162 119 128 70 85 72 50 173 
8
87 122 164 96 44 83 7 19 
19
22 149 90 37 147 118 19 117 152 41 138 143 27 21 77 18 84 35 38 
7
162 108 13 147 141 41 18 
16
36 108 62 170 75 54 42 171 124 31 81 86 143 154 84 155 
20
124 103 44 38 162 55 144 16 8 164 155 134 29 159 115 146 59 118 127 109 
2
98 164 
18
16 122 60 45 5 75 76 161 46 40 52 38 172 95 4 14 134 142 
17
43 83 66 8 16 130 98 155 77 96 133 48 63 103 9 22 4 
5
123 125 161 108 8 
18
88 33 123 116 82 174 134 26 139 18 83 101 11 31 94 103 119 159 
7
89 90 151 47 33 39 63 
14
100 155 141 17 104 39 57 160 82 125 67 65 61 165 
13
147 103 99 66 18 20 91 76 149 141 143 152 65 
2
145 27 
6
72 153 61 154 35 42 
4
39 2 13 33 
8
95 56 114 161 115 149 90 94 
4
116 76 168 139 
14
9 163 11 149 152 134 37 138 99 153 85 68 49 122 
10
30 164 73 109 127 10 104 141 6 81 
4
9 152 38 58 
12
1 19 27 160 78 17 112 104 30 2 68 63 
5
102 137 26 173 23 
12
164 4 120 168 80 60 142 114 48 52 71 117 
6
42 159 60 147 20 89 
4
65 75 113 53 
13
136 14 11 27 124 115 142 84 119 73 45 153 167 
7
79 47 33 161 121 19 129 
15
163 74 160 88 75 161 147 67 125 11 3 77 36 171 156 

