150 30 
5
77 40 52 99 26 57 72 70 38 32 46 85 64 6 79 76 23 30 24 64 63 72 13 83 7 73 58 55 26 13 24 33 66 65 62 19 2 42 26 19 20 91 65 95 43 71 83 10 51 51 63 51 94 96 15 23 74 48 88 61 36 100 36 18 90 82 91 97 23 32 88 88 52 53 11 43 55 90 93 26 60 88 34 31 66 17 35 91 22 23 56 68 16 90 51 51 100 35 70 91 20 26 85 37 18 79 16 12 24 19 16 72 44 91 32 76 63 21 73 37 82 49 62 81 95 48 25 54 53 21 87 97 72 52 100 71 55 8 19 61 69 22 68 79 50 14 40 50 58 52 
68 49 44 85 63 53 93 40 8 32 17 15 85 55 13 70 33 83 8 36 72 13 28 63 2 35 14 100 97 17 100 84 6 17 71 70 77 32 92 25 22 16 49 80 71 53 69 83 73 93 39 40 2 68 31 89 16 34 29 18 21 83 74 21 15 24 54 52 73 90 87 14 6 59 18 27 61 71 77 88 6 58 61 39 23 23 69 46 96 89 95 72 71 46 24 81 99 49 72 36 62 32 82 20 56 43 59 52 98 87 42 26 13 33 10 32 42 80 94 3 32 45 11 70 78 51 85 27 90 69 61 76 74 8 2 71 14 80 20 52 63 16 96 3 47 76 64 60 85 58 
66 86 24 69 45 12 74 85 14 62 97 42 2 14 8 37 62 64 100 87 67 72 97 21 56 53 40 62 84 83 4 43 5 60 76 88 44 81 10 17 81 70 21 23 6 89 26 86 77 12 15 54 30 31 16 87 77 81 88 44 67 19 21 84 46 39 82 87 20 59 26 81 84 26 12 28 52 75 49 59 65 54 71 41 47 48 65 53 68 80 71 33 43 23 69 20 61 73 69 90 54 19 51 31 73 26 15 66 28 60 33 19 52 67 37 62 63 90 29 27 75 50 91 79 25 52 86 63 77 64 55 88 31 66 18 11 70 78 74 59 33 1 14 20 65 23 54 74 96 73 
25 75 41 78 1 60 43 32 29 81 10 94 97 50 81 76 34 73 9 12 95 99 39 73 25 61 64 4 83 28 77 58 67 14 10 5 53 3 91 20 41 18 96 88 41 34 41 41 71 34 3 87 85 55 95 98 50 16 53 45 61 90 95 20 18 56 6 33 26 21 43 42 32 23 85 61 62 89 99 74 9 64 3 7 88 86 48 96 17 24 72 66 77 11 97 31 2 78 39 33 59 43 25 90 28 80 6 76 88 83 10 34 66 41 18 21 19 56 88 14 80 99 43 35 36 13 10 15 5 97 74 1 13 2 84 6 1 96 76 38 16 35 81 17 60 26 67 9 76 72 
84 100 21 74 45 20 24 58 72 78 42 17 68 12 77 25 79 93 72 33 95 60 23 86 45 62 5 30 44 9 78 42 47 82 99 49 80 98 47 5 19 4 71 70 70 25 2 10 18 66 28 27 82 38 80 34 22 22 3 44 41 99 43 20 91 13 98 18 38 64 72 30 28 8 71 4 6 47 96 93 4 59 16 61 81 71 48 2 1 57 85 40 72 78 79 32 54 57 90 91 97 87 15 20 8 69 26 46 5 77 37 8 24 80 97 69 42 48 65 1 61 100 70 24 82 45 20 61 14 57 66 37 20 43 17 97 38 9 98 17 59 22 2 37 2 38 63 12 92 87 
4
132 101 86 122 
5
96 72 52 109 123 
5
45 13 143 28 125 
18
66 64 146 7 61 92 71 50 24 67 99 51 78 59 132 57 125 20 
7
78 7 26 61 91 76 126 
8
73 124 68 26 123 69 50 132 
15
97 87 83 30 85 29 124 62 51 81 24 47 56 131 55 
18
102 121 20 37 149 138 101 42 15 36 139 131 146 113 148 43 7 13 
19
40 102 87 86 125 36 141 103 82 14 15 10 106 62 21 54 33 27 128 
18
83 68 100 17 90 135 144 37 116 80 146 13 96 87 25 8 118 113 
12
91 63 120 62 148 41 141 34 137 83 65 133 
4
21 85 114 82 
14
102 108 135 24 2 93 134 100 142 53 138 62 30 41 
14
141 81 28 82 87 56 100 148 57 108 140 134 2 38 
14
83 18 54 129 30 44 134 68 3 29 128 22 32 65 
19
107 11 103 117 32 139 148 132 150 65 49 131 119 4 111 71 84 61 125 
8
125 145 12 18 13 128 20 54 
17
134 62 26 80 44 11 123 9 98 13 42 72 58 35 3 48 27 
9
5 73 119 147 64 71 33 54 116 
5
3 113 60 4 38 
16
133 17 22 112 8 117 128 11 120 69 141 1 20 60 33 2 
16
32 4 47 133 44 45 7 141 102 23 65 10 36 128 149 55 
14
20 127 33 123 3 62 130 131 65 115 117 55 82 79 
8
23 102 22 82 142 52 129 24 
18
43 143 49 125 21 88 19 103 84 66 33 131 134 149 135 92 144 110 
11
134 30 53 93 41 35 4 50 144 58 7 
8
79 59 13 72 100 46 70 17 
3
29 88 107 
17
108 109 136 106 1 61 120 32 98 130 124 2 71 6 58 95 25 
14
135 96 119 95 92 23 137 12 19 76 109 63 80 81 

