100 20 
5
3 81 94 30 84 77 22 10 76 47 80 84 47 73 84 85 83 61 29 7 1 78 55 16 47 51 1 52 42 53 64 18 78 7 93 44 49 10 36 32 63 19 76 95 46 68 59 91 77 69 20 64 5 72 99 38 44 98 52 14 28 15 82 84 14 75 41 81 21 14 8 86 47 78 74 87 52 51 67 12 42 47 46 55 12 80 32 59 2 44 8 85 10 40 79 50 2 79 40 83 
28 19 18 37 63 71 51 44 29 46 79 85 74 21 47 9 25 5 17 53 54 48 32 82 92 86 74 81 60 67 28 38 46 97 70 68 13 89 41 24 91 76 87 7 66 62 28 32 8 49 72 12 35 58 44 94 71 28 14 3 32 10 72 31 62 26 99 23 38 71 40 73 87 33 42 23 84 60 11 95 7 33 92 68 41 58 1 15 87 5 97 86 77 94 58 7 19 96 24 18 
62 43 82 11 41 54 37 93 68 35 71 24 29 2 6 60 65 13 71 99 100 56 66 92 2 59 9 36 52 55 13 9 91 1 9 26 54 41 56 92 44 26 25 82 10 35 35 68 89 42 46 93 68 79 29 70 10 49 60 36 59 48 24 61 64 67 91 48 91 59 85 41 84 50 83 65 38 31 11 49 60 2 20 69 24 2 30 79 88 66 63 10 21 58 16 31 42 93 48 26 
84 12 81 45 22 90 59 6 4 9 47 74 63 22 75 51 60 33 37 40 77 58 26 76 25 97 66 78 24 24 9 97 4 47 83 30 60 44 3 68 20 52 25 42 57 26 69 76 83 81 3 24 30 98 41 17 7 20 15 35 91 12 23 57 92 40 66 12 16 33 13 24 1 18 4 40 97 45 65 47 72 93 41 64 93 12 80 29 46 59 15 92 83 55 85 87 37 58 2 14 
46 22 62 93 35 14 16 49 63 18 6 27 73 81 52 47 81 20 27 27 44 26 95 42 90 15 77 42 31 95 80 98 82 95 19 91 44 81 46 77 93 94 11 86 93 13 98 41 29 56 62 95 37 24 4 8 72 93 1 77 35 80 80 88 32 23 12 47 85 62 26 34 35 9 76 95 15 86 36 21 42 77 50 15 51 33 42 53 88 13 22 22 51 77 61 59 60 8 33 97 
20
98 16 57 90 86 94 96 88 69 30 50 12 6 80 93 44 77 8 68 29 
5
32 49 89 81 78 
8
24 77 72 84 40 63 17 44 
6
65 41 15 26 23 24 
13
59 8 5 64 52 15 51 24 7 22 66 56 48 
13
54 64 44 21 43 55 58 9 24 74 25 30 87 
10
99 96 93 66 13 86 67 69 22 64 
9
35 41 7 62 86 71 47 23 66 
13
98 27 16 20 73 94 87 69 14 96 3 5 62 
7
14 97 42 28 80 29 50 
3
3 56 38 
4
38 3 33 14 
10
72 90 43 46 80 29 86 100 92 5 
6
43 40 42 9 14 93 
11
21 57 58 9 33 80 72 34 94 6 73 
19
51 80 31 12 92 71 10 49 35 52 28 15 39 32 40 60 77 20 3 
4
39 30 36 74 
9
36 54 80 32 20 40 13 49 44 
5
100 73 9 49 79 
19
7 58 64 72 28 9 55 47 34 81 11 82 15 53 19 30 29 1 85 

