175 35 
5
62 55 69 57 13 36 23 89 44 4 80 56 49 53 35 61 15 19 18 24 45 22 68 39 25 53 50 39 66 75 73 82 10 90 89 78 58 30 52 88 54 38 12 4 60 79 47 48 78 51 93 46 89 88 23 3 28 77 83 59 67 27 100 17 11 56 90 46 15 15 92 57 28 67 21 38 15 72 31 65 3 66 34 42 23 31 4 18 91 71 41 30 37 90 35 35 10 25 97 15 34 95 17 16 22 30 51 88 88 21 40 97 57 50 91 9 49 39 51 83 46 85 63 51 23 76 76 21 87 51 82 50 70 68 46 13 34 80 77 64 7 59 32 98 12 25 37 40 41 91 64 29 47 96 83 39 25 76 97 21 77 54 43 21 52 62 13 10 54 76 84 26 21 80 44 
76 46 87 68 84 70 86 2 97 58 9 12 87 41 69 46 98 25 37 58 23 45 83 26 21 3 47 49 5 75 92 72 12 84 97 15 53 8 5 100 73 28 47 20 10 76 54 72 88 47 23 73 72 37 47 42 38 84 31 90 64 29 29 39 13 99 89 54 3 2 67 54 96 51 66 29 22 20 14 61 96 69 57 87 63 54 12 65 15 18 81 17 23 7 66 20 78 74 36 67 3 27 57 33 44 10 5 56 14 28 63 99 49 20 16 56 44 68 74 84 16 57 64 24 59 85 12 75 26 6 50 41 9 94 34 39 32 80 27 62 77 48 73 2 73 20 91 76 92 14 92 94 85 79 43 76 78 22 48 48 40 57 100 61 37 45 34 59 69 39 93 79 74 72 7 
86 2 54 73 89 14 53 10 23 34 81 58 75 37 63 65 29 28 41 34 39 21 33 86 85 71 10 33 86 39 26 5 61 34 82 35 31 87 4 97 16 86 12 14 18 81 28 56 12 12 75 15 89 97 59 64 44 58 19 38 50 73 92 55 96 95 78 82 20 14 37 47 78 40 19 97 9 2 88 77 26 41 8 31 85 27 33 100 78 63 42 8 40 56 26 46 24 56 55 30 26 61 43 56 28 75 91 34 32 20 82 23 99 63 29 83 92 85 82 6 81 8 2 78 67 35 55 66 11 8 60 13 30 28 82 85 100 5 71 92 87 30 5 73 62 32 99 90 27 50 31 15 66 67 100 42 81 74 41 3 29 99 43 91 11 40 62 85 87 16 69 30 95 81 63 
90 71 99 2 93 31 47 66 22 33 24 11 38 48 89 24 13 35 38 12 31 43 11 7 30 89 5 90 45 71 91 14 6 73 68 51 42 62 8 72 81 30 64 41 95 54 61 89 89 96 25 78 62 66 11 50 35 28 57 64 54 12 92 6 97 65 62 59 55 98 74 44 43 75 29 70 60 72 18 74 96 67 93 78 94 62 54 34 37 56 7 32 36 57 63 92 38 11 27 12 62 53 19 56 28 72 39 60 41 41 4 38 24 40 18 32 21 93 87 70 13 1 48 22 37 93 70 16 23 25 58 64 78 73 62 22 15 81 54 46 40 97 56 25 23 96 57 50 12 51 35 50 30 58 52 63 63 38 33 79 2 18 59 12 49 11 44 76 33 55 74 49 78 47 6 
52 48 100 17 98 46 96 98 9 32 59 60 7 76 4 39 45 84 95 49 88 87 19 27 82 18 93 28 72 58 17 92 79 28 30 35 45 26 8 85 91 57 42 86 11 21 15 19 63 65 16 63 92 60 18 20 52 52 27 82 9 35 14 88 15 98 6 95 63 22 50 23 36 16 3 60 34 10 86 91 8 36 6 51 23 36 32 69 87 94 77 16 40 40 64 42 19 96 96 62 35 40 71 72 92 52 39 9 14 39 70 21 71 33 87 59 89 50 96 78 9 37 24 31 13 58 91 4 14 28 100 20 75 31 71 89 13 41 26 57 7 4 86 68 24 22 14 15 42 24 54 53 17 48 5 92 73 62 18 31 71 74 32 8 71 55 3 100 19 85 35 47 81 48 99 
4
164 125 78 139 
11
172 36 86 159 139 152 35 68 150 8 125 
7
69 34 126 37 23 65 54 
3
68 22 109 
15
25 125 113 147 172 151 5 74 26 12 116 90 59 164 79 
4
122 79 148 118 
14
73 128 19 130 52 5 53 51 49 146 113 21 6 96 
8
113 60 94 84 50 79 104 3 
2
148 50 
3
67 102 151 
11
109 27 13 175 29 166 90 38 94 12 32 
7
84 131 81 136 126 152 18 
12
4 93 73 24 115 100 15 30 83 134 39 66 
13
99 11 92 111 128 84 29 156 166 73 30 145 40 
15
110 169 125 154 139 59 136 37 168 120 165 53 44 83 8 
16
133 9 87 156 66 171 97 12 70 130 91 118 160 2 8 51 
9
143 140 35 55 162 104 89 106 66 
6
111 83 161 173 79 59 
8
7 60 82 81 117 29 1 86 
12
93 97 120 149 55 103 143 144 26 22 70 66 
12
3 72 25 53 61 38 104 21 108 68 29 14 
18
29 144 125 8 116 151 99 121 112 82 104 39 71 37 111 100 55 64 
8
108 130 149 144 21 90 140 156 
18
64 30 123 114 120 151 99 15 174 157 7 23 81 109 20 96 55 80 
19
81 21 128 114 141 33 94 27 65 37 88 18 125 100 144 15 111 71 47 
3
25 154 47 
8
87 51 103 98 46 2 170 147 
6
31 157 19 88 3 136 
17
118 149 166 140 59 112 98 95 4 62 150 67 155 16 52 23 100 
18
34 66 100 142 10 154 147 2 64 165 158 115 166 169 171 76 75 22 
15
156 38 4 76 72 103 105 2 29 97 56 113 107 86 126 
10
168 164 110 118 36 48 14 21 32 140 
20
51 174 138 93 160 147 102 121 117 26 110 46 12 103 150 42 152 54 92 145 
10
62 87 172 42 9 12 146 54 165 13 
7
137 98 133 153 2 15 129 

