100 20 
5
98 55 34 60 19 83 53 38 89 67 46 61 4 28 36 59 15 10 6 99 63 98 18 12 54 19 39 37 91 96 88 5 86 26 3 59 13 99 75 39 98 1 56 71 83 21 90 26 29 36 39 41 80 16 48 74 61 98 77 18 90 98 32 51 18 36 18 100 3 36 60 53 73 74 64 2 26 28 21 82 29 51 28 17 82 45 48 98 15 8 57 22 64 1 86 75 80 59 34 30 
76 51 31 19 76 19 25 58 61 44 16 14 36 30 19 78 3 16 39 69 64 47 2 2 73 41 26 89 61 56 11 37 75 68 63 68 72 32 47 17 61 22 81 84 86 34 18 16 91 86 14 95 96 26 14 6 23 42 84 53 48 77 68 16 54 10 96 56 90 27 39 89 41 98 16 55 96 36 100 75 37 10 66 79 96 99 57 68 21 30 85 38 25 2 96 49 26 92 82 79 
78 2 35 19 23 96 21 27 42 64 13 26 31 69 40 59 61 5 100 30 26 22 27 31 74 82 37 15 50 58 36 79 19 61 32 36 78 55 63 67 84 25 50 32 55 73 32 57 27 94 3 68 53 29 19 13 54 73 19 73 88 84 50 94 28 77 65 30 93 34 25 99 56 15 32 17 77 50 18 40 32 26 99 16 18 41 16 84 50 21 32 73 4 18 5 84 45 85 20 75 
49 55 92 69 10 42 6 58 12 14 69 72 78 25 53 48 43 66 37 39 97 36 79 73 30 61 76 44 79 90 35 70 92 45 62 71 93 33 12 40 95 88 52 76 86 99 94 11 19 46 89 26 26 2 64 49 72 33 32 66 5 11 44 53 15 98 89 80 53 89 69 58 7 94 73 99 6 19 54 49 97 29 15 59 54 54 36 89 12 88 4 17 82 15 17 93 57 21 69 44 
18 17 3 49 28 88 55 98 62 4 89 60 30 4 41 58 26 18 5 44 16 13 79 55 55 25 98 8 87 8 95 89 71 66 11 15 83 52 18 30 42 34 39 23 12 51 77 99 63 58 28 29 99 97 70 18 61 51 13 88 95 26 27 65 55 61 68 3 51 86 39 64 19 10 51 20 64 91 16 86 19 20 64 96 93 68 49 99 81 13 94 52 16 67 7 14 100 51 65 73 
17
29 68 10 34 43 12 98 18 77 99 44 3 35 88 54 56 84 
13
43 26 1 97 99 46 82 42 34 92 89 60 9 
13
81 56 4 65 72 82 89 9 17 90 12 52 8 
17
17 57 80 43 72 69 84 70 5 95 29 79 60 30 10 65 54 
9
50 98 22 12 93 64 92 49 40 
20
61 35 65 28 33 20 22 48 1 86 66 8 12 18 49 24 67 83 14 34 
10
44 31 48 71 24 41 33 73 42 36 
18
19 39 38 12 14 97 52 67 80 29 44 88 51 30 59 6 65 10 
9
12 97 87 81 54 75 83 10 53 
4
96 16 4 82 
5
69 5 93 22 32 
5
51 96 86 13 9 
14
41 67 91 82 6 51 94 3 93 30 20 48 36 69 
13
66 95 88 56 43 20 94 42 30 73 2 22 26 
20
22 58 91 50 33 74 49 14 21 10 15 92 29 77 64 16 27 42 3 32 
7
29 96 88 31 58 45 54 
7
39 41 30 78 43 4 74 
14
1 89 98 42 19 44 41 66 70 11 80 54 86 64 
19
80 91 84 72 66 21 82 55 96 12 36 46 9 19 1 63 81 86 39 
6
41 55 11 78 6 69 

