175 35 
5
40 80 73 54 2 3 11 61 49 84 40 95 76 7 78 8 60 38 82 10 89 9 25 19 55 65 95 52 18 66 55 89 21 49 1 80 23 55 84 90 8 20 34 90 34 20 41 22 11 93 38 83 73 86 30 71 11 54 72 35 23 58 56 28 50 14 98 52 9 11 73 51 67 87 61 67 69 87 70 28 62 83 23 38 37 11 79 47 83 65 72 36 21 55 59 96 54 92 78 26 99 88 55 71 60 15 30 93 93 60 7 4 35 8 54 71 34 83 80 74 61 35 25 30 57 18 52 40 78 73 41 36 99 30 13 45 42 63 82 25 2 32 62 78 64 92 27 75 45 14 27 29 93 44 27 29 94 79 94 34 7 47 62 31 71 77 82 65 71 16 2 33 8 14 23 
36 61 35 6 44 4 26 75 79 11 63 29 83 52 55 68 68 91 40 67 14 30 8 48 85 32 37 42 80 92 73 62 17 9 98 37 10 75 73 38 47 83 53 44 81 24 76 98 20 38 16 19 76 76 43 37 24 72 50 77 64 100 59 29 100 1 64 47 14 76 99 63 41 83 71 15 85 65 42 26 17 96 59 75 24 47 36 93 21 31 84 4 46 82 1 40 39 35 93 93 45 99 66 94 54 89 85 75 4 84 29 40 91 33 57 15 6 85 2 49 98 19 34 87 25 30 99 12 9 89 93 17 82 82 8 1 15 72 40 100 73 25 15 17 50 33 44 61 56 30 49 72 27 33 14 13 27 40 37 80 70 90 100 66 24 37 45 38 88 22 15 94 10 74 99 
55 26 91 40 35 17 81 46 19 71 92 61 12 100 65 39 15 13 66 34 94 19 34 83 1 41 47 62 94 60 60 53 93 89 75 16 29 90 31 78 100 31 47 10 79 75 95 78 11 21 52 100 55 27 44 60 21 14 13 2 78 85 70 37 41 87 19 57 17 49 38 38 94 6 85 1 1 80 29 95 87 50 100 64 51 30 58 25 37 3 64 60 19 27 100 65 51 46 53 59 21 7 2 81 84 15 44 84 8 100 80 49 9 54 62 72 25 10 22 9 1 9 87 21 62 31 91 43 8 59 41 98 72 60 84 94 57 87 68 36 85 26 72 25 100 6 81 93 90 18 44 59 51 81 58 73 65 90 36 4 82 22 9 83 58 5 97 57 32 12 38 87 26 86 44 
25 79 55 1 41 89 62 18 2 42 30 67 80 3 73 91 21 37 60 31 23 34 30 97 59 64 89 10 49 87 28 10 82 75 62 68 100 39 26 79 13 39 29 74 91 70 69 6 10 42 2 47 96 42 4 26 72 32 8 74 8 35 87 58 26 18 50 41 72 88 48 49 43 57 35 64 42 61 65 65 92 55 62 4 99 34 78 61 32 95 43 94 88 45 9 68 45 16 14 92 46 31 3 59 21 68 17 99 2 70 66 28 20 97 72 36 98 53 53 77 69 76 57 58 93 35 64 31 34 36 36 35 36 30 69 18 26 71 61 17 46 68 31 64 12 85 4 65 44 98 87 59 53 99 56 69 76 93 93 28 30 96 26 24 80 19 51 78 10 99 39 8 48 73 50 
78 100 44 91 5 46 64 71 71 14 96 64 11 100 38 65 82 34 29 91 71 83 20 36 65 80 73 23 21 80 3 5 5 50 25 48 15 87 74 14 15 6 30 42 58 85 70 46 31 60 16 40 99 20 10 97 45 74 60 82 42 80 79 69 41 22 85 2 96 67 46 95 49 42 86 16 9 42 22 47 24 93 79 17 69 32 94 76 72 49 83 61 79 84 60 47 77 47 24 54 73 56 77 65 98 10 55 53 43 59 83 68 84 10 52 38 8 28 97 17 1 53 89 79 99 52 61 56 9 43 86 9 59 88 18 53 63 49 51 31 87 10 93 50 31 22 31 2 67 87 39 5 4 78 27 86 71 34 5 35 61 51 14 7 84 53 61 87 52 100 94 21 24 12 88 
4
138 175 88 8 
17
134 167 162 173 9 133 26 34 39 90 142 29 149 40 61 125 1 
5
117 83 156 134 150 
18
154 165 97 155 70 25 7 59 122 67 132 117 22 36 62 44 90 54 
17
135 36 134 9 49 2 66 14 18 162 86 65 8 90 47 84 164 
20
49 43 148 156 149 174 59 78 48 153 172 35 117 66 41 175 74 173 125 46 
2
7 95 
16
145 20 50 111 28 133 40 171 167 128 59 63 10 53 137 170 
12
65 106 43 166 161 162 36 49 35 146 18 15 
3
106 137 12 
14
148 50 89 123 23 141 163 13 103 69 110 43 64 32 
15
170 97 54 98 93 150 47 157 77 139 96 63 100 103 90 
8
122 164 40 101 19 162 141 44 
15
53 100 42 136 86 23 83 174 33 161 15 120 155 115 46 
2
28 96 
13
109 70 17 65 146 144 98 158 123 80 21 49 164 
10
130 60 111 116 42 24 70 133 112 31 
16
95 140 55 137 121 161 45 28 117 126 52 151 158 51 43 127 
12
24 151 33 13 140 157 138 27 129 160 63 94 
2
67 79 
6
129 126 150 120 100 40 
17
87 135 56 166 59 141 158 8 163 51 41 118 144 64 159 161 55 
6
128 30 47 139 157 41 
2
144 117 
18
55 140 172 134 170 174 158 165 14 112 153 113 13 65 171 26 152 160 
17
25 138 115 5 80 93 107 159 34 40 31 41 3 151 172 101 70 
17
7 121 78 30 10 133 53 134 163 120 11 33 19 97 6 51 16 
17
149 94 54 61 138 12 156 140 85 17 4 111 106 18 168 34 126 
14
33 63 75 113 30 77 85 84 19 4 91 167 102 96 
8
163 123 166 45 3 81 100 29 
18
125 83 101 46 71 137 61 165 14 34 147 7 138 85 121 126 168 131 
9
151 162 123 53 26 80 30 131 174 
5
33 74 98 66 138 
4
42 28 18 129 
10
17 108 136 36 125 111 10 59 29 12 

