100 20 
5
97 93 100 50 28 62 65 64 33 71 66 35 27 4 42 15 72 51 70 47 16 42 44 10 82 84 78 28 29 95 2 15 20 80 10 11 32 88 3 47 56 27 9 7 63 72 15 37 21 81 38 91 61 41 87 50 61 27 51 29 21 24 16 100 5 92 2 50 79 70 18 19 52 43 72 1 66 16 72 62 96 19 67 56 35 7 52 10 82 75 14 76 1 10 14 24 88 48 93 77 
87 97 64 3 13 3 92 73 88 77 58 48 29 40 34 83 70 90 28 49 13 70 11 96 21 5 32 95 18 67 77 60 60 58 8 86 35 51 77 8 24 30 92 68 87 19 82 20 70 22 14 36 50 44 76 61 40 55 42 85 65 93 41 54 59 85 14 71 14 80 86 61 69 24 77 68 66 84 62 51 98 19 70 56 28 11 69 27 46 54 61 93 91 93 30 80 73 24 9 45 
90 31 49 13 32 57 1 69 22 78 46 83 95 29 88 60 34 93 11 10 8 33 77 44 82 11 6 37 55 70 8 98 92 11 18 6 86 88 85 73 55 66 43 7 98 66 65 99 2 47 40 64 98 91 42 80 35 45 17 33 63 98 16 80 99 32 68 80 90 7 64 23 28 49 34 46 22 40 99 72 4 24 62 87 39 18 94 84 41 48 2 50 46 44 99 11 56 19 38 32 
3 33 83 88 13 81 15 42 81 33 24 27 1 63 61 69 84 42 44 36 94 3 6 53 54 94 19 75 27 64 43 51 88 54 45 100 55 88 19 44 39 42 90 14 13 68 5 48 46 40 63 18 71 51 37 13 63 37 59 54 9 71 84 3 21 35 9 4 56 99 76 38 51 29 97 15 9 83 26 3 75 13 15 84 80 96 74 12 93 99 2 30 92 72 56 94 39 10 46 15 
49 20 20 84 54 33 3 85 84 33 11 68 17 70 47 100 71 23 59 89 45 99 99 81 11 5 22 28 40 70 47 59 16 65 100 80 57 96 87 80 12 10 100 23 61 93 6 13 27 88 91 12 16 78 9 78 91 21 100 92 97 98 20 17 97 72 66 78 60 78 50 30 80 4 62 77 83 75 100 86 56 29 85 47 29 36 34 47 58 82 9 52 79 34 72 29 79 6 66 74 
16
87 11 3 55 66 22 2 67 14 94 59 68 24 25 56 33 
3
50 26 34 
16
97 84 26 33 86 41 65 7 28 81 67 61 34 45 90 21 
4
12 43 26 93 
9
53 6 27 9 3 85 39 88 17 
10
68 13 80 71 51 100 98 59 25 43 
15
27 30 86 4 64 60 79 94 14 25 50 73 33 24 21 
13
59 43 33 24 75 27 83 12 96 11 8 94 77 
2
64 3 
18
30 62 26 23 4 83 73 87 2 75 27 31 12 97 70 60 33 92 
11
25 48 16 53 30 31 43 76 61 29 56 
13
78 64 32 89 18 65 85 4 92 75 12 88 50 
2
87 31 
5
92 15 80 74 67 
17
61 7 71 97 78 95 28 22 99 89 40 51 76 6 33 13 15 
19
65 8 85 80 64 42 1 68 97 21 98 5 74 30 100 55 16 95 45 
19
2 75 52 8 80 24 86 72 40 41 73 61 64 46 14 5 12 85 35 
7
58 61 77 70 89 59 1 
3
80 59 11 
9
51 6 5 45 39 66 27 67 26 

