175 35 
5
96 9 64 21 4 64 10 37 25 19 66 35 71 9 34 48 20 36 1 31 24 88 67 61 44 91 35 38 33 71 32 6 7 40 54 100 98 25 68 39 45 63 37 2 59 35 66 82 62 85 1 95 92 88 22 31 88 90 55 78 41 82 13 100 94 12 88 80 46 55 32 19 78 37 9 87 96 17 94 46 31 53 68 50 51 62 62 83 48 64 1 57 75 53 60 31 77 96 14 68 1 34 82 37 11 50 11 22 43 34 50 9 78 61 35 80 13 71 10 65 35 36 45 94 26 85 85 32 17 42 44 90 34 67 92 76 61 61 61 3 18 64 98 98 55 42 64 10 14 29 63 1 89 80 11 20 73 82 22 97 98 93 11 41 41 49 81 2 43 16 64 13 84 65 15 
56 57 72 2 85 81 36 88 10 75 69 39 18 36 33 79 58 9 79 66 92 14 51 23 93 75 62 78 35 58 83 96 84 26 24 51 12 43 83 24 32 70 14 82 47 39 25 82 8 66 28 17 96 22 27 86 28 93 23 32 90 40 42 95 85 46 86 64 88 92 100 94 33 91 33 50 99 78 75 20 50 14 24 51 25 46 24 41 71 90 26 24 85 33 75 61 29 13 51 33 22 80 83 7 94 31 58 73 33 78 64 95 78 34 70 37 6 96 27 8 25 9 47 78 9 28 47 37 7 54 77 72 34 93 93 58 51 23 57 30 8 1 34 13 30 1 62 14 70 51 6 72 29 84 25 3 84 45 73 78 72 90 51 76 57 97 97 94 3 3 48 96 12 79 55 
12 84 24 96 79 73 92 95 38 90 72 96 81 89 90 31 76 79 94 28 36 8 28 28 32 3 5 47 100 61 47 57 16 9 26 20 53 43 2 7 82 95 88 44 78 94 82 40 26 66 70 5 73 63 84 70 9 12 82 32 20 34 67 58 31 82 57 55 89 20 6 69 45 55 12 26 64 23 2 63 69 35 50 24 80 41 28 39 72 81 53 1 61 98 1 95 97 17 46 21 11 40 77 47 24 80 79 13 85 87 11 29 61 22 39 85 21 70 50 36 92 36 54 67 4 81 72 86 12 41 88 33 39 81 35 44 58 6 23 94 24 39 5 61 20 8 56 35 7 12 79 3 59 95 10 70 79 29 29 42 3 35 84 4 54 56 17 47 70 23 26 90 24 53 36 
15 44 14 77 34 21 32 43 50 60 35 21 98 19 79 28 81 7 4 29 90 70 4 52 57 80 53 31 9 46 45 27 11 61 74 68 76 7 15 86 73 3 81 69 46 23 78 2 81 10 98 18 18 71 17 48 60 20 74 48 20 7 42 94 85 14 74 43 69 16 2 69 89 62 40 46 54 41 70 84 7 27 28 32 29 4 67 13 28 45 43 48 41 8 84 83 77 43 74 69 14 74 60 26 26 52 100 70 4 92 43 89 28 34 35 60 22 12 75 47 20 4 83 62 77 7 91 71 8 69 90 69 80 7 7 91 56 99 5 70 96 65 51 77 91 31 37 12 29 88 25 45 57 78 15 14 81 49 11 100 72 61 14 19 51 74 4 97 5 60 74 22 73 78 8 
86 56 57 3 3 23 80 15 15 78 32 21 75 74 12 89 50 90 86 56 24 20 20 16 81 56 95 71 20 49 67 24 7 65 69 38 57 34 58 35 90 74 47 44 41 81 27 78 97 77 22 96 61 54 50 21 2 46 16 42 100 49 31 85 89 26 6 76 60 64 29 48 28 6 4 84 78 58 31 26 46 17 91 63 55 94 36 47 10 19 75 78 47 42 4 45 14 16 55 92 54 51 94 65 19 34 45 32 97 60 5 21 51 78 96 95 56 32 95 76 22 100 45 100 74 98 16 98 16 17 24 34 62 82 64 22 96 3 78 54 67 41 21 22 54 89 50 49 91 31 83 71 59 27 100 15 71 62 98 55 35 58 10 76 2 77 97 30 2 93 27 25 71 2 66 
16
141 74 101 105 102 124 2 159 14 136 32 60 28 143 31 99 
12
84 121 70 18 20 68 158 49 99 168 151 105 
2
24 136 
17
152 87 136 60 16 85 138 153 77 161 99 10 135 79 38 134 12 
14
2 97 167 23 110 17 132 111 157 78 21 63 14 114 
17
77 161 174 95 165 148 131 114 120 158 23 32 154 80 53 164 175 
14
9 51 145 54 26 164 77 152 36 28 13 100 58 111 
12
6 145 78 59 28 161 13 103 135 110 126 132 
8
8 125 66 52 119 144 99 34 
18
171 135 106 84 1 110 114 120 48 152 101 174 140 31 86 130 38 9 
5
14 36 39 51 150 
17
22 120 1 73 122 33 95 13 130 126 80 116 163 134 3 124 70 
9
88 93 136 89 48 103 132 50 55 
16
56 63 125 134 7 155 129 34 60 23 76 31 81 20 80 151 
5
149 79 103 41 175 
7
55 71 137 88 136 94 44 
9
67 26 75 32 157 7 33 121 168 
18
28 114 77 53 51 149 69 4 158 42 154 91 155 164 103 65 137 56 
8
74 82 128 141 8 122 94 148 
18
103 72 135 156 8 98 6 32 61 146 24 10 39 141 147 74 93 157 
3
51 139 138 
13
92 116 114 102 171 60 137 169 152 87 98 150 39 
11
9 134 128 160 25 150 88 83 115 78 51 
17
25 168 33 139 104 137 50 167 51 123 35 106 8 56 148 161 68 
12
8 7 79 152 170 80 46 39 129 25 5 173 
11
145 95 80 4 37 109 107 49 134 133 38 
15
108 95 114 92 135 49 52 40 156 101 87 62 74 45 173 
20
127 109 103 161 120 92 76 42 8 139 45 2 153 175 168 16 128 162 87 160 
16
55 173 33 87 141 139 97 111 120 129 112 154 67 140 169 42 
7
5 38 148 136 96 84 126 
15
1 160 145 14 10 122 121 55 85 31 143 38 123 8 170 
13
98 115 33 154 57 54 34 138 157 139 7 14 73 
19
43 130 150 88 133 137 129 71 23 97 151 66 32 22 107 31 24 106 41 
3
50 127 62 
13
56 34 135 111 13 54 76 149 40 48 147 70 28 

