150 30 
5
1 25 20 86 68 57 21 58 64 66 80 52 6 69 10 52 73 42 90 83 72 22 37 60 77 39 30 39 25 80 3 4 11 38 96 46 53 27 37 74 57 95 26 35 48 66 65 61 33 47 3 24 58 36 5 41 59 65 53 65 54 13 10 19 19 49 42 36 75 18 82 97 26 82 74 36 7 77 6 90 79 29 75 10 59 34 73 47 23 98 34 83 72 11 55 92 58 89 83 11 48 61 65 96 18 82 42 48 73 67 30 99 77 6 44 69 70 25 99 22 41 98 79 94 72 92 52 21 99 33 58 71 30 84 51 62 13 30 53 77 73 52 64 92 39 100 40 65 26 87 
82 91 77 77 87 43 47 8 61 78 95 80 77 3 68 8 94 55 58 22 65 46 48 68 28 2 51 75 23 93 6 39 71 32 37 92 84 86 9 38 81 8 8 3 10 89 54 29 36 19 37 71 77 1 43 97 76 9 70 46 19 70 100 89 39 55 73 84 78 62 32 31 84 12 25 35 69 45 100 60 99 83 64 85 76 84 81 84 93 47 39 29 18 51 3 10 67 85 39 37 75 49 10 5 14 100 78 51 55 66 74 66 72 1 72 59 100 24 63 32 69 17 29 72 80 26 53 45 64 58 92 21 9 21 7 65 24 67 75 39 95 39 99 74 12 82 54 45 1 60 
30 9 2 35 85 90 86 85 57 30 47 42 63 45 69 2 11 98 11 37 76 53 62 33 90 52 98 53 75 90 4 51 6 32 49 80 37 28 75 3 68 47 69 7 54 45 17 18 12 58 77 29 51 79 85 1 29 1 48 64 87 21 69 93 69 1 66 44 66 24 49 10 14 45 7 76 7 11 21 48 29 93 85 22 68 52 26 32 25 61 90 99 99 80 8 55 83 57 26 59 45 46 59 48 2 45 52 72 11 6 67 94 62 29 71 5 23 5 91 96 24 84 33 50 20 82 9 5 82 57 67 92 95 20 25 56 65 66 33 71 2 45 49 22 5 36 29 65 65 55 
2 20 87 56 59 90 92 71 72 21 36 20 28 93 18 1 70 6 59 59 36 11 82 73 8 98 64 39 4 81 54 59 48 53 28 43 80 35 60 8 71 75 21 40 25 50 35 4 79 98 23 29 12 50 87 97 82 17 21 74 87 81 13 65 28 73 62 3 44 75 7 61 9 67 24 92 78 16 53 67 32 1 2 40 38 3 54 1 72 91 43 49 41 44 62 10 75 16 36 76 83 21 46 33 3 19 59 13 100 39 29 55 83 85 100 86 74 99 59 75 28 9 69 55 12 67 29 91 91 49 10 16 29 94 19 44 60 8 95 21 65 37 80 34 3 92 51 35 83 29 
65 100 14 67 68 98 54 64 37 46 47 20 57 7 38 33 73 18 9 89 35 83 77 39 46 18 57 8 10 91 65 58 3 4 91 91 44 47 60 88 51 52 64 40 80 34 36 32 80 48 24 5 58 14 43 74 49 3 42 42 11 67 1 7 36 79 21 6 5 50 52 22 36 79 28 82 69 59 2 13 51 77 91 46 34 59 80 17 3 5 18 35 24 94 64 93 25 53 85 92 87 53 79 24 10 46 85 25 80 8 95 26 1 31 11 64 67 19 9 36 99 57 23 42 43 6 17 43 88 65 97 74 2 90 75 1 78 34 96 40 26 21 2 44 3 42 54 47 27 40 
19
116 35 99 24 58 28 132 79 119 60 62 31 67 150 32 44 70 127 121 
16
124 70 24 46 59 48 50 19 45 97 123 40 15 16 66 23 
13
59 15 39 45 149 11 97 72 84 92 47 55 140 
19
98 100 97 15 96 55 77 88 130 81 104 70 132 16 102 68 59 4 49 
6
64 77 102 89 78 65 
20
29 79 110 116 28 1 86 4 58 56 42 115 75 53 103 147 52 66 24 94 
11
13 146 46 38 128 49 94 58 143 80 45 
7
120 54 110 1 10 88 82 
8
6 132 86 19 5 106 55 120 
8
47 86 31 66 133 137 105 135 
11
134 38 106 143 107 60 85 8 98 22 71 
19
60 23 141 29 131 104 62 64 16 117 125 54 17 116 37 115 73 68 132 
16
118 35 36 80 31 30 130 85 19 61 112 48 24 139 109 59 
8
127 32 144 34 109 106 77 142 
18
118 124 142 136 13 104 29 129 59 44 16 24 130 15 77 23 21 51 
18
109 112 28 51 124 5 91 123 104 145 107 105 126 73 11 118 13 45 
19
136 80 47 63 38 84 12 72 61 28 106 148 6 59 145 105 1 128 120 
18
56 74 8 112 46 137 130 148 29 60 43 120 68 150 54 57 107 36 
19
15 62 44 41 115 129 74 116 126 56 19 4 31 51 46 66 49 125 65 
18
115 118 18 66 141 48 21 98 75 22 52 41 97 143 111 100 137 63 
5
94 55 75 137 17 
3
33 20 41 
6
31 92 74 1 140 32 
20
75 27 77 79 61 30 135 40 12 23 38 68 54 3 116 106 112 36 115 69 
19
137 122 93 36 119 55 32 109 94 65 95 22 48 96 135 126 112 129 144 
4
40 116 33 22 
8
109 84 7 75 59 120 67 44 
4
120 72 88 86 
15
96 19 148 125 140 94 2 65 114 128 34 50 85 32 74 
10
127 113 17 130 75 35 44 69 83 140 

