150 30 
5
69 15 40 76 39 42 8 6 89 19 27 49 47 68 42 64 82 54 17 55 96 73 95 23 13 7 73 32 40 45 72 8 2 12 34 6 73 100 94 8 17 24 72 56 100 52 34 22 44 20 75 41 94 17 23 68 73 7 27 20 19 64 15 3 26 95 7 88 47 74 8 84 47 54 29 65 94 33 7 18 70 74 9 44 2 33 9 95 5 74 11 62 33 19 32 88 11 43 33 14 24 23 43 34 77 57 56 73 57 2 54 84 38 4 38 88 40 41 35 68 82 92 29 37 18 81 44 57 19 69 9 32 64 61 65 35 97 76 90 72 52 77 78 86 48 7 8 43 100 50 
63 9 7 8 8 11 44 51 6 51 83 26 83 21 31 41 8 97 54 41 33 100 37 1 4 63 33 23 13 100 100 55 4 37 22 14 72 80 28 23 89 9 82 54 11 5 28 59 61 29 4 27 40 88 51 6 77 97 94 68 3 10 30 37 37 81 30 27 7 15 92 49 16 87 25 29 30 27 9 73 68 4 33 87 95 59 16 68 33 24 42 85 47 6 76 18 17 45 70 37 18 41 57 9 16 46 66 72 41 13 88 22 19 70 71 94 39 85 11 65 12 98 49 49 1 61 72 24 40 26 26 19 60 42 19 82 95 42 6 62 54 45 67 81 44 41 73 72 15 95 
89 38 59 53 20 76 47 43 64 11 46 11 39 28 18 29 13 65 86 27 99 13 72 35 82 68 58 79 17 8 47 17 81 61 87 93 75 15 89 53 13 53 77 33 97 91 50 33 42 28 10 32 70 11 47 37 93 93 99 73 28 99 5 75 30 26 42 59 87 25 44 97 57 69 78 85 52 33 32 51 72 83 3 75 81 56 55 17 97 10 50 59 31 93 11 86 58 89 97 19 7 69 91 48 11 35 13 31 82 21 98 55 50 74 71 56 85 49 59 25 20 68 39 27 53 76 67 56 42 34 57 70 78 43 44 51 70 100 10 14 8 34 40 42 58 62 66 9 61 26 
13 69 6 52 100 5 22 47 91 85 61 7 45 94 91 38 96 15 61 99 52 59 86 10 4 4 7 15 28 4 52 90 2 76 83 51 36 26 91 16 76 72 85 94 78 55 18 83 47 18 83 57 90 6 25 17 67 39 37 81 84 96 100 6 50 40 62 3 31 49 34 69 91 35 81 54 7 7 30 15 91 15 57 28 4 42 19 40 36 20 85 51 89 26 29 2 38 27 68 8 13 45 46 15 91 71 66 7 55 80 42 85 83 23 61 26 49 36 70 4 50 98 99 58 9 78 33 67 68 5 51 23 21 49 70 82 89 58 73 73 59 97 36 98 94 48 82 6 76 82 
21 59 60 84 39 10 95 33 5 51 46 22 73 35 59 47 70 25 61 24 99 63 20 75 78 89 75 91 40 14 47 90 57 25 44 79 2 9 25 3 81 48 20 49 80 90 2 68 47 38 53 62 15 45 49 66 34 78 22 59 17 28 70 26 49 67 37 22 38 31 86 14 61 27 7 3 69 93 64 38 32 29 28 99 42 16 25 3 3 52 13 23 43 60 2 81 95 25 4 3 38 47 41 10 94 22 4 23 40 89 52 89 95 67 59 17 46 57 16 84 16 9 40 79 61 36 23 71 66 32 67 43 81 49 11 89 46 80 1 70 33 49 75 1 88 11 4 92 4 39 
7
32 1 43 136 141 73 10 
8
81 148 49 128 120 142 85 72 
2
39 44 
14
132 6 10 21 24 92 86 25 14 30 102 28 78 31 
12
136 86 47 88 28 97 4 128 17 120 1 104 
18
111 75 25 35 148 112 132 71 138 68 34 80 72 32 70 52 141 30 
20
141 136 31 33 148 91 84 146 135 67 17 111 117 20 34 15 100 115 49 105 
8
49 101 65 150 147 17 3 144 
10
134 49 104 93 45 62 135 81 72 76 
11
135 97 82 26 129 115 33 23 136 119 66 
14
55 40 59 106 123 138 1 5 107 58 108 137 90 135 
14
73 130 34 36 96 53 141 87 50 7 90 18 116 26 
7
8 125 42 7 106 114 52 
20
10 97 13 95 34 37 109 69 122 5 9 26 31 94 41 108 90 113 98 86 
20
63 20 113 107 148 124 59 47 9 79 23 62 145 66 69 65 4 96 94 45 
13
26 148 112 21 101 20 72 102 53 109 94 114 47 
8
62 111 25 80 5 96 14 79 
2
36 43 
18
110 71 106 55 109 30 136 36 28 66 17 58 96 48 43 122 37 118 
16
86 93 87 43 20 92 19 58 62 12 121 25 27 107 104 88 
2
7 144 
2
49 91 
17
22 24 2 109 53 119 10 35 108 105 19 33 93 100 136 20 137 
12
106 44 8 132 91 61 146 78 4 73 98 131 
8
85 50 109 14 58 92 121 21 
20
56 141 148 123 107 87 58 32 17 95 90 113 86 109 40 104 45 132 77 29 
5
22 10 36 7 129 
15
58 101 137 97 93 74 55 94 26 133 19 8 77 98 100 
12
8 46 83 64 132 40 52 15 56 30 82 114 
14
74 87 19 63 146 5 139 23 115 7 35 61 83 129 

