100 20 
5
78 92 62 6 8 13 41 2 9 36 70 26 69 49 85 40 91 60 58 50 95 32 57 9 38 53 66 38 72 78 97 96 1 74 25 59 10 87 28 40 79 47 90 71 82 99 32 7 31 82 42 50 86 87 39 5 66 63 41 54 52 58 36 19 84 11 6 60 86 45 85 77 11 48 91 4 74 55 35 8 31 97 9 78 7 45 40 38 17 88 59 29 7 96 63 72 18 31 47 65 
85 56 35 94 71 13 87 77 62 52 94 100 75 78 78 30 41 10 59 6 59 51 44 59 48 26 7 46 52 31 57 83 82 46 75 98 42 38 33 89 5 48 61 55 7 13 39 12 34 7 40 11 44 17 52 49 78 54 13 40 20 26 20 17 92 89 26 91 63 2 91 23 2 69 73 4 90 63 96 51 72 25 53 70 21 25 43 4 92 63 2 26 100 47 32 50 65 61 26 48 
67 8 67 84 67 96 19 16 70 92 50 23 77 92 64 3 68 53 8 26 43 94 26 86 62 42 11 33 41 9 37 74 2 49 79 98 92 16 42 34 7 77 24 71 51 42 25 91 80 39 49 94 70 6 95 8 57 89 3 49 95 8 39 4 50 88 57 2 13 83 36 37 68 55 37 78 20 100 6 29 34 19 24 73 30 70 32 45 69 23 25 90 17 82 22 4 91 85 74 1 
94 24 47 97 81 24 94 72 32 41 44 11 4 97 96 96 49 56 39 91 43 78 5 91 44 23 95 90 75 69 2 66 71 90 91 80 37 4 61 21 42 67 11 84 35 15 18 32 50 62 77 74 36 54 98 80 54 50 66 74 7 69 47 86 73 30 94 75 2 20 53 96 87 74 29 35 79 20 44 30 69 61 39 93 73 48 55 8 17 82 78 11 89 96 19 44 18 7 51 21 
47 1 65 40 91 42 69 87 36 3 24 56 22 82 58 98 5 29 25 66 27 100 48 30 88 89 93 45 77 78 67 47 50 49 3 91 56 18 61 81 6 80 71 34 77 69 52 41 39 79 7 95 7 77 75 72 94 60 33 72 81 70 34 79 31 86 63 92 75 11 68 28 25 72 80 72 62 69 51 47 6 66 84 94 66 91 38 77 23 81 70 38 9 44 82 18 19 92 57 23 
13
96 91 34 14 42 98 79 48 8 60 99 38 93 
11
71 79 95 65 46 29 86 5 18 81 24 
11
74 54 69 53 50 96 86 78 98 95 71 
4
68 33 66 30 
5
66 51 49 23 42 
8
88 82 50 81 5 95 62 40 
9
22 52 95 31 74 97 59 24 13 
20
31 46 44 87 14 39 27 84 37 49 42 92 71 89 80 76 35 83 100 60 
10
29 86 73 78 75 96 98 19 56 74 
11
87 69 57 66 76 100 67 32 78 56 60 
7
1 91 25 68 69 98 57 
14
33 40 34 28 25 10 5 45 69 84 16 11 32 66 
12
85 76 99 94 32 43 62 9 96 10 11 48 
2
91 87 
12
48 8 20 92 74 18 89 17 86 78 69 67 
11
33 27 54 95 96 51 45 14 26 18 89 
6
90 33 1 100 17 51 
5
51 52 88 6 59 
6
36 16 52 42 79 81 
13
88 64 40 94 4 7 33 27 69 37 58 78 31 

