150 30 
5
46 91 69 38 62 25 92 51 14 60 18 20 21 52 16 43 21 78 75 16 70 56 18 100 69 54 80 28 54 8 21 44 76 97 30 93 18 31 53 55 71 25 39 61 41 56 97 32 42 80 38 69 31 57 58 42 15 41 88 35 93 36 20 86 67 55 89 84 65 88 45 51 8 58 24 98 41 78 35 29 89 40 45 96 27 4 34 28 41 16 96 26 77 63 61 94 91 2 7 56 69 93 27 96 10 98 79 26 23 43 11 14 19 86 52 77 58 20 96 31 65 89 11 45 15 47 28 100 96 61 58 47 42 76 55 75 26 66 35 74 48 47 31 38 68 92 9 19 67 19 
32 89 35 24 28 72 21 87 71 1 11 80 58 64 20 13 73 57 4 18 58 13 11 1 24 89 81 83 39 67 53 22 14 43 33 34 59 17 68 29 59 24 98 64 24 68 44 63 94 29 12 86 53 74 53 75 76 69 22 92 99 81 80 83 59 86 72 88 97 59 80 35 53 48 83 60 59 75 66 75 94 24 13 96 58 35 88 59 91 85 41 16 33 5 93 59 55 86 30 96 9 29 85 53 92 54 47 35 54 58 82 20 79 66 61 63 84 34 47 86 37 29 36 48 71 67 19 13 93 77 97 2 75 86 52 27 95 15 95 4 29 68 70 22 72 2 4 71 29 60 
20 33 90 15 85 19 48 39 55 94 96 6 53 74 41 22 57 54 12 79 56 70 70 85 71 55 84 11 96 72 20 36 47 63 35 72 56 64 2 70 6 27 31 60 64 7 16 75 58 28 59 29 46 23 61 53 73 94 37 8 3 43 51 23 14 57 56 68 82 35 52 49 17 46 32 39 41 30 19 99 95 22 63 28 38 89 31 83 46 74 82 27 48 26 65 90 18 80 16 75 12 44 1 76 23 21 100 58 17 18 4 20 40 66 96 89 62 39 44 22 24 76 27 15 24 1 64 65 75 84 84 31 63 6 23 7 95 17 90 73 84 29 56 78 97 66 31 34 95 89 
99 62 27 100 29 18 55 98 79 19 61 82 39 59 90 10 73 40 44 42 3 90 70 35 5 88 5 77 72 5 91 65 94 99 9 94 88 75 81 1 16 31 15 85 68 62 18 46 47 78 8 77 38 94 29 57 57 65 9 84 20 94 79 35 89 17 43 66 27 50 8 70 94 15 52 76 77 87 3 17 48 88 7 88 23 23 23 22 96 82 23 49 68 30 73 54 58 26 76 61 31 54 70 86 4 49 13 4 64 19 18 81 9 85 30 14 12 24 96 28 58 62 27 91 51 81 48 55 89 56 24 29 22 2 18 88 17 7 56 18 44 46 22 46 41 26 34 54 41 96 
30 73 94 85 75 25 2 91 97 15 96 3 100 88 75 35 39 18 53 96 17 58 61 58 54 41 70 79 58 58 66 47 74 90 57 51 84 11 62 84 79 68 81 29 44 63 45 66 44 7 79 51 34 53 18 8 92 47 45 70 62 8 91 100 93 28 69 59 68 78 3 50 50 26 51 43 20 90 36 5 30 77 82 56 87 80 18 36 24 12 64 95 27 60 71 57 37 38 74 82 14 57 59 13 56 71 38 44 22 6 96 41 45 39 74 51 97 10 99 33 23 30 18 67 71 79 26 90 63 29 20 100 37 94 8 8 27 99 82 69 84 49 30 3 78 3 60 56 3 16 
9
120 112 81 55 99 38 126 103 25 
9
73 107 52 124 115 140 111 49 59 
16
96 79 132 11 58 17 37 60 141 34 43 39 93 142 149 108 
6
132 5 96 95 128 75 
10
26 60 79 82 150 75 17 102 107 28 
12
60 131 10 113 12 54 102 111 14 77 87 124 
3
65 150 108 
15
47 87 39 92 91 116 94 70 60 97 31 80 99 26 40 
18
11 59 116 98 29 144 30 130 99 140 90 134 28 132 142 136 64 55 
5
101 145 99 138 52 
11
25 121 71 150 38 80 138 142 2 131 11 
7
107 69 75 32 23 65 124 
10
36 113 127 56 95 34 22 63 100 47 
17
112 68 40 136 130 88 123 29 34 99 98 41 20 144 62 78 74 
16
146 106 77 18 34 123 119 42 90 131 93 144 104 35 38 91 
5
24 47 117 101 66 
15
21 12 77 127 52 73 20 124 51 130 2 76 71 149 8 
18
80 130 13 44 25 141 62 137 58 109 100 114 103 147 145 45 17 94 
11
41 58 3 54 106 23 16 87 34 52 60 
2
150 129 
12
44 119 36 98 9 42 105 51 39 59 107 81 
13
90 7 13 40 113 6 67 106 74 79 4 28 86 
15
139 134 116 18 46 8 98 150 125 52 148 132 70 48 40 
20
113 54 136 26 124 133 21 139 85 90 117 88 24 93 28 5 73 130 138 46 
18
61 134 138 17 12 9 32 23 83 36 6 28 142 67 15 21 117 106 
2
7 48 
13
7 138 97 85 127 1 11 38 98 5 66 99 63 
16
52 8 112 33 102 140 108 6 99 110 95 125 142 5 39 1 
11
38 99 105 112 25 37 150 9 7 56 93 
10
109 91 111 63 48 73 18 65 116 38 

