150 30 
5
19 57 27 40 28 59 20 51 80 82 13 36 86 32 73 60 78 42 65 3 94 48 93 80 16 65 82 43 42 22 32 6 40 9 32 91 43 18 63 57 59 85 8 25 66 70 59 68 50 43 34 53 38 49 50 82 43 98 68 46 80 23 48 18 77 77 92 54 72 84 10 8 16 21 9 86 22 66 3 87 61 76 49 70 39 32 57 38 95 65 31 12 98 70 36 68 71 100 78 10 9 87 26 72 44 15 6 79 41 11 49 28 42 46 77 53 51 40 54 39 62 8 45 21 73 82 7 98 60 41 37 51 30 5 70 52 66 21 13 31 27 4 18 42 56 78 12 20 27 67 
15 52 37 1 18 22 3 80 18 87 2 31 25 29 55 5 86 60 41 97 55 95 72 16 79 51 4 39 71 48 6 99 47 94 56 71 11 33 19 80 50 27 49 43 46 13 63 28 39 61 21 66 46 65 31 47 31 22 47 30 73 37 7 53 65 62 7 28 92 38 6 46 18 52 94 87 4 44 23 18 9 49 72 86 19 11 67 88 1 76 72 71 68 92 29 90 28 43 46 51 98 26 83 82 87 42 29 19 27 61 74 94 51 41 91 62 32 15 74 59 97 32 23 55 65 26 18 76 77 49 60 83 9 86 69 52 80 87 65 78 81 66 76 91 72 7 66 24 99 22 
86 28 68 87 29 28 94 27 15 77 61 13 95 88 31 88 79 40 72 77 24 8 15 86 4 19 26 27 84 99 94 81 12 42 14 64 94 58 2 74 50 39 15 66 41 92 44 61 57 21 86 98 12 36 8 93 65 84 42 100 10 22 95 90 58 80 56 4 6 91 85 29 44 73 72 87 38 80 34 60 59 39 18 23 79 98 81 51 95 81 62 83 75 75 21 21 85 74 42 93 55 88 37 47 60 82 65 76 97 72 23 69 3 29 70 25 23 16 83 75 20 3 66 56 35 79 17 60 63 8 67 59 9 83 82 89 63 59 91 44 78 6 64 87 77 36 23 80 95 65 
5 5 59 10 53 36 51 77 61 53 28 39 31 76 26 58 37 12 31 47 81 22 14 9 39 77 29 19 56 74 13 94 69 99 61 12 81 40 76 3 87 56 80 23 30 98 92 65 59 54 66 14 66 99 92 15 91 89 35 54 6 85 26 50 29 34 50 8 79 46 81 71 57 84 28 42 93 62 15 45 74 100 90 30 78 30 100 5 78 69 5 64 27 35 45 89 89 72 89 15 91 80 66 81 37 52 40 58 48 28 36 2 30 85 1 46 80 91 59 30 91 47 45 33 54 100 68 47 56 31 44 26 39 24 79 63 35 68 23 3 13 26 69 93 9 49 25 11 89 11 
91 31 54 17 67 57 23 43 43 60 87 40 90 29 34 55 99 54 85 68 82 12 26 30 74 47 87 50 17 49 17 64 89 64 43 34 66 3 42 4 70 58 27 26 67 47 15 10 40 69 54 45 2 23 68 36 42 72 83 14 9 44 16 62 48 66 28 71 60 49 94 51 28 66 40 90 97 2 38 22 68 47 46 18 78 93 49 76 82 3 61 37 14 69 57 73 94 18 61 53 13 22 32 13 12 75 100 37 45 89 92 36 47 2 98 43 99 10 47 42 31 86 37 85 45 26 2 30 53 42 35 95 70 18 38 95 27 18 47 71 68 54 58 11 21 81 42 96 57 13 
4
80 101 143 20 
2
49 4 
20
46 84 136 106 77 9 131 81 91 83 138 4 49 19 60 135 8 87 59 85 
8
144 31 80 57 149 15 45 85 
19
99 145 104 140 21 98 57 114 2 56 79 129 77 126 61 89 137 142 29 
10
145 149 28 127 93 142 1 73 13 85 
11
26 11 99 100 90 137 128 52 13 19 76 
18
77 75 34 28 127 62 133 24 64 110 120 4 136 21 125 11 48 135 
13
20 33 21 65 123 38 10 77 104 43 136 146 19 
7
121 84 96 143 62 52 37 
10
14 41 95 84 144 37 101 58 99 122 
3
58 119 87 
2
148 127 
13
97 107 113 10 126 70 5 34 29 26 99 45 6 
11
101 134 105 135 57 65 60 95 129 147 74 
8
124 95 77 46 68 84 144 9 
12
90 142 147 3 81 28 77 130 35 9 123 29 
17
6 127 98 52 11 49 60 85 41 96 74 122 20 34 144 146 142 
19
72 83 40 8 103 68 23 78 80 117 11 108 100 30 139 45 74 4 2 
7
143 21 53 64 61 139 65 
10
11 62 51 78 25 98 17 130 132 82 
5
61 102 26 64 87 
9
44 113 146 121 77 16 26 99 93 
5
67 69 15 70 16 
15
23 34 37 130 142 105 87 144 21 5 114 46 33 132 135 
14
12 103 77 89 146 21 143 102 135 57 98 107 37 128 
7
129 138 132 125 43 105 122 
4
7 20 64 101 
18
124 106 87 38 102 48 115 93 9 100 8 125 68 141 61 27 53 57 
5
113 35 11 111 72 

