100 20 
5
47 88 26 67 74 51 51 27 32 81 71 43 95 7 58 90 83 48 83 73 6 13 52 68 36 81 51 30 89 52 41 86 33 66 51 2 18 98 35 7 55 22 3 35 50 21 14 94 52 47 45 26 16 54 8 18 95 47 59 81 23 91 92 45 61 73 59 72 84 22 1 60 32 98 60 42 78 92 33 86 14 76 93 23 35 63 65 6 61 12 65 23 5 62 23 63 56 27 18 95 
60 54 52 75 82 27 23 22 35 16 67 9 67 63 2 62 28 47 79 94 20 70 34 2 84 3 98 11 63 58 36 52 22 73 2 44 11 47 14 83 34 19 28 36 11 68 33 47 1 66 33 88 96 54 37 78 37 9 49 73 98 94 43 16 18 4 8 86 4 43 77 77 2 58 12 65 27 24 24 49 77 79 27 29 14 35 7 82 13 1 91 81 43 68 90 40 57 76 72 25 
88 23 23 1 88 67 10 38 95 79 59 1 82 5 16 75 42 35 89 62 91 23 81 55 58 21 4 2 1 5 8 65 24 40 67 57 87 93 78 100 17 45 48 44 43 9 6 47 1 72 67 63 22 79 83 69 80 43 57 11 7 47 14 44 89 49 15 64 56 67 97 6 3 28 67 91 92 42 10 88 99 45 75 93 62 69 85 12 50 56 73 64 46 9 78 58 52 63 66 78 
31 80 36 95 78 37 68 80 49 15 45 18 16 6 29 94 73 61 1 10 92 22 12 31 33 14 7 56 83 22 58 44 16 87 8 79 38 99 86 41 62 76 65 57 6 4 55 31 45 98 3 52 39 15 39 95 32 88 9 91 96 22 7 96 22 19 36 6 57 90 3 74 69 93 96 51 80 18 53 29 22 97 99 16 63 64 64 24 20 97 94 45 13 5 96 74 22 74 21 6 
44 38 48 31 77 66 35 52 67 18 12 16 1 78 75 16 56 85 9 15 4 81 42 13 45 98 17 43 52 6 15 12 89 72 64 35 86 21 44 75 30 93 49 34 63 56 97 34 64 55 49 62 50 9 100 70 58 73 36 99 3 54 84 75 71 15 58 18 36 91 31 72 33 34 45 91 85 8 51 14 96 80 94 11 4 98 63 77 2 45 52 89 96 63 41 73 98 65 54 64 
9
67 58 33 56 53 61 95 66 97 
9
61 57 93 55 79 10 12 24 13 
17
55 16 52 34 63 15 14 58 60 86 6 32 38 5 67 66 70 
9
45 82 57 86 77 37 1 43 22 
14
8 51 86 76 90 20 73 81 33 97 5 25 98 87 
16
38 19 4 87 84 24 89 30 7 31 16 28 98 51 33 45 
17
84 86 7 56 62 10 98 69 2 73 51 97 31 48 38 35 87 
12
55 54 32 63 19 64 27 44 16 80 39 78 
7
10 58 33 92 19 24 4 
6
8 34 36 15 71 16 
5
24 33 20 5 78 
12
13 34 68 41 10 87 15 57 97 36 25 14 
2
81 97 
18
63 49 78 89 92 88 62 68 82 24 7 96 2 43 14 54 34 53 
14
64 50 4 28 55 75 32 95 5 1 73 12 46 70 
3
65 90 42 
9
59 31 47 77 81 48 26 54 30 
17
19 66 22 95 18 70 48 29 82 7 24 35 15 16 3 1 89 
7
1 52 70 80 81 84 69 
12
76 40 35 36 66 37 95 77 6 52 4 38 

