150 30 
5
95 53 85 62 30 60 88 80 31 55 41 94 69 27 100 84 4 19 67 63 36 5 92 24 47 43 95 20 100 32 46 97 37 82 48 90 43 92 52 12 67 62 67 14 81 9 30 59 32 54 57 95 23 47 33 7 12 44 67 100 95 35 49 53 23 74 10 80 53 93 92 34 3 76 73 30 59 32 2 10 51 100 94 5 50 99 8 91 1 83 24 10 28 60 37 13 59 99 90 76 95 40 50 97 46 43 43 18 41 35 62 10 87 80 43 23 61 52 24 9 34 16 14 83 28 34 13 49 17 70 49 42 93 51 15 6 9 40 75 43 62 83 10 19 30 91 43 37 81 53 
49 50 65 79 79 59 50 11 47 62 35 64 38 100 92 88 22 69 89 15 1 50 92 7 37 3 20 25 98 30 86 44 1 91 53 92 1 67 7 8 48 82 25 21 74 86 42 12 93 66 36 56 29 93 54 63 16 35 78 84 25 74 42 99 85 49 54 25 32 89 45 42 81 4 59 70 45 44 59 99 22 93 5 68 62 80 15 16 16 60 57 100 77 68 29 69 7 37 89 68 92 20 19 35 22 85 28 83 87 64 2 92 59 40 51 99 39 18 99 79 43 68 60 22 7 53 85 99 80 97 75 68 19 28 49 45 61 90 8 42 56 34 98 50 65 23 80 84 66 28 
14 74 82 42 91 4 11 99 57 25 27 88 75 52 45 64 90 77 45 49 18 52 93 85 48 16 2 23 28 94 95 87 2 28 42 47 34 16 92 75 28 52 54 67 38 89 99 95 30 11 22 65 16 76 91 58 81 42 16 75 16 82 52 66 68 23 8 72 51 5 85 2 44 22 81 28 90 91 73 86 99 46 40 36 64 13 34 63 30 62 75 5 2 99 90 41 52 9 21 15 63 38 36 49 34 18 41 24 99 25 94 58 76 23 39 29 1 22 10 7 36 46 79 75 24 96 5 17 43 69 77 65 20 4 6 19 57 88 18 67 91 60 92 32 35 66 67 23 33 41 
82 27 88 42 72 69 36 87 75 25 78 78 61 29 89 39 45 100 45 98 46 19 67 38 50 22 62 59 63 97 48 59 18 71 42 24 73 23 14 15 100 30 8 34 12 30 73 74 40 88 17 19 79 89 21 63 55 83 87 84 7 45 46 59 80 45 70 64 70 39 58 75 12 90 24 24 14 28 80 60 80 51 43 57 54 48 94 69 64 2 48 35 80 92 5 33 56 68 99 19 19 58 20 13 8 97 7 11 26 56 85 20 21 29 52 85 87 48 72 43 28 3 85 63 61 70 31 51 88 18 12 14 93 55 51 36 86 75 75 90 44 83 52 33 25 20 75 5 19 83 
21 97 42 38 69 3 58 72 57 97 98 2 61 77 80 79 22 74 3 79 60 23 98 84 17 37 51 2 84 61 71 21 33 33 63 98 21 45 24 41 17 22 50 91 68 86 92 92 96 47 53 71 70 69 30 19 47 75 72 21 18 27 36 94 13 91 90 98 27 58 81 14 58 15 23 7 32 9 66 15 45 69 48 50 23 67 18 79 58 16 78 93 50 91 40 9 88 99 29 41 51 88 94 85 39 41 50 45 80 46 92 56 72 13 63 51 19 76 22 39 86 19 81 57 51 69 7 95 95 4 58 61 20 100 30 55 92 99 46 86 68 24 18 94 71 40 51 33 71 12 
13
128 6 38 133 67 43 33 55 18 118 57 81 59 
15
45 131 33 42 49 39 12 34 3 13 119 150 108 32 68 
20
115 37 36 137 5 21 86 117 132 103 71 111 9 139 23 24 119 58 75 74 
19
84 124 140 8 57 13 130 58 75 18 115 66 16 82 144 114 3 27 30 
9
105 1 23 63 139 31 121 65 4 
11
81 76 149 35 104 58 90 16 30 69 82 
3
63 27 33 
7
123 97 87 66 55 4 12 
15
84 116 142 32 7 147 26 138 63 51 140 130 141 118 144 
10
149 113 1 53 112 129 30 133 128 65 
12
79 32 54 45 100 71 81 138 99 111 39 132 
3
140 71 145 
17
20 46 52 44 118 148 80 111 22 76 55 97 12 6 41 57 120 
15
27 88 122 24 91 3 29 73 16 81 32 13 45 70 83 
2
22 141 
15
73 120 149 23 113 142 57 60 51 29 20 129 70 91 55 
9
19 37 66 8 119 30 62 94 75 
5
96 77 104 139 9 
3
41 55 90 
15
91 56 113 1 117 87 20 37 141 150 98 125 41 121 145 
12
130 16 53 74 52 66 140 26 70 115 75 92 
19
123 80 81 32 36 78 133 92 30 70 21 37 110 56 76 126 149 141 71 
12
42 61 63 120 148 144 3 74 138 15 115 119 
15
34 112 107 117 19 120 138 122 30 12 144 33 32 3 11 
15
144 74 75 4 77 146 84 137 2 27 122 106 147 76 131 
6
108 46 147 4 122 91 
17
88 11 74 41 29 82 90 93 134 86 98 58 129 24 38 23 68 
19
69 143 84 99 9 124 127 75 118 19 77 87 46 82 50 41 7 40 63 
17
7 98 95 105 89 79 16 41 59 60 86 68 54 31 67 71 15 
15
95 101 115 30 69 40 52 15 91 56 119 17 37 86 26 

