175 35 
5
61 24 74 19 39 75 48 81 10 21 22 53 93 10 22 67 21 53 14 58 45 71 60 22 92 70 7 39 30 65 5 61 83 59 4 21 54 11 81 60 16 98 92 4 15 48 34 27 85 23 37 71 89 77 74 59 47 50 77 44 45 73 96 16 88 36 58 38 4 68 80 44 81 64 63 66 51 25 28 13 88 28 51 76 76 37 50 95 80 15 27 76 86 43 21 5 87 86 48 87 89 3 26 64 58 62 31 34 46 93 17 30 43 7 42 57 80 44 49 35 23 96 37 15 81 64 81 22 61 12 66 83 69 11 61 85 79 10 44 53 80 22 47 26 65 82 55 59 26 34 97 8 5 21 65 43 4 96 49 47 20 10 54 48 38 56 98 69 98 6 65 11 84 96 75 
62 49 61 66 13 63 94 43 55 44 44 76 25 97 54 18 63 94 56 88 27 18 57 26 92 67 27 95 27 24 96 51 14 58 100 27 28 21 49 50 2 36 44 21 70 22 17 53 19 51 18 68 24 59 17 40 44 62 70 66 60 16 70 90 61 30 31 97 71 59 11 54 23 88 62 55 88 66 20 96 24 2 61 54 42 75 18 31 7 10 67 43 99 68 3 5 14 81 80 69 95 94 14 40 16 79 80 3 32 22 78 55 94 38 15 14 66 31 37 72 53 76 7 39 54 58 27 45 13 54 95 88 63 51 93 47 10 46 65 42 66 94 89 23 25 11 4 89 68 89 17 63 92 67 78 52 98 8 27 70 46 27 64 72 62 28 35 80 72 45 15 10 24 45 86 
50 14 93 97 4 66 99 41 56 90 22 3 48 72 51 11 31 2 99 81 70 4 45 27 72 78 31 67 71 71 54 77 72 91 8 49 16 96 2 27 59 63 37 98 92 34 81 15 56 28 15 92 84 79 13 62 35 9 64 69 62 83 74 57 10 35 98 70 12 100 16 38 39 77 6 85 12 95 8 55 59 22 72 86 81 71 35 64 25 16 97 83 20 27 47 90 36 74 90 58 25 26 46 83 2 43 59 13 42 12 4 74 90 23 14 97 97 98 100 30 8 38 54 61 67 33 19 27 7 22 88 28 99 33 20 55 70 11 1 61 40 74 53 2 16 6 45 16 97 15 58 72 74 60 66 28 81 28 59 36 8 77 69 83 13 99 85 31 41 29 93 67 66 60 42 
16 20 97 61 77 53 36 65 86 40 81 74 85 70 59 28 89 24 61 27 79 39 7 21 26 10 46 56 57 8 74 1 46 44 5 10 81 41 91 24 41 52 74 73 65 12 80 17 91 98 48 17 57 68 84 70 26 7 77 33 42 79 27 50 88 25 84 56 90 65 99 89 38 84 85 62 36 50 97 67 4 29 76 25 91 29 5 69 66 22 14 61 29 53 6 11 8 64 75 62 22 90 34 34 13 45 62 33 22 52 35 24 24 2 29 3 65 99 78 79 70 91 46 32 17 19 67 53 73 99 72 67 88 38 94 30 95 64 3 30 3 12 36 18 6 96 10 6 7 9 26 30 62 77 24 68 13 85 92 82 49 55 63 23 27 35 99 55 96 11 29 38 1 14 63 
62 27 46 99 100 5 91 42 57 70 43 56 75 76 34 42 28 36 1 6 96 78 1 7 47 59 81 60 23 3 55 52 20 85 26 85 51 100 28 12 8 91 40 68 45 39 4 33 93 77 64 61 18 61 13 99 87 54 20 79 31 80 81 95 49 63 45 73 76 34 57 100 49 80 84 54 61 93 5 87 41 17 60 75 47 81 47 5 15 92 71 61 8 3 79 3 37 37 11 7 64 56 22 100 75 91 77 79 21 91 1 44 32 33 55 25 68 76 39 54 53 64 100 11 78 8 51 56 7 75 38 57 69 9 95 8 5 52 91 75 96 49 99 59 63 99 97 48 86 33 70 67 70 72 99 92 95 41 37 16 76 74 34 98 86 65 72 43 22 54 19 46 42 5 9 
6
35 103 55 166 20 150 
18
142 168 28 55 136 99 172 100 13 137 116 135 61 21 134 44 88 101 
16
60 87 89 10 95 160 25 9 166 102 28 155 37 105 30 51 
3
144 103 159 
4
20 124 65 169 
18
74 92 2 5 132 9 152 54 36 169 100 165 135 145 153 89 22 154 
11
6 140 33 13 152 84 86 129 138 96 119 
6
14 104 154 24 20 76 
9
141 79 148 146 138 86 172 171 46 
16
26 124 166 4 77 10 74 73 17 64 68 101 49 39 32 115 
2
99 172 
20
48 32 161 93 3 86 27 98 66 144 101 142 155 41 151 111 170 107 106 153 
14
27 96 73 29 14 119 4 139 153 63 87 58 44 137 
3
148 9 145 
5
118 53 154 165 131 
19
11 1 14 161 173 96 156 168 77 158 157 115 113 46 160 26 93 151 174 
2
81 96 
13
90 164 36 117 141 64 23 158 80 54 153 53 166 
15
134 174 78 22 31 127 37 71 136 158 142 81 35 42 133 
2
47 21 
19
33 94 1 58 74 46 105 2 125 175 121 169 16 110 60 8 78 42 160 
4
43 157 134 152 
9
74 14 54 66 39 5 45 50 95 
2
84 6 
19
36 76 89 2 126 96 112 20 49 26 41 72 69 62 165 17 43 68 10 
9
120 58 29 1 172 25 111 67 158 
9
172 102 39 175 18 156 54 119 43 
13
125 106 121 101 29 128 28 173 74 44 6 150 102 
3
41 130 168 
16
126 109 158 114 53 146 127 58 18 43 130 113 75 21 59 166 
4
145 80 122 33 
17
161 101 137 69 164 157 82 25 5 121 11 120 30 38 9 100 135 
8
143 32 93 47 159 109 133 95 
4
47 14 70 66 
13
127 104 153 169 35 79 99 112 134 31 83 84 6 

