100 20 
5
62 38 75 58 88 81 18 58 20 23 52 52 57 89 55 91 90 68 47 45 58 21 27 87 77 60 25 66 52 78 98 33 30 94 78 47 71 51 31 87 91 53 32 62 27 10 41 5 55 8 36 53 34 86 44 58 79 15 18 45 34 66 36 23 58 84 63 15 20 98 32 69 81 93 28 54 62 58 70 71 34 9 99 25 21 40 6 57 54 53 56 83 30 16 8 16 76 65 21 14 
67 71 57 32 77 88 98 44 82 94 56 1 83 41 39 58 5 83 62 74 41 64 48 88 34 81 92 63 72 59 98 74 68 10 89 9 58 57 54 91 87 2 79 50 27 87 85 3 77 48 84 8 52 27 35 17 38 35 40 59 37 19 71 84 35 15 11 13 41 83 91 37 30 50 43 31 96 15 12 87 86 8 47 12 15 85 6 13 93 16 82 97 91 53 54 55 90 5 64 11 
20 94 45 94 99 19 15 91 36 31 84 15 3 58 34 97 45 81 48 6 71 22 26 47 31 49 45 95 21 3 88 18 98 58 52 71 91 66 27 20 69 16 75 45 81 81 75 28 4 4 3 99 96 10 34 33 55 19 93 62 87 38 75 20 40 67 69 61 38 61 39 84 13 6 59 51 18 34 92 100 32 33 81 57 50 69 66 56 55 3 52 75 53 19 16 18 80 6 91 11 
39 100 100 70 85 92 51 24 97 24 26 20 72 98 63 84 12 48 81 100 97 51 14 64 58 27 94 55 75 58 64 50 5 88 96 80 47 28 13 11 76 42 45 16 29 25 35 4 99 99 48 1 57 27 82 39 44 41 68 43 25 1 50 69 12 79 94 76 30 92 33 52 100 77 94 91 36 77 79 99 49 79 97 59 46 78 54 49 40 43 18 23 24 52 84 83 96 89 95 73 
24 61 77 50 100 43 30 98 73 61 72 8 21 14 37 86 70 15 2 44 39 69 76 82 54 45 51 75 78 1 97 36 57 32 33 46 98 4 85 42 1 38 29 82 89 3 50 42 64 27 50 56 64 26 38 52 35 62 52 71 30 68 83 39 33 70 46 52 96 98 16 42 69 20 82 8 92 33 47 3 71 7 8 15 68 49 65 84 26 9 34 34 53 32 35 55 49 56 26 61 
5
1 93 65 3 29 
4
56 97 40 30 
17
33 10 57 44 56 59 8 84 65 73 5 71 24 36 21 62 47 
15
22 28 96 41 74 75 86 49 52 94 66 65 88 80 78 
18
54 11 7 96 93 22 26 66 41 97 88 82 46 64 83 72 43 4 
4
38 65 78 5 
8
66 5 67 56 78 18 61 14 
10
48 81 71 56 40 41 74 75 99 33 
14
85 68 30 25 86 16 36 67 96 31 4 14 9 76 
3
66 18 77 
13
99 56 68 5 51 87 8 94 26 10 28 32 95 
5
16 18 29 24 71 
14
65 1 58 21 30 61 39 5 60 50 28 94 98 62 
13
36 93 50 51 47 54 1 83 20 74 75 32 16 
3
72 25 54 
20
84 28 61 90 39 77 8 63 17 44 23 36 50 65 34 14 53 40 1 35 
17
33 89 52 78 81 24 37 86 7 21 2 57 12 79 65 22 40 
6
88 84 41 66 71 4 
5
43 54 5 60 55 
9
11 85 27 82 94 95 81 14 4 

