150 30 
5
30 64 89 88 19 67 79 49 27 16 57 88 96 17 22 33 32 1 25 29 68 7 74 82 95 83 89 19 94 99 40 1 74 65 86 32 31 89 75 75 49 49 66 36 65 23 56 48 38 76 6 82 64 56 89 15 6 62 59 81 41 31 35 83 66 90 31 23 40 98 31 3 74 59 50 23 100 17 86 89 34 71 93 70 23 70 5 7 86 69 60 43 100 100 99 86 36 30 83 62 65 94 13 49 80 23 92 16 6 6 65 62 49 99 1 37 49 19 95 85 4 52 52 68 30 64 78 12 85 55 63 22 17 67 97 72 71 32 31 56 90 62 61 35 96 19 99 31 49 11 
91 50 48 15 21 63 12 55 88 36 76 94 98 86 54 47 83 75 70 98 42 21 53 35 77 39 61 54 78 35 62 7 85 48 96 72 66 13 60 68 40 73 22 29 82 58 35 48 10 31 47 18 62 32 16 11 100 1 35 10 5 70 30 44 69 66 94 28 35 46 71 21 41 97 96 42 64 67 46 91 100 71 75 50 50 100 9 79 43 20 12 7 94 85 82 90 54 2 61 97 2 10 21 34 50 71 75 81 13 70 68 76 93 47 3 26 27 80 34 62 13 33 82 16 90 56 99 31 85 80 15 49 15 97 30 47 10 93 37 38 7 29 63 47 17 40 85 6 90 21 
20 41 75 23 5 6 61 67 42 6 80 27 27 2 39 99 71 54 96 83 88 77 38 86 51 39 72 58 66 45 68 93 18 44 11 95 44 64 97 50 28 72 85 11 14 9 68 75 29 17 83 38 97 67 74 38 7 77 84 6 79 60 36 35 93 13 20 16 1 47 46 67 91 75 36 9 91 37 40 38 98 23 1 49 47 16 13 87 7 21 79 12 22 49 82 22 59 34 75 95 89 40 81 94 91 46 29 73 90 46 2 54 94 39 58 64 76 43 75 25 41 65 84 96 38 22 3 78 25 96 13 52 66 24 26 8 23 43 51 25 75 81 99 26 96 78 28 83 43 39 
27 37 64 3 61 67 48 36 3 85 80 35 75 44 58 74 92 17 23 63 80 91 23 44 6 11 59 73 48 67 65 3 74 15 27 36 10 51 47 11 97 96 27 33 5 58 68 33 40 71 62 100 2 96 76 75 11 98 83 13 4 28 25 99 65 67 4 72 87 86 61 57 75 8 8 90 100 33 54 85 7 52 94 70 13 39 79 91 14 35 18 49 81 75 33 80 63 46 49 96 70 15 71 50 32 58 24 32 14 9 66 76 44 23 34 28 57 96 12 66 49 47 84 63 63 25 82 93 53 44 68 25 8 42 24 82 1 56 82 56 89 43 6 84 37 65 15 92 35 91 
95 2 44 29 39 5 95 7 79 78 46 34 6 34 72 96 9 21 44 60 86 31 12 94 22 34 29 28 9 89 38 7 12 19 94 6 96 80 58 22 48 93 4 20 86 23 57 83 75 25 75 47 10 49 83 68 18 99 35 72 68 45 78 13 96 3 23 23 99 38 35 74 84 33 51 73 30 50 36 51 60 52 6 53 61 17 52 29 16 39 27 7 49 20 91 100 92 59 66 82 6 57 60 12 44 26 2 65 88 91 74 50 81 81 90 88 19 25 7 97 32 86 60 3 85 57 63 59 72 97 44 46 67 33 41 56 5 87 40 88 43 58 95 49 92 62 38 7 28 31 
19
89 55 75 69 109 73 2 123 27 136 150 22 46 39 116 133 83 76 12 
6
90 119 115 35 43 146 
17
60 52 142 23 88 114 95 93 37 104 48 12 26 130 105 11 67 
15
50 35 5 121 127 145 29 20 55 69 103 136 2 11 126 
14
70 121 95 88 115 52 134 74 138 20 98 12 43 148 
7
21 57 131 14 89 115 135 
6
54 50 126 93 35 58 
15
24 41 102 60 97 122 4 57 112 108 61 25 141 132 1 
16
107 78 41 124 57 50 26 15 130 45 128 101 24 9 74 93 
10
31 103 56 125 120 2 107 99 100 48 
19
56 42 100 86 9 64 47 97 108 112 107 33 32 95 101 8 21 84 15 
14
5 138 18 81 25 58 65 30 131 67 125 72 132 31 
11
121 128 146 82 58 100 24 137 2 142 102 
18
28 109 104 78 103 35 132 138 55 25 9 100 46 56 69 129 60 81 
12
51 72 49 56 129 115 69 144 127 63 28 66 
8
42 90 2 84 109 93 100 15 
13
127 44 123 43 137 14 69 45 77 35 56 136 53 
12
32 107 20 124 33 122 53 68 11 52 44 67 
7
117 133 95 81 21 70 87 
4
59 137 71 97 
13
67 147 80 62 66 81 15 23 84 126 105 29 149 
14
61 141 52 49 106 70 137 132 118 9 21 67 16 96 
6
85 144 126 65 106 118 
20
122 46 13 88 66 68 27 23 112 70 62 99 41 40 108 75 145 29 8 33 
8
121 127 33 13 20 59 130 129 
2
149 72 
12
9 78 112 61 147 138 11 104 68 62 70 85 
3
11 140 111 
3
121 77 94 
9
18 133 127 125 10 29 67 85 64 

