175 35 
5
47 77 79 59 35 17 13 25 42 98 3 63 18 66 47 18 27 88 60 25 72 77 11 74 34 6 55 17 100 88 13 57 49 81 87 43 2 24 49 73 19 41 75 20 52 91 39 56 70 96 100 24 22 21 93 72 71 17 59 36 4 82 62 30 64 71 56 95 54 74 56 82 61 25 86 65 5 90 67 59 31 42 76 40 77 91 71 54 35 26 91 2 66 46 83 17 4 63 48 16 26 35 1 23 38 49 4 20 90 97 3 82 20 16 66 69 70 16 90 50 69 15 7 5 66 9 6 63 75 85 91 69 94 80 24 36 97 68 5 4 8 57 76 40 100 15 49 1 59 84 14 49 72 25 50 55 64 44 80 46 66 65 49 17 15 34 77 88 31 100 86 54 81 29 67 
96 12 78 100 53 94 97 59 41 42 6 69 93 98 79 14 24 6 73 38 1 59 9 13 99 8 74 74 21 5 44 70 11 82 29 20 7 50 22 30 26 64 21 71 58 98 86 14 54 56 1 28 98 35 5 36 93 79 76 72 67 38 40 76 36 35 46 93 11 90 27 7 36 86 47 77 44 100 71 50 57 40 49 4 68 59 46 44 78 58 82 15 93 78 50 30 59 60 88 2 98 35 57 78 21 96 50 93 95 52 50 74 97 8 32 14 97 64 22 79 40 3 84 83 100 56 4 20 5 25 96 75 23 93 2 95 85 99 75 91 6 14 41 51 98 87 4 85 67 41 17 71 27 88 21 69 52 35 42 70 78 94 14 97 60 95 90 83 61 82 24 23 83 98 26 
36 65 17 41 54 46 37 95 95 11 39 30 93 38 80 93 95 66 67 54 95 92 5 83 24 6 48 62 91 82 68 86 19 57 99 94 24 27 45 83 83 58 31 38 24 5 10 88 4 3 4 65 13 18 86 12 80 24 33 92 54 11 25 63 12 76 38 73 79 54 27 47 7 51 29 19 59 32 1 81 94 98 57 73 44 78 3 59 61 68 76 89 53 64 6 37 32 9 63 9 60 8 45 29 72 19 38 66 100 57 75 15 87 36 79 6 15 92 88 68 7 38 74 32 26 38 26 85 87 71 38 88 64 82 32 53 61 21 100 50 99 47 29 39 83 53 64 15 65 39 81 25 42 43 40 39 72 79 80 14 87 51 23 21 83 19 20 74 53 96 26 62 33 5 59 
64 37 65 29 37 89 58 99 11 55 96 63 73 50 5 96 28 57 82 24 26 85 3 45 6 57 31 43 5 22 99 49 90 39 52 48 43 65 2 60 52 64 75 50 76 5 89 42 62 23 29 97 69 55 65 87 48 53 48 71 96 87 1 19 64 83 11 80 91 61 23 92 53 48 68 56 21 65 96 94 36 98 24 72 43 47 59 79 76 65 51 100 4 80 80 97 31 53 6 12 71 81 46 13 33 95 64 25 80 100 36 21 84 39 74 98 88 70 94 56 54 51 33 46 84 23 24 88 81 71 25 72 41 40 88 91 16 21 68 4 34 56 33 28 3 25 28 63 86 45 55 24 92 10 14 82 44 98 32 26 74 35 50 6 27 39 82 69 89 53 19 16 42 1 32 
43 75 55 84 19 9 51 22 21 66 23 14 95 85 34 39 75 28 48 76 39 1 17 14 99 53 61 4 28 25 89 49 55 54 75 74 33 15 44 88 76 71 56 76 14 21 17 87 26 85 41 29 38 17 8 62 43 66 16 86 99 9 59 54 70 25 31 74 57 70 95 70 15 85 20 21 98 95 6 11 39 97 94 17 25 26 75 23 20 60 26 53 20 65 22 37 23 82 58 86 63 79 82 9 41 78 17 28 73 85 77 47 49 29 94 60 3 100 91 2 86 32 69 61 16 30 51 62 33 54 83 45 55 100 24 39 66 34 63 49 19 19 12 73 71 10 15 97 53 27 28 10 73 34 69 74 61 46 9 65 47 44 2 5 46 4 18 3 56 51 87 71 39 45 67 
18
174 94 17 25 121 76 44 101 155 41 89 154 75 141 163 12 148 38 
4
50 79 67 5 
9
112 88 12 65 121 125 31 129 59 
12
156 120 118 121 44 95 14 56 139 129 101 124 
9
175 135 161 131 139 3 90 77 16 
19
174 66 140 27 92 6 168 83 159 132 173 80 62 104 155 37 138 135 57 
11
117 148 162 107 94 57 5 40 21 35 150 
9
135 92 87 68 167 71 57 48 25 
11
150 37 105 122 143 167 98 15 109 120 131 
8
157 1 34 175 22 166 150 94 
2
105 94 
17
152 83 153 100 112 39 135 124 22 142 2 28 66 81 73 93 51 
5
33 150 165 112 87 
10
136 72 74 4 160 60 68 22 17 42 
6
17 103 48 43 90 145 
12
112 86 54 25 48 166 125 70 53 91 19 5 
2
11 87 
15
139 31 18 65 97 24 78 50 39 136 25 98 123 128 44 
6
52 163 101 48 74 69 
16
64 154 52 148 119 129 91 62 120 15 26 2 135 105 155 165 
19
53 62 148 73 91 112 154 114 71 116 155 146 134 19 98 105 76 44 43 
11
166 68 124 19 146 66 24 102 4 2 119 
2
166 129 
10
143 146 98 11 52 6 89 83 80 110 
17
167 92 162 49 137 20 175 43 11 52 136 71 132 173 14 25 66 
19
108 6 138 133 125 81 19 41 9 40 168 112 70 116 57 10 148 156 143 
15
165 149 8 79 94 97 131 22 170 89 122 159 87 84 91 
5
50 78 157 164 139 
15
23 131 160 118 88 62 13 27 124 2 127 73 167 47 8 
13
143 170 120 138 20 125 98 163 173 162 149 81 132 
11
50 40 25 145 69 130 70 94 78 155 131 
19
167 114 11 163 5 140 4 13 98 57 38 78 168 162 44 3 141 150 156 
17
131 44 84 75 74 136 148 128 76 32 42 164 15 170 93 38 68 
20
114 94 124 155 38 70 74 2 108 25 28 142 81 112 84 87 159 20 1 80 
11
85 131 34 142 168 97 126 5 99 163 10 

