175 35 
5
33 71 85 72 63 62 45 23 85 80 31 6 66 94 75 55 13 38 49 66 11 36 19 33 25 4 98 84 11 92 86 88 44 98 32 24 42 88 99 81 88 21 95 76 57 49 90 72 73 97 37 7 1 67 94 13 55 74 17 11 53 30 94 38 45 80 48 88 54 89 72 33 4 87 6 64 45 76 46 53 89 6 97 10 84 44 90 4 92 32 31 12 59 50 9 23 25 37 55 80 5 26 10 25 10 36 78 93 63 46 1 48 100 4 45 38 68 95 78 40 91 37 21 34 24 5 64 46 21 67 31 80 65 33 75 15 55 62 15 56 11 17 48 61 68 65 62 31 85 58 24 19 63 62 40 11 50 48 59 66 29 94 89 52 20 71 69 16 38 54 80 92 58 69 42 
59 32 90 50 78 4 52 82 8 21 42 85 54 40 87 84 57 21 61 88 71 16 34 91 66 44 4 16 45 21 27 99 67 87 64 41 64 76 5 55 72 6 1 33 57 4 41 18 97 64 34 22 59 81 82 63 56 40 87 99 53 30 64 32 72 6 39 81 57 86 16 56 22 87 17 25 81 44 96 7 96 95 50 93 11 95 86 76 66 17 30 98 41 51 88 84 7 20 1 98 95 100 15 21 80 31 7 42 44 55 10 46 32 88 35 96 72 56 28 83 26 26 53 42 83 69 17 13 65 7 54 72 8 67 96 48 1 4 59 79 13 87 9 17 29 9 47 25 80 98 9 6 93 92 26 99 72 4 11 57 64 94 17 39 39 26 53 2 8 84 78 55 71 42 100 
43 45 48 24 27 80 55 59 82 43 28 34 29 92 27 77 47 62 23 75 31 29 28 44 73 3 21 67 25 84 97 39 79 84 61 60 63 60 20 1 61 13 66 86 33 71 50 84 3 84 53 67 85 75 12 54 77 28 51 93 13 32 27 74 27 83 96 24 16 54 94 13 53 22 74 7 19 34 46 36 67 86 44 48 73 39 24 1 100 27 14 80 35 42 84 14 27 16 59 61 30 72 82 47 56 46 2 54 7 23 34 92 33 11 99 9 78 83 97 79 92 33 5 49 36 69 56 20 67 31 9 26 72 21 23 95 2 8 61 74 30 61 11 34 2 57 44 82 97 56 13 41 88 95 43 35 28 95 30 16 27 64 79 93 19 50 96 26 32 77 55 78 96 19 5 
29 63 21 38 19 21 40 18 39 61 41 83 26 79 41 15 51 69 10 50 48 43 11 58 22 86 90 41 86 2 93 97 16 24 80 49 28 12 23 28 84 84 52 41 66 1 71 39 75 69 37 54 82 36 66 2 28 43 12 66 2 18 83 89 36 51 80 41 35 53 86 44 82 39 59 93 85 36 69 34 56 94 48 96 31 74 4 63 70 89 24 2 9 17 39 86 51 46 70 36 56 5 44 91 47 35 85 20 47 28 56 85 12 26 4 93 11 52 51 81 42 1 95 31 62 94 50 14 55 56 93 52 6 88 71 82 67 63 15 70 71 61 86 43 20 76 87 20 33 64 97 92 52 34 58 18 80 24 44 87 2 94 28 85 61 76 22 15 66 31 33 61 29 88 28 
34 68 56 54 20 25 68 5 21 63 26 59 67 68 38 46 98 87 98 45 28 87 53 1 49 38 69 3 25 34 6 41 53 42 88 14 62 54 72 37 94 5 20 18 58 86 50 80 56 95 11 15 29 24 50 31 88 95 62 13 6 83 89 14 18 11 40 64 71 15 7 57 65 75 50 21 55 13 62 21 35 73 9 47 30 77 29 42 4 35 10 17 1 52 16 16 24 31 65 75 15 91 1 37 42 81 4 78 72 83 77 2 76 1 73 8 40 18 23 92 9 22 15 76 35 76 35 16 52 47 40 31 63 28 34 50 67 73 93 76 30 82 63 80 53 56 4 41 90 69 55 60 94 70 52 90 61 68 61 47 51 65 28 69 57 74 79 25 5 73 4 36 77 54 84 
16
83 156 33 52 74 143 103 30 77 153 158 162 12 72 121 26 
10
116 126 43 162 107 125 158 14 89 66 
18
151 105 152 156 82 73 81 72 93 162 57 8 27 1 107 118 135 120 
6
137 18 95 85 10 97 
3
51 74 21 
17
158 121 120 21 94 71 124 126 82 23 109 37 102 57 165 66 4 
5
143 87 153 59 118 
3
88 147 55 
4
6 52 7 173 
19
108 62 128 109 66 164 82 81 140 57 118 36 29 114 165 168 91 56 103 
8
60 89 16 78 25 93 126 85 
17
153 61 99 137 28 169 120 143 88 116 17 24 127 128 27 78 35 
5
158 142 11 72 172 
18
143 110 40 124 95 16 15 23 82 10 5 89 74 63 166 13 51 6 
7
125 24 12 31 157 40 153 
17
155 94 159 156 8 118 78 167 84 95 43 3 82 12 13 62 27 
4
16 102 174 42 
9
108 166 5 117 63 174 98 129 3 
2
173 83 
12
21 159 42 139 6 133 167 56 24 116 15 112 
4
166 88 168 48 
6
6 146 20 173 1 147 
17
160 29 96 41 6 91 36 56 142 157 53 118 145 93 136 155 11 
12
109 69 167 75 74 104 57 151 20 23 28 78 
2
115 59 
20
7 165 25 72 82 150 133 148 69 16 15 40 1 155 156 123 134 23 18 78 
10
134 135 35 88 46 67 115 155 38 31 
12
73 52 163 45 125 130 91 93 121 156 49 100 
9
69 59 125 152 8 37 57 12 135 
18
174 95 130 164 127 79 139 4 1 94 38 122 55 44 82 120 110 77 
20
140 15 88 115 54 171 62 33 150 118 61 23 158 104 85 59 166 151 116 153 
20
74 112 10 92 64 73 149 51 82 36 124 150 50 116 75 80 89 87 67 57 
15
80 91 121 21 16 157 61 100 117 126 89 30 8 63 24 
5
61 4 52 102 137 
3
99 85 62 

