150 30 
5
22 23 85 82 41 23 26 21 90 84 35 90 98 9 43 57 67 61 1 71 57 31 76 5 52 73 19 92 64 90 5 45 68 63 27 44 61 52 59 50 8 79 52 23 27 68 95 60 26 62 61 7 68 83 78 19 5 83 85 15 31 5 34 93 36 84 84 5 11 2 38 40 8 50 8 48 61 54 87 77 94 54 94 58 52 57 13 92 56 89 12 70 26 12 70 73 23 44 94 80 25 53 37 95 72 89 17 57 58 57 29 92 89 34 37 26 17 44 65 99 52 90 61 8 30 78 35 11 76 23 62 6 75 2 68 31 17 62 8 43 82 43 27 31 9 76 27 61 1 14 
65 44 60 56 19 28 40 90 34 22 66 69 7 17 67 41 74 5 15 33 44 61 24 91 91 41 71 50 59 55 50 95 11 76 81 7 40 43 10 21 87 54 29 79 8 43 89 94 37 42 9 77 25 6 19 13 43 26 88 9 57 56 63 89 91 29 70 25 84 43 42 100 83 55 42 60 41 65 49 81 4 27 74 70 12 83 19 83 26 93 25 50 98 11 77 98 92 91 46 24 32 21 69 85 36 87 5 53 91 59 43 64 100 19 26 1 95 46 62 57 58 11 56 71 95 2 39 98 6 69 41 70 1 58 29 79 37 47 78 76 80 49 81 14 97 39 46 91 97 78 
30 27 29 87 21 69 90 13 62 1 43 30 19 45 91 71 41 71 94 1 68 24 13 45 16 83 78 51 46 72 15 69 45 28 35 36 84 33 40 64 45 11 75 81 52 27 86 4 51 11 71 19 14 8 38 3 25 14 38 100 36 12 21 6 48 30 71 22 28 18 65 17 94 59 86 97 76 38 26 93 48 45 16 29 3 34 14 13 22 14 44 8 16 18 31 97 72 100 40 20 18 93 30 8 89 58 60 67 37 57 36 14 9 75 38 73 16 92 52 90 49 5 30 73 36 20 64 76 56 42 80 55 19 51 93 38 54 58 65 53 47 82 97 31 78 43 5 32 37 91 
78 18 98 75 46 86 46 67 52 38 10 53 78 98 14 13 73 35 37 84 85 43 86 47 33 90 60 42 86 27 6 48 56 60 69 58 22 16 65 1 7 72 75 44 55 61 70 20 41 50 74 17 56 10 32 15 19 19 88 33 77 71 16 27 45 76 39 83 62 76 40 38 46 48 50 88 88 36 15 47 36 63 41 95 61 52 100 25 4 84 8 35 11 10 1 17 4 24 7 65 60 7 80 24 47 88 29 82 56 3 9 39 57 10 50 61 33 100 64 46 37 73 68 51 34 27 62 57 37 16 72 53 87 34 5 33 71 76 82 7 9 32 24 63 73 89 39 74 70 3 
63 15 68 55 90 84 79 55 93 88 75 58 39 25 52 53 2 42 33 45 48 92 57 62 100 89 98 19 85 44 76 49 76 25 41 60 40 23 15 15 65 81 66 74 74 83 54 4 59 93 28 88 79 5 65 13 50 100 8 33 17 98 60 35 80 44 3 82 21 62 49 33 97 86 74 69 97 38 62 78 91 65 59 89 12 100 33 25 95 16 78 1 61 29 43 42 77 97 77 6 70 94 83 18 30 55 26 20 34 7 16 96 30 82 90 100 30 24 13 23 87 54 51 19 47 65 18 24 67 63 31 84 93 9 87 52 81 10 18 79 69 64 6 92 12 24 54 42 5 52 
12
117 125 109 48 10 58 55 96 24 112 50 44 
14
98 133 148 22 27 124 93 24 103 132 91 141 100 35 
16
85 63 64 46 14 100 3 28 20 76 136 75 47 24 4 120 
2
104 74 
6
58 130 73 96 59 63 
10
99 22 122 38 103 112 131 34 84 49 
19
90 95 115 25 94 145 54 92 44 138 104 83 67 100 53 141 93 6 42 
9
101 65 133 83 114 89 34 32 40 
14
49 126 33 69 74 87 85 44 135 118 11 101 123 66 
20
119 77 93 108 41 44 68 34 115 3 84 26 105 117 16 92 83 65 149 85 
9
128 53 52 78 33 81 92 87 142 
11
54 147 82 145 64 90 126 29 46 51 123 
17
101 90 133 60 123 147 135 59 20 14 46 134 108 63 39 26 21 
12
95 3 98 81 59 71 105 53 67 119 76 133 
3
86 81 113 
5
1 121 22 5 107 
9
129 123 147 86 67 26 6 135 103 
2
113 98 
6
80 90 97 38 14 46 
9
80 119 103 56 29 33 99 137 37 
2
30 50 
13
140 23 4 144 137 148 44 132 47 126 136 118 64 
19
8 35 144 28 65 72 92 140 84 62 4 133 33 76 51 111 86 128 100 
2
97 86 
2
141 150 
10
109 4 98 111 82 47 35 142 130 16 
13
90 97 144 74 1 118 107 119 45 92 87 138 121 
9
4 95 103 33 79 139 145 20 44 
3
99 56 129 
10
38 15 60 125 103 11 84 43 68 10 

