150 30 
5
71 3 51 39 55 77 94 24 42 29 92 88 63 9 54 57 38 92 83 82 42 63 70 89 58 71 18 74 17 97 98 92 12 33 81 84 41 64 46 9 46 34 18 97 18 17 34 23 92 40 93 40 17 57 92 60 43 99 53 84 87 77 18 37 90 76 60 2 90 8 75 74 12 4 16 2 39 30 76 73 26 65 93 84 61 88 55 73 56 22 28 96 51 79 86 100 64 96 95 3 5 26 12 39 24 10 59 48 3 9 20 88 58 100 95 63 100 23 73 81 26 8 96 62 12 46 33 94 66 99 80 49 72 90 1 10 92 45 44 56 92 45 73 69 12 13 49 12 83 100 
33 53 40 87 2 59 1 95 7 65 24 38 78 24 53 64 72 28 37 44 81 15 30 77 97 44 30 79 50 76 11 2 21 54 47 98 77 81 32 41 30 4 45 34 18 57 98 55 29 87 15 1 40 61 57 82 97 50 69 4 66 66 66 94 92 6 9 86 96 14 13 53 25 44 31 23 13 29 17 91 64 40 26 72 27 88 44 39 96 12 66 51 81 79 63 83 77 29 30 12 19 22 11 24 2 37 84 48 23 29 29 94 9 54 8 59 65 16 85 12 19 70 14 56 69 60 58 19 55 52 23 54 2 42 2 84 18 74 4 61 10 37 97 25 57 6 56 8 79 59 
90 70 61 20 63 74 76 87 7 9 22 3 91 12 47 32 8 47 12 29 64 86 24 29 11 25 94 46 52 42 87 70 40 43 82 69 58 30 30 86 62 82 89 7 65 77 28 67 74 49 72 33 58 99 97 97 85 54 62 76 45 47 90 34 92 39 43 95 49 95 75 33 12 33 14 46 67 13 22 22 99 9 82 23 30 30 88 65 94 5 47 82 90 21 43 17 72 41 91 21 28 61 21 11 9 13 8 66 61 66 52 92 16 14 11 5 69 3 67 19 88 81 13 25 50 97 97 40 82 40 38 53 31 93 1 48 91 58 99 58 32 84 41 73 40 7 63 88 5 8 
31 57 63 33 27 79 74 64 82 73 43 17 69 24 26 70 71 39 75 65 96 55 57 39 30 32 64 79 22 55 55 56 35 31 15 57 72 18 8 3 93 63 79 61 49 16 25 84 46 52 76 99 36 73 91 97 13 7 96 67 36 42 99 28 19 94 46 19 86 77 24 44 12 20 66 58 79 93 8 88 42 66 76 46 12 96 59 70 91 5 62 90 82 32 52 16 79 7 19 82 37 84 11 25 82 85 55 82 7 14 50 22 38 34 2 19 71 17 40 73 21 71 85 93 51 6 28 85 37 74 33 19 62 49 34 66 83 97 49 98 72 53 82 17 87 84 15 7 38 92 
94 96 7 67 50 61 17 67 9 51 53 42 60 93 23 50 63 99 74 55 26 99 30 63 28 2 35 81 71 27 3 5 93 47 29 20 6 67 59 79 91 22 6 29 3 66 6 23 1 99 7 67 58 36 86 72 46 78 56 52 87 95 15 75 96 27 10 59 67 36 85 30 24 84 44 84 92 47 15 57 42 91 32 5 21 54 2 100 21 58 68 43 38 43 59 91 21 11 99 72 9 11 47 38 46 12 57 21 35 63 3 18 5 98 29 93 48 11 28 8 16 35 69 52 81 45 41 73 60 57 65 53 14 36 47 38 52 83 57 86 95 78 27 23 36 2 67 66 98 62 
20
112 98 135 16 113 88 94 17 117 136 37 78 29 96 82 142 46 84 100 72 
14
62 16 69 115 61 139 72 145 27 33 146 46 89 41 
4
34 127 101 30 
4
129 110 106 149 
19
34 92 54 38 114 8 50 51 46 36 75 10 52 100 21 11 137 123 15 
14
128 94 10 132 45 93 7 112 142 59 88 15 91 127 
13
133 71 107 125 108 3 27 42 18 38 34 145 21 
20
23 17 132 113 45 97 72 9 50 140 61 36 38 55 32 64 14 30 114 120 
8
110 145 144 14 89 118 36 80 
10
39 93 69 23 105 112 104 136 74 25 
11
74 136 98 42 26 23 88 69 150 51 15 
10
93 102 101 135 46 30 15 116 47 6 
10
123 98 89 137 40 67 23 33 83 41 
8
107 50 109 62 1 106 25 60 
20
77 117 121 69 144 65 85 138 68 48 111 108 8 145 38 136 95 104 71 62 
2
80 97 
8
98 78 82 135 57 140 149 80 
2
19 105 
10
48 107 86 69 76 128 98 39 42 24 
12
108 111 31 123 17 13 1 72 124 48 127 43 
8
132 104 9 15 149 39 44 53 
13
69 144 84 20 21 111 104 39 99 7 62 49 73 
10
39 92 18 21 136 41 46 83 30 36 
12
84 56 112 57 51 87 11 126 9 18 80 129 
6
13 70 46 134 26 21 
20
48 67 17 43 72 53 9 98 109 135 140 117 12 118 74 147 64 130 2 85 
14
122 103 131 48 69 42 14 140 9 138 90 100 82 41 
3
24 41 100 
4
25 139 115 90 
15
4 129 66 103 101 22 40 47 123 18 126 85 43 7 147 

