100 20 
5
86 84 60 49 95 80 17 54 75 45 58 66 42 28 67 70 79 10 18 18 6 13 56 87 57 17 72 80 22 53 83 16 23 84 81 47 54 44 53 10 56 16 75 41 91 54 88 56 16 94 73 50 94 63 59 87 36 83 63 22 23 14 31 72 18 6 77 75 59 47 29 40 69 35 40 46 68 12 7 4 67 16 58 43 88 61 11 6 6 16 84 6 85 39 60 95 36 32 80 11 
83 75 3 20 8 20 25 90 61 49 85 58 66 76 48 48 79 24 67 44 30 34 58 91 19 76 11 5 32 41 95 62 40 27 62 28 61 28 36 71 62 65 19 79 62 63 37 91 38 45 72 54 32 92 53 35 72 9 24 55 59 48 27 65 8 49 89 39 1 54 6 90 5 39 49 97 43 32 58 39 72 87 24 75 64 90 91 65 54 24 82 66 43 70 39 45 8 10 94 60 
71 42 14 82 57 31 23 4 6 16 50 91 7 35 79 75 27 36 43 53 1 61 9 59 20 41 68 100 49 86 41 6 10 80 66 62 7 86 17 90 48 35 92 93 72 36 27 43 12 8 84 40 30 77 47 54 73 29 36 61 23 80 40 89 61 49 42 18 43 52 76 80 20 98 41 48 58 57 72 31 58 75 94 56 59 25 17 28 43 95 12 85 71 56 43 100 49 90 68 13 
38 35 6 89 13 75 17 72 13 23 20 20 26 1 5 51 14 58 59 69 81 38 76 78 82 77 21 73 100 72 49 42 34 69 11 53 52 83 80 18 27 44 10 29 41 26 54 44 71 81 8 36 71 18 44 42 45 65 43 15 70 77 69 2 24 60 94 22 81 11 44 32 57 3 65 4 76 30 70 73 99 85 4 49 56 17 33 49 100 31 17 62 84 55 19 34 57 70 71 4 
56 81 11 32 75 94 15 96 49 25 92 51 27 59 27 5 71 94 2 62 13 29 8 92 70 66 83 96 40 29 70 14 69 86 29 79 78 7 29 100 74 9 67 91 31 67 24 93 95 100 50 86 34 42 46 57 46 40 98 69 90 76 60 56 26 89 10 76 100 79 87 43 36 91 40 25 4 47 27 44 14 16 13 80 41 42 35 10 77 63 13 31 35 49 95 37 23 51 77 44 
20
5 36 52 61 4 26 45 12 83 99 43 44 75 97 66 28 47 14 13 63 
6
36 19 67 64 82 71 
18
9 45 75 37 8 68 54 34 33 84 17 78 12 18 85 36 20 11 
15
39 37 22 11 34 68 75 86 92 85 8 49 81 64 69 
14
31 12 37 6 61 100 10 68 44 55 98 33 34 60 
11
66 84 65 8 52 51 87 79 68 85 80 
15
50 38 72 100 53 84 60 52 43 93 27 37 61 39 70 
18
57 45 8 59 58 60 55 96 84 17 54 23 32 62 41 99 85 29 
20
62 30 97 11 89 7 9 71 14 49 96 81 31 20 21 15 79 46 69 80 
9
66 18 39 19 1 86 82 72 87 
8
83 62 69 95 25 82 34 5 
7
14 77 71 47 3 76 92 
15
50 54 96 80 21 99 41 84 24 85 9 76 69 82 3 
6
59 49 16 66 23 78 
4
23 7 54 93 
14
72 29 77 40 82 84 25 6 21 39 46 41 57 96 
9
85 51 17 6 86 96 13 8 92 
9
10 39 98 28 3 29 50 15 93 
6
33 68 3 9 1 37 
9
12 32 73 34 26 65 3 40 99 

