175 35 
5
99 24 27 70 10 22 43 46 12 98 62 68 88 48 56 71 16 21 43 17 90 39 24 88 100 81 39 80 20 23 5 86 91 18 53 74 35 43 54 72 41 83 43 50 39 7 59 29 12 19 71 95 65 93 13 62 19 36 4 40 14 64 57 19 1 14 97 3 44 36 76 17 1 11 4 33 32 93 100 99 39 56 40 93 8 4 94 56 28 98 8 52 90 71 78 59 81 60 40 41 43 6 18 37 6 16 42 77 7 87 97 24 42 78 32 9 17 13 52 66 70 2 40 11 93 82 100 16 71 10 36 50 11 59 28 71 7 86 39 93 77 90 86 27 5 58 25 8 45 56 50 32 8 67 57 32 19 82 32 60 45 46 7 42 78 9 20 67 66 83 16 7 4 83 48 
94 79 75 87 12 23 82 39 47 78 11 3 97 34 16 53 77 100 41 55 97 98 19 74 58 32 59 59 52 26 31 53 94 53 72 64 92 63 60 55 79 72 41 48 37 42 69 3 8 37 100 76 32 86 100 41 51 1 35 26 6 97 60 6 40 98 52 50 8 15 14 34 84 56 10 48 72 80 81 49 25 28 93 79 63 79 18 46 35 65 29 5 24 42 20 11 44 91 80 58 61 25 85 37 13 65 44 45 96 51 90 73 46 36 60 31 43 47 17 5 75 23 97 71 72 11 39 22 68 6 52 38 92 57 44 28 55 85 25 93 23 38 79 8 64 22 44 62 5 93 42 45 85 92 33 15 31 20 27 50 2 16 67 38 61 19 12 83 91 63 20 62 67 76 58 
31 83 87 27 52 41 86 82 96 28 80 40 1 16 59 70 63 7 46 29 69 84 96 76 38 32 80 53 18 94 2 77 3 35 88 70 11 95 88 54 41 59 93 69 46 82 13 35 99 36 91 3 59 90 37 9 30 20 42 99 46 5 91 86 70 97 36 23 30 63 91 24 9 57 44 14 44 58 4 18 97 57 56 65 28 9 38 23 97 84 34 2 99 47 34 97 33 62 58 97 83 50 53 81 75 18 87 61 3 37 86 16 79 31 10 85 17 38 22 47 91 76 26 19 31 69 43 73 99 22 50 68 51 44 18 27 78 9 18 42 24 28 42 31 71 93 59 7 36 86 30 29 52 18 16 83 56 98 13 63 80 98 21 42 20 62 87 4 19 68 1 47 68 65 96 
42 51 14 38 6 96 40 20 12 85 62 82 63 16 23 70 83 61 86 73 67 85 77 73 45 27 60 87 77 32 18 21 33 89 51 35 23 25 37 88 46 93 45 88 29 87 12 24 7 46 59 72 36 93 90 31 100 19 51 2 29 70 42 51 11 65 14 19 4 41 97 7 76 51 48 42 2 99 51 32 43 54 85 92 42 45 33 17 83 33 62 6 21 78 17 72 26 39 17 73 39 52 46 20 27 31 76 65 17 75 52 19 29 17 82 71 99 9 88 61 9 83 52 90 78 98 8 59 85 76 45 83 20 38 25 79 76 30 72 2 4 77 76 61 26 34 2 65 25 12 73 27 72 3 4 97 85 77 52 98 100 4 14 15 82 53 23 40 75 88 81 37 84 15 64 
10 27 32 38 91 73 83 97 32 55 69 36 32 84 6 15 9 69 16 3 65 46 89 28 61 67 48 39 9 23 58 29 60 48 66 24 84 90 24 75 38 13 96 76 53 33 97 3 23 60 3 63 94 89 10 8 56 79 36 84 21 44 59 10 84 97 29 27 29 31 31 2 27 88 95 87 84 22 5 50 6 36 61 84 61 40 74 48 92 90 56 25 21 42 8 33 87 60 56 14 36 61 94 80 54 53 81 77 65 51 11 13 32 25 75 27 50 74 97 71 98 39 24 39 51 6 99 32 74 70 4 83 68 54 22 5 23 65 46 49 60 84 96 2 96 73 21 17 3 66 24 36 30 64 11 49 25 46 4 11 4 21 46 74 66 74 45 13 22 6 55 28 85 33 81 
4
165 2 59 129 
3
10 147 122 
8
135 88 82 6 160 68 94 173 
14
24 101 76 64 113 30 48 13 40 96 172 158 118 127 
3
37 63 42 
4
103 142 155 48 
11
144 65 153 162 38 74 100 121 173 54 16 
16
148 6 34 42 150 116 147 40 162 29 2 41 135 71 160 11 
5
49 125 86 43 79 
17
154 8 32 167 106 20 6 174 134 57 101 140 138 111 130 61 29 
12
111 142 44 114 145 129 85 152 19 98 121 107 
10
46 98 148 17 49 94 7 21 89 161 
13
138 152 123 99 154 39 40 37 34 57 146 149 139 
17
128 93 36 81 124 28 119 12 172 156 41 108 92 1 57 63 8 
7
85 87 36 20 148 3 97 
13
13 81 9 114 170 90 128 72 12 48 32 86 50 
15
113 8 31 23 95 155 129 79 130 140 103 171 91 63 97 
15
15 61 76 130 143 85 107 11 144 118 96 112 28 151 65 
2
143 52 
5
97 118 46 116 55 
11
36 163 104 95 18 21 46 137 43 113 44 
14
53 6 112 87 33 141 174 161 149 155 22 14 130 125 
20
99 71 27 148 117 40 91 54 145 76 159 21 106 33 127 67 142 114 158 5 
5
88 67 71 95 106 
9
32 137 71 1 120 58 107 97 159 
3
139 73 59 
19
85 157 49 11 111 98 122 110 156 96 162 1 90 113 10 100 135 79 174 
4
173 170 60 99 
7
136 33 175 68 58 97 91 
16
14 11 129 64 146 124 87 71 153 6 165 108 67 15 125 22 
12
16 169 2 145 146 84 130 29 115 87 78 158 
9
2 75 67 97 84 40 100 3 38 
20
50 90 59 158 101 162 47 13 106 35 16 67 135 28 167 97 23 119 105 25 
5
51 105 16 154 148 
14
107 126 148 73 11 38 175 129 51 121 166 83 134 171 

