175 35 
5
74 86 81 10 87 32 47 93 70 22 25 64 89 79 65 62 58 80 55 65 62 86 92 61 84 93 21 6 47 70 25 77 89 8 81 99 73 83 15 5 83 66 71 44 81 32 89 25 51 69 80 49 81 85 83 91 35 40 69 6 9 66 94 5 85 73 32 40 99 13 27 93 24 76 37 57 58 14 37 73 15 99 18 56 67 85 92 78 20 99 53 69 86 42 100 16 64 95 6 22 10 28 27 80 38 26 53 26 31 86 8 82 41 70 78 93 68 63 8 19 60 68 53 14 24 91 39 66 71 8 37 82 99 43 31 91 67 89 54 62 17 93 38 91 86 70 87 79 80 87 12 52 20 71 71 82 98 81 86 59 21 86 13 60 72 8 4 15 29 81 48 24 25 87 53 
82 40 2 85 63 42 50 22 42 18 82 97 32 12 67 45 51 30 69 44 27 94 45 71 77 11 6 36 18 51 74 44 22 11 72 81 87 85 53 11 28 1 74 53 19 65 85 36 12 40 62 79 89 41 64 32 2 75 35 59 68 58 49 29 4 64 2 88 30 35 15 74 80 62 71 14 33 71 7 31 62 42 17 84 100 100 28 80 8 77 13 5 92 33 27 95 55 16 69 57 37 42 30 59 84 66 39 37 58 16 56 15 21 51 89 29 68 55 26 24 55 85 18 64 72 71 45 81 53 41 65 91 2 17 14 85 28 5 61 63 20 42 13 51 67 18 23 77 48 87 32 97 33 80 38 51 53 53 100 11 75 60 95 2 96 72 76 31 17 7 50 79 17 67 95 
66 36 48 80 86 41 86 67 10 17 4 10 53 14 33 91 66 1 25 93 33 33 20 52 40 1 88 24 81 17 68 15 83 89 24 55 26 4 47 95 60 90 70 11 50 17 24 72 82 91 81 46 61 42 66 96 66 30 66 86 10 32 83 61 64 23 67 57 30 38 73 16 22 62 16 21 85 48 8 48 69 36 90 57 55 38 17 52 75 97 48 66 61 77 61 2 57 83 41 46 48 91 42 38 68 25 58 44 15 53 74 15 50 21 53 37 91 6 29 44 89 93 31 48 63 38 38 56 83 65 94 78 71 28 47 88 22 2 64 22 69 100 79 96 44 88 42 61 72 100 48 2 62 9 39 76 46 23 18 19 38 59 85 86 94 68 28 85 96 85 84 66 36 35 31 
36 28 64 85 84 72 30 42 4 60 97 54 13 19 64 29 68 81 97 75 76 29 20 2 3 68 14 66 69 40 74 77 59 20 61 26 50 36 38 14 9 51 9 34 43 81 69 47 15 40 94 27 66 52 1 96 32 70 83 31 30 93 67 59 70 13 63 68 71 28 61 85 58 77 65 18 53 94 86 28 47 3 73 59 38 64 7 39 67 66 35 14 94 8 13 61 82 76 68 2 99 18 56 76 48 86 44 34 67 76 51 15 87 13 40 42 51 57 4 64 28 21 86 82 67 22 13 61 92 75 31 48 52 78 56 80 89 54 39 13 56 82 39 84 36 100 90 87 97 97 56 87 82 15 96 45 82 17 89 27 47 34 27 93 91 72 3 50 94 99 80 47 18 67 97 
70 62 73 44 20 30 84 40 63 64 47 2 18 96 18 91 94 41 70 45 32 31 18 97 33 78 36 48 35 71 11 25 68 44 32 35 29 25 40 11 39 56 29 52 67 64 37 40 23 33 83 89 1 60 55 10 18 3 5 15 63 64 44 5 77 41 65 99 28 23 26 36 25 10 23 82 32 39 34 74 95 88 89 13 11 88 93 80 43 85 99 66 38 48 87 5 38 78 91 19 66 6 8 65 4 15 95 36 22 9 96 71 55 10 39 23 36 17 65 55 3 32 56 17 23 64 12 60 35 61 86 77 38 88 83 41 17 95 93 15 76 85 23 31 83 51 6 56 21 84 43 20 28 59 89 47 7 54 54 64 99 27 78 51 27 49 55 4 28 30 94 40 29 11 63 
6
8 108 2 90 96 107 
16
55 94 49 38 65 165 134 45 21 19 140 11 95 66 121 5 
10
49 4 53 96 110 93 37 145 139 30 
7
125 70 21 52 95 74 48 
16
146 147 78 125 32 87 63 127 95 167 86 93 48 14 74 98 
15
127 93 140 75 67 46 18 114 156 169 102 83 48 132 136 
19
170 92 1 148 103 35 28 52 45 159 128 68 118 138 66 134 129 173 164 
18
162 121 2 166 16 113 154 70 69 150 47 63 53 32 175 131 50 58 
17
7 61 19 135 77 105 56 20 130 139 79 62 40 145 83 46 76 
3
88 155 66 
2
17 144 
16
27 69 99 120 39 146 140 86 54 80 30 6 47 144 138 101 
19
53 118 72 99 4 112 123 94 49 10 116 137 73 131 48 122 101 5 69 
12
9 133 69 24 155 137 13 53 113 102 66 145 
9
172 110 117 126 5 156 173 67 29 
16
68 22 85 71 119 76 121 152 27 33 53 56 157 94 162 15 
17
1 135 166 42 22 92 45 29 147 130 71 35 61 171 54 145 98 
3
151 164 68 
4
49 98 48 1 
2
126 30 
18
168 27 45 114 138 34 15 12 17 124 126 58 65 28 120 29 52 146 
12
130 7 120 98 6 38 156 16 64 170 47 79 
13
65 172 22 88 1 20 52 138 5 21 13 95 173 
6
21 35 5 98 79 76 
6
27 161 71 75 130 72 
7
150 13 81 54 157 94 43 
8
29 4 67 144 102 101 46 155 
18
156 152 83 32 39 170 135 62 38 153 50 157 17 82 5 139 162 155 
18
91 174 123 66 60 107 161 35 113 32 29 4 111 14 108 85 154 169 
3
164 141 27 
9
118 124 31 16 154 169 116 138 147 
3
74 28 158 
6
81 11 77 89 32 16 
13
38 12 47 172 71 63 61 136 23 166 173 118 84 
17
16 124 55 112 135 157 151 102 115 174 26 137 32 54 29 114 68 

