150 30 
5
46 68 14 9 73 58 24 93 55 35 71 1 8 21 89 53 1 44 94 34 13 77 66 6 7 54 15 90 60 16 25 52 35 97 72 52 57 60 38 13 74 45 33 66 78 28 61 31 93 87 61 80 19 96 82 31 96 52 24 29 85 51 68 100 16 85 37 68 72 88 5 53 60 95 3 73 45 90 76 90 89 20 77 52 98 84 21 80 67 63 37 98 49 30 55 91 33 64 99 74 75 76 37 78 62 100 47 44 15 52 23 66 100 40 51 73 76 33 36 89 55 92 10 3 91 71 27 72 68 5 40 74 36 39 71 96 45 81 82 24 66 9 12 19 45 97 76 39 96 26 
54 39 37 94 96 27 51 37 1 31 22 71 52 92 80 55 15 80 44 38 28 32 95 4 62 25 72 62 18 15 8 18 47 82 25 43 27 73 11 53 16 3 71 50 50 33 15 17 27 97 62 43 78 16 66 82 22 71 47 51 77 48 51 46 55 47 100 8 69 59 73 82 72 42 29 37 89 38 40 74 81 73 67 81 78 53 37 67 20 88 58 15 11 51 96 74 74 39 52 47 88 10 95 52 6 41 4 75 77 20 98 11 38 79 84 79 47 39 27 13 13 5 53 100 48 45 82 61 50 14 78 85 55 66 13 59 5 6 99 74 29 4 43 48 59 9 93 5 36 32 
85 62 65 66 4 13 89 67 17 97 13 84 47 94 25 48 39 51 39 90 60 2 30 55 46 98 69 9 22 47 95 29 12 93 30 79 81 48 13 64 25 5 6 59 82 61 46 97 16 57 12 12 81 44 70 60 76 71 13 36 71 39 23 38 45 28 64 15 97 100 63 2 15 78 84 91 44 75 34 84 26 77 24 71 59 48 52 37 67 86 64 25 90 12 76 24 79 12 42 32 93 16 28 31 59 44 34 92 15 11 18 71 55 91 22 58 6 41 86 38 50 73 100 25 4 90 25 3 89 95 85 36 56 89 69 34 1 36 11 20 46 64 37 55 45 57 25 94 21 20 
27 55 11 32 98 7 47 97 41 77 62 31 2 7 81 100 36 70 20 99 53 47 13 18 60 71 46 35 55 92 99 8 81 66 67 35 21 72 60 30 95 35 33 54 97 74 3 92 43 57 94 81 98 20 51 11 2 50 13 61 50 88 17 38 20 3 25 32 51 48 50 6 25 26 19 43 100 27 80 79 52 13 7 43 14 37 74 51 77 100 21 89 11 64 33 73 100 20 24 44 2 4 4 76 73 37 74 31 40 21 43 86 27 10 57 16 1 93 57 45 57 96 19 95 87 92 39 57 90 97 93 73 16 18 92 12 43 36 39 43 97 74 63 89 61 55 43 89 41 22 
25 81 2 40 15 58 95 80 27 12 9 58 67 29 5 53 44 30 4 99 91 37 60 42 57 39 1 28 90 90 24 69 67 1 63 82 28 91 66 81 41 20 21 45 97 71 63 38 97 97 77 40 67 67 72 78 5 68 25 30 34 43 29 72 36 73 26 9 51 9 28 66 77 71 55 93 7 67 35 27 10 26 91 79 42 40 77 96 34 38 96 7 38 53 10 91 100 57 6 98 29 45 4 34 34 69 40 54 73 79 21 9 21 80 74 4 74 30 34 38 87 31 39 64 6 72 40 41 16 86 24 75 6 71 16 41 78 4 21 99 14 12 17 76 87 26 94 75 79 2 
3
113 109 89 
8
64 115 37 112 30 29 119 69 
13
8 6 58 51 125 5 52 108 45 126 140 109 80 
3
40 30 18 
17
40 105 95 103 122 50 53 132 145 17 128 60 144 129 104 85 147 
3
27 50 34 
6
30 108 116 53 71 48 
19
78 30 20 52 94 56 29 23 17 120 136 147 142 31 14 97 106 118 86 
3
70 2 62 
8
134 127 13 86 11 144 105 34 
11
150 81 96 77 141 122 142 89 107 93 53 
5
61 112 14 23 111 
10
33 136 126 95 67 32 23 143 6 20 
14
145 122 129 53 104 130 86 96 66 46 49 27 47 141 
13
24 27 86 34 7 6 116 56 115 19 58 132 69 
18
16 54 11 61 7 131 26 41 130 60 63 72 24 56 23 50 80 93 
10
107 102 124 105 119 74 94 140 150 89 
10
26 126 79 108 97 34 110 80 70 25 
19
52 122 131 99 33 123 114 76 130 22 9 57 72 16 60 64 56 93 59 
11
115 114 57 20 55 148 83 40 116 109 105 
11
143 140 28 92 59 108 145 76 125 43 52 
9
111 122 126 91 38 112 80 125 120 
7
7 112 117 98 136 92 90 
5
131 119 84 103 128 
3
118 106 122 
4
56 4 139 55 
10
27 14 99 102 106 146 12 74 31 104 
11
115 105 58 65 149 37 63 135 146 67 93 
16
108 144 48 126 146 70 28 93 109 148 128 10 32 120 133 51 
4
126 91 90 59 

