200 40 
5
30 99 61 79 50 43 98 23 4 45 46 50 54 79 75 19 34 79 22 4 58 44 43 36 44 85 24 94 92 31 29 93 87 6 32 18 12 17 85 29 70 89 27 63 11 58 53 38 71 61 79 49 65 73 72 28 62 23 45 3 98 30 77 76 28 55 8 21 23 30 1 22 77 46 60 2 83 76 72 3 25 20 5 9 42 22 83 68 72 74 96 2 5 83 68 85 72 75 79 57 24 41 52 41 40 83 70 23 35 13 30 96 85 10 4 25 14 100 1 49 76 25 53 3 76 33 46 84 78 19 36 54 55 22 63 68 81 29 37 90 81 40 28 73 4 1 77 10 50 39 93 26 63 69 63 7 67 52 24 73 69 95 26 94 2 35 43 30 65 85 80 81 80 81 34 63 3 48 5 57 45 53 74 17 70 41 27 100 26 84 25 96 53 8 52 40 2 88 71 84 
21 41 46 85 100 98 64 37 20 2 89 45 91 3 85 20 75 8 62 85 49 49 6 69 64 72 24 20 67 77 16 67 100 13 94 2 19 21 6 32 81 89 20 2 71 26 97 48 43 61 82 65 8 83 77 77 72 59 19 55 86 97 55 39 5 75 94 86 66 25 59 59 9 17 30 72 43 17 91 71 73 35 65 75 92 48 71 85 20 7 78 93 42 58 64 85 16 44 81 97 10 17 89 57 90 70 59 22 91 16 8 98 97 5 94 97 78 2 36 4 82 18 22 6 41 25 10 76 38 99 90 29 22 23 32 56 94 78 33 50 61 75 10 36 36 65 41 24 69 26 32 29 71 7 5 29 27 4 96 62 27 28 47 89 21 42 50 42 6 44 23 84 16 62 51 86 78 54 86 63 2 49 49 10 32 72 31 31 39 39 25 72 65 24 25 52 68 77 60 42 
78 43 80 73 29 97 51 75 41 25 12 37 46 49 85 70 73 28 63 65 36 15 65 67 44 35 69 91 18 47 60 34 72 88 55 67 47 1 36 12 2 19 23 18 88 48 15 8 56 26 68 58 17 15 52 78 44 28 85 86 43 24 98 28 58 48 61 1 90 61 80 29 13 24 89 73 65 74 50 70 83 86 30 36 1 1 8 7 40 64 33 61 49 68 86 3 49 6 100 53 1 28 15 46 71 70 18 25 29 62 84 53 78 25 8 92 43 69 34 35 70 93 94 45 39 49 87 88 94 86 76 37 94 57 15 9 89 43 77 20 21 30 70 98 26 69 16 54 78 65 17 55 38 33 62 33 96 57 15 22 10 90 53 25 2 30 82 53 63 49 73 82 96 57 72 46 84 44 94 24 23 56 32 62 24 92 63 19 42 1 70 41 43 15 20 77 82 72 43 77 
40 82 56 33 89 95 92 77 39 56 5 56 43 42 5 17 5 61 58 1 47 22 31 10 20 68 82 69 70 54 72 30 35 66 4 93 84 45 95 13 85 59 82 77 80 34 42 54 70 56 61 96 78 95 61 36 19 7 61 83 89 1 39 65 75 68 67 83 43 45 55 90 55 89 63 78 38 62 91 11 36 75 38 68 21 36 25 100 84 21 87 28 6 78 84 22 51 57 44 53 26 90 78 79 42 42 31 40 15 27 90 52 21 49 82 68 96 5 5 96 70 32 54 25 53 93 56 88 87 31 16 31 5 37 3 51 85 3 50 44 34 40 87 74 61 60 69 20 47 89 8 5 82 72 14 56 95 75 66 30 34 70 27 43 86 31 32 7 27 48 40 1 19 10 47 4 62 67 27 28 83 36 37 73 17 34 36 57 31 16 78 36 66 52 70 61 68 49 43 52 
27 87 22 69 82 37 24 67 95 46 30 91 16 83 12 17 100 4 1 27 32 32 12 46 74 36 30 87 37 36 4 54 13 4 86 74 2 56 49 41 64 23 65 28 3 57 12 40 100 20 99 53 94 15 52 11 39 80 1 30 15 60 27 18 13 43 36 82 95 21 98 19 76 10 25 5 67 28 87 64 87 79 62 90 59 36 25 20 34 53 1 75 2 93 91 78 69 27 5 46 62 20 8 99 58 65 67 100 58 53 69 4 71 9 90 45 73 57 23 34 5 21 7 9 85 97 27 90 48 41 40 88 67 85 93 37 12 84 72 72 93 5 86 10 1 55 66 86 60 93 25 16 21 14 75 18 19 38 91 50 16 33 71 10 23 12 39 8 71 63 81 92 74 78 71 91 26 23 73 92 75 14 7 25 35 1 50 8 30 16 82 48 70 5 92 79 33 13 64 17 
8
69 101 46 51 112 137 48 37 
9
58 84 194 111 195 157 7 107 130 
19
32 193 39 50 177 183 155 126 116 52 75 185 1 5 27 157 166 86 124 
8
124 36 197 82 77 20 3 83 
11
148 57 15 3 145 172 25 22 175 107 53 
3
171 32 122 
7
127 114 102 75 1 177 176 
10
57 168 39 181 182 86 82 3 47 69 
9
94 65 82 140 27 100 167 125 72 
10
78 75 9 105 86 88 79 117 123 138 
17
50 146 192 180 139 26 104 86 76 114 42 141 19 156 28 43 84 
5
73 148 21 63 157 
10
89 35 125 28 192 175 11 63 70 7 
13
34 22 84 76 161 189 142 88 71 118 101 42 198 
18
115 86 64 113 107 24 33 110 39 111 5 127 108 58 11 61 155 45 
7
107 96 39 81 191 113 114 
18
35 27 118 170 112 59 140 5 178 87 123 135 66 186 17 38 40 90 
4
109 170 145 39 
19
21 59 28 107 36 52 134 5 142 77 163 123 155 185 180 23 105 31 18 
3
200 166 41 
18
3 193 102 21 116 113 82 187 154 176 186 33 51 53 158 40 75 106 
12
173 10 144 190 100 61 135 191 90 30 114 161 
18
165 96 176 7 30 91 134 174 27 184 125 58 185 114 178 103 171 66 
6
66 172 14 77 79 143 
20
121 50 48 90 67 31 63 123 14 13 98 99 9 29 58 4 150 107 199 100 
17
165 58 148 36 136 3 41 112 177 44 99 84 25 127 130 150 65 
15
38 43 151 54 180 58 167 99 148 127 64 154 112 158 124 
17
186 100 139 157 86 161 103 58 131 175 155 12 30 102 15 134 196 
19
64 44 37 146 9 63 84 19 200 78 62 56 24 155 123 7 18 187 131 
9
123 102 186 55 93 25 69 79 120 
4
31 52 184 150 
2
24 65 
16
88 126 44 20 190 145 143 79 175 93 130 52 91 99 103 128 
9
118 46 108 36 121 53 181 106 141 
2
185 153 
5
171 194 48 181 135 
5
145 135 160 148 18 
3
161 165 59 
2
94 28 
6
40 94 113 199 67 116 

