200 40 
5
15 82 38 92 61 45 49 97 73 81 8 9 90 9 58 78 77 64 85 25 48 76 57 6 81 28 23 62 11 31 93 62 86 56 20 98 50 27 59 64 97 74 32 90 74 79 87 93 99 41 55 43 44 19 13 36 64 53 88 73 1 64 84 43 35 27 40 56 99 52 48 54 50 22 53 96 94 51 99 21 40 54 66 100 72 33 70 72 86 1 56 56 94 62 77 56 46 46 41 28 55 79 56 8 1 9 41 34 16 99 79 17 44 59 23 62 90 92 44 24 4 61 22 48 56 63 22 52 4 2 72 85 80 47 36 43 71 97 92 37 14 81 15 80 42 16 10 85 5 28 70 17 23 2 53 64 47 42 23 88 56 80 66 35 74 96 38 90 96 36 22 90 89 78 91 95 68 44 19 95 49 24 41 96 20 94 63 50 100 68 5 57 68 55 5 84 83 57 39 63 
66 1 29 12 37 56 82 17 4 46 43 97 17 38 35 66 76 38 43 89 87 4 42 68 53 34 100 84 86 60 37 98 6 61 85 39 55 59 94 62 66 61 59 5 59 68 48 35 10 9 30 57 56 84 42 20 54 52 62 95 36 38 72 23 91 84 52 2 42 25 13 3 11 12 43 34 96 17 91 98 23 88 3 17 16 29 52 87 49 52 29 2 100 68 2 9 74 73 2 76 12 62 84 4 40 38 60 96 34 77 47 15 100 59 51 32 26 43 38 14 58 73 44 66 11 88 77 4 70 93 56 61 48 39 92 31 93 100 64 57 72 97 13 11 2 34 95 3 68 31 82 66 57 14 96 17 51 50 2 38 37 57 92 95 14 43 58 90 71 21 60 83 60 12 90 22 38 43 13 91 68 66 36 47 91 60 74 35 33 33 80 58 83 82 96 29 55 8 53 53 
1 17 6 23 97 78 88 41 6 4 48 50 53 86 42 83 55 20 88 25 10 45 2 36 48 31 66 76 66 46 17 99 11 23 86 69 11 40 26 52 37 32 67 70 99 60 23 61 17 100 81 96 71 4 87 43 52 4 91 12 18 4 24 92 57 20 33 16 48 46 49 81 93 83 31 59 6 93 80 58 16 100 71 88 73 19 52 32 11 32 3 66 29 96 94 5 63 1 31 1 61 42 45 46 75 24 72 65 4 52 31 38 61 95 6 97 73 5 65 32 38 11 84 61 32 9 12 80 32 60 39 83 5 12 3 8 8 53 84 47 80 24 93 55 51 40 19 10 5 7 37 96 94 9 67 47 70 59 17 83 98 56 39 59 70 63 63 96 31 98 52 2 53 45 32 14 35 13 23 58 6 43 4 3 63 43 84 92 33 93 68 68 79 73 7 64 45 30 20 97 
92 85 22 80 85 69 12 81 84 88 27 38 1 91 96 57 9 30 27 53 1 45 44 31 33 93 85 1 60 73 42 14 10 100 70 94 90 24 94 55 71 34 26 15 43 94 13 94 13 52 21 36 49 87 51 84 96 31 56 56 36 28 84 46 21 53 99 86 89 56 45 69 96 80 94 91 69 11 49 33 12 47 94 51 31 8 17 11 89 10 32 23 72 47 61 81 89 67 90 21 68 11 5 6 20 54 49 25 16 69 57 33 87 90 13 60 86 94 41 30 43 60 56 69 39 25 59 71 90 61 18 13 69 5 88 69 42 74 93 63 26 46 78 41 94 69 20 48 40 5 92 11 36 86 65 44 58 72 28 45 59 3 70 28 78 38 90 100 84 11 48 55 36 26 93 77 45 33 4 15 71 46 55 41 87 14 61 80 8 18 53 90 33 11 86 85 100 96 91 49 
40 76 32 78 53 4 43 30 30 15 85 4 42 70 22 27 59 64 55 89 63 93 89 33 54 57 42 24 59 57 67 66 16 23 60 65 44 90 46 8 17 86 92 10 85 94 96 42 15 55 49 21 63 91 63 74 77 8 91 76 23 94 1 64 38 90 17 58 49 2 69 81 36 6 50 67 87 98 87 74 85 22 44 30 32 15 17 99 70 36 87 77 20 43 70 100 11 25 48 49 25 21 25 45 23 71 87 21 31 85 72 81 49 30 61 61 11 40 62 18 77 2 95 89 41 89 89 66 8 30 71 92 39 17 3 60 16 18 72 9 36 30 66 30 92 72 46 12 90 13 4 96 21 26 81 39 1 12 52 96 33 98 47 72 70 16 41 13 11 80 21 13 83 5 27 20 66 67 82 65 93 4 63 21 74 88 72 32 50 56 42 27 80 66 93 62 100 25 47 2 
5
67 10 126 64 147 
5
74 125 186 190 65 
17
127 59 64 152 65 6 191 165 134 43 85 96 54 198 109 149 171 
15
111 40 31 193 15 65 174 95 16 4 140 154 63 90 160 
3
139 53 129 
3
126 15 78 
18
117 176 70 118 14 58 115 135 42 25 119 93 141 150 193 54 184 131 
10
71 48 163 22 87 64 125 184 14 147 
13
42 81 10 37 168 23 147 143 43 195 46 21 45 
17
175 32 184 7 24 181 115 186 48 116 176 108 14 109 22 90 111 
17
54 97 174 144 74 198 69 111 20 73 122 6 131 200 99 167 157 
15
140 172 66 65 69 163 132 154 42 153 68 173 86 197 22 
5
112 118 4 189 95 
17
11 5 108 34 164 111 178 47 23 41 145 14 52 189 73 185 190 
14
176 17 128 54 53 165 72 91 29 157 192 179 69 19 
3
7 6 63 
3
167 70 55 
9
110 101 107 166 109 179 29 102 33 
16
140 79 101 88 24 113 177 67 65 33 76 73 99 189 34 199 
4
23 194 68 92 
12
161 182 144 181 63 176 94 168 72 140 37 138 
19
38 102 79 180 77 71 125 115 132 157 72 53 57 7 92 74 80 190 121 
13
114 84 132 106 23 41 26 97 1 158 141 161 24 
4
4 167 14 25 
13
43 27 197 145 119 200 42 90 140 39 41 31 177 
8
90 18 45 110 28 179 69 104 
18
134 25 173 160 64 132 200 120 195 174 40 5 51 17 185 169 196 193 
3
47 200 40 
20
55 69 47 187 93 159 58 82 71 18 141 189 97 79 63 167 120 144 183 178 
11
8 35 167 27 196 178 12 149 65 105 14 
19
41 9 63 125 59 124 99 88 35 145 198 40 18 167 55 98 26 135 64 
10
8 18 167 80 44 4 168 92 135 38 
14
198 104 172 86 140 114 136 13 131 42 110 196 161 200 
15
54 46 67 180 13 125 179 61 126 15 105 192 3 41 98 
20
57 30 156 99 155 92 49 39 146 78 139 189 157 20 200 181 93 197 180 176 
9
45 97 28 9 153 143 5 80 13 
5
116 110 178 172 150 
6
7 145 49 123 75 14 
4
89 147 45 133 
16
186 149 43 75 181 151 182 9 56 13 130 122 155 98 91 44 

