200 40 
5
82 54 62 61 31 56 46 64 70 52 79 11 69 61 87 56 100 42 35 89 57 72 51 56 73 93 44 97 21 8 14 14 69 77 36 26 33 80 62 43 20 7 62 93 46 75 7 37 92 34 45 28 98 7 80 46 73 61 81 95 91 87 50 32 37 25 63 13 49 82 98 12 65 29 47 83 65 17 28 78 60 28 44 49 82 46 64 49 11 52 68 49 71 5 27 70 59 63 2 38 93 93 75 4 64 82 52 33 75 54 76 61 100 95 37 60 33 51 20 94 28 91 92 3 77 6 29 33 47 15 98 12 94 100 41 47 30 21 93 97 78 61 98 47 30 91 3 5 44 41 32 15 42 89 20 2 94 87 75 95 7 72 65 22 66 93 7 35 23 55 1 59 28 45 29 89 51 25 2 61 73 64 70 89 26 5 96 10 14 79 49 46 10 40 68 13 19 51 49 38 
52 21 10 82 35 44 80 76 41 17 92 10 43 39 21 80 62 56 99 62 96 39 36 63 72 94 91 30 47 49 81 89 77 72 78 87 59 20 89 70 63 56 50 51 26 21 53 79 38 22 62 83 25 81 20 70 74 93 77 77 3 65 11 61 5 79 36 93 89 37 77 56 62 83 95 75 42 45 26 15 9 37 7 49 65 45 90 72 21 98 36 66 18 97 86 37 76 64 96 39 41 99 42 27 86 2 95 95 38 79 26 22 82 30 49 73 18 32 92 54 88 89 6 78 54 44 66 72 2 5 50 22 11 58 34 56 37 55 94 98 68 48 16 62 16 65 70 43 83 17 96 62 25 35 54 16 7 39 61 68 16 79 17 8 38 17 29 8 9 19 63 59 56 88 13 87 43 51 67 37 7 32 49 28 90 74 78 43 61 35 37 65 11 28 55 96 19 63 66 16 
68 68 74 69 71 19 10 87 90 87 77 6 69 10 99 53 20 54 2 44 27 27 47 80 69 92 61 97 91 33 31 1 48 63 2 27 60 97 26 26 43 38 79 31 86 61 76 39 42 6 89 2 26 17 67 18 83 21 73 21 50 47 74 50 41 48 38 30 27 43 72 78 38 92 45 43 3 22 18 92 37 53 73 83 39 83 3 63 7 90 68 48 99 92 47 28 85 4 100 63 44 3 25 31 95 57 92 63 100 14 47 37 16 9 85 73 46 83 8 21 71 29 61 52 82 12 19 9 22 21 70 68 35 28 86 91 95 49 49 77 76 56 65 69 97 22 38 52 54 100 46 76 28 99 15 35 25 86 36 23 79 74 57 61 61 70 88 85 24 32 14 18 87 57 15 15 38 61 46 52 26 15 53 7 9 7 72 38 34 90 10 100 40 67 60 73 68 26 18 23 
81 43 91 73 63 74 53 27 30 51 64 21 56 1 73 76 18 10 5 90 15 49 60 53 25 85 5 4 99 24 95 100 64 9 23 64 13 5 68 34 12 51 26 87 35 23 36 15 90 97 50 5 81 77 98 10 40 100 3 84 76 72 88 90 15 81 45 91 81 35 17 35 65 31 30 38 70 21 48 50 95 39 5 16 57 90 74 3 80 16 30 69 49 8 34 58 93 98 93 90 67 13 7 8 61 98 41 43 25 58 64 57 73 78 98 24 84 86 61 16 20 81 63 56 96 36 39 56 68 8 85 71 14 82 23 74 30 84 78 93 93 94 83 7 90 85 26 66 73 8 18 14 98 47 8 23 2 38 45 74 68 31 29 55 84 2 21 52 78 49 65 3 57 76 55 2 5 40 50 98 52 68 6 88 14 55 89 63 77 12 25 83 4 45 81 8 35 30 13 69 
28 46 69 56 82 76 46 43 44 52 15 50 30 35 96 40 8 20 82 71 85 70 58 59 87 66 95 17 7 28 26 86 26 100 42 52 32 37 61 97 13 14 60 38 98 83 72 44 87 41 73 100 19 40 29 29 24 81 51 14 16 13 68 69 70 90 85 37 18 59 61 87 50 77 5 91 94 86 4 59 29 43 82 11 89 30 72 1 86 84 63 53 43 10 79 17 45 96 40 81 63 49 100 74 17 74 85 96 72 83 92 18 77 47 14 27 100 32 24 36 90 67 36 54 37 58 21 37 96 68 50 92 54 30 56 40 24 7 42 40 6 18 41 55 18 13 77 71 65 47 63 82 91 65 2 66 50 69 85 14 59 30 49 20 63 6 59 16 28 62 62 65 52 51 21 30 1 15 81 9 90 44 30 97 96 55 97 100 97 98 24 1 57 42 87 63 36 45 53 24 
7
149 17 166 101 106 193 80 
10
68 56 48 148 41 30 108 140 146 121 
11
183 24 184 165 113 176 54 82 185 72 175 
18
57 55 158 88 148 20 96 190 183 144 62 9 165 23 72 37 192 42 
18
68 101 21 158 192 136 72 38 58 120 31 84 115 82 190 148 65 153 
4
45 4 9 51 
18
38 153 26 79 78 81 114 86 193 95 149 12 10 111 141 91 168 46 
14
98 72 79 187 171 76 112 114 119 89 146 143 41 148 
17
190 199 19 104 24 138 164 29 189 128 40 108 68 109 8 123 119 
17
33 30 143 52 22 188 63 58 48 150 138 170 124 172 81 87 163 
4
30 73 139 108 
7
148 136 66 170 101 153 141 
11
179 103 175 2 84 49 196 110 9 39 134 
2
102 87 
12
162 199 48 9 200 146 66 143 107 97 184 79 
4
128 190 173 65 
2
131 120 
18
129 143 24 125 98 3 72 38 150 8 18 52 146 36 64 94 179 118 
14
33 96 66 109 130 26 35 5 20 114 175 104 174 47 
12
95 200 149 46 80 195 126 59 118 96 6 22 
4
40 168 184 83 
14
133 4 100 95 162 147 16 129 143 121 46 27 6 17 
17
62 150 187 29 44 39 79 82 198 183 151 47 173 184 25 5 142 
20
55 8 25 74 96 37 46 176 50 89 86 111 69 170 122 62 186 171 168 163 
6
33 29 16 145 117 191 
13
87 7 198 53 19 124 101 92 24 167 154 186 84 
6
93 72 22 135 42 60 
15
162 37 65 89 180 67 142 184 195 11 112 151 161 158 149 
16
128 153 42 102 9 136 63 72 195 16 162 118 89 139 80 67 
2
195 127 
10
7 187 131 191 189 41 23 125 31 181 
19
21 44 157 108 25 90 133 46 198 102 135 164 107 191 200 154 111 88 192 
8
2 118 154 155 151 26 182 180 
3
40 171 45 
11
99 182 170 3 100 57 106 49 160 165 42 
19
107 183 12 70 86 151 15 135 145 132 18 4 127 76 66 8 50 13 177 
20
103 47 137 11 3 111 151 78 194 160 67 131 164 135 21 39 74 177 96 140 
19
26 146 104 155 90 56 97 66 92 128 78 71 115 130 49 154 113 175 114 
8
141 114 2 106 87 17 181 108 
4
26 106 85 130 

