200 40 
5
48 96 60 5 98 53 16 78 11 80 71 16 64 64 79 71 71 7 23 75 74 59 53 97 14 68 47 74 68 10 73 15 30 31 65 58 1 38 70 65 57 32 65 82 76 26 57 9 83 8 54 92 42 63 36 83 90 37 11 9 48 20 57 38 33 94 2 21 25 55 59 89 47 45 40 52 7 87 41 35 33 45 25 99 83 9 3 30 83 67 31 28 72 22 75 6 92 11 85 51 33 41 6 37 54 28 66 5 75 62 52 87 83 47 89 98 38 1 39 70 55 70 81 39 78 93 100 52 99 52 7 20 67 63 80 56 30 11 18 58 48 57 99 88 2 88 70 60 46 54 70 58 52 65 59 95 77 9 92 26 14 1 20 66 5 23 63 32 97 32 99 74 60 43 80 49 44 25 58 22 49 72 72 100 67 78 55 51 30 26 26 36 9 87 66 61 66 80 27 74 
20 35 99 38 26 70 87 81 85 75 64 74 80 18 40 43 84 4 74 65 18 94 41 81 61 34 100 49 14 22 87 25 77 100 9 60 88 22 72 59 65 82 94 75 1 92 31 71 37 84 12 44 69 60 20 4 43 50 37 25 22 68 46 23 78 17 80 28 75 56 4 47 86 59 46 34 49 76 3 85 98 100 97 33 46 60 94 14 9 19 49 36 14 4 52 61 81 34 58 73 41 30 98 20 13 80 36 76 63 62 71 72 45 60 3 68 96 74 11 19 25 85 50 27 52 46 15 45 77 28 36 61 12 61 45 34 92 70 68 60 22 2 20 7 10 94 50 48 21 72 1 42 92 97 86 74 8 91 67 30 53 46 37 8 92 16 27 73 2 85 73 84 33 17 22 16 87 50 61 26 12 1 99 58 89 66 3 58 12 17 91 32 9 5 15 59 56 97 50 58 
17 51 9 55 38 13 30 68 5 9 24 6 27 95 91 89 89 79 94 70 80 46 86 57 26 90 40 83 6 21 76 1 86 22 95 66 56 31 79 8 91 15 68 2 74 2 4 62 65 70 27 2 19 74 66 18 62 78 11 91 1 4 15 8 15 51 44 40 33 45 11 21 30 75 51 81 33 35 95 15 6 44 68 35 87 17 95 57 83 7 32 47 2 72 79 61 53 65 78 95 99 41 33 30 72 64 61 10 64 26 67 58 76 90 31 85 36 28 86 10 73 29 9 65 89 46 52 88 29 98 3 2 52 59 67 47 32 23 24 64 43 53 9 35 22 2 36 40 13 36 75 77 46 4 29 10 95 89 95 85 35 27 44 79 80 11 36 68 47 29 60 13 34 47 96 78 15 79 72 42 33 29 39 53 52 2 5 46 80 83 25 65 59 63 55 14 3 13 25 20 
84 77 91 75 20 8 90 80 27 78 22 9 55 65 59 1 50 87 4 94 82 33 96 16 31 59 93 61 59 61 35 52 67 91 54 44 36 85 93 70 97 61 84 15 89 29 2 4 58 25 14 98 17 33 74 11 52 69 9 61 47 31 88 82 87 10 63 58 67 84 95 80 3 81 92 33 28 18 96 34 15 96 84 60 42 83 92 11 80 29 60 70 17 11 68 10 3 20 47 49 47 38 27 50 79 88 17 6 83 33 96 28 32 32 40 99 85 88 11 60 2 17 81 90 20 82 63 8 41 51 72 87 20 92 21 33 1 68 23 50 15 98 83 3 22 40 66 36 56 92 3 29 57 75 22 14 91 67 50 54 98 32 27 2 89 4 98 95 14 68 41 48 9 77 83 18 48 81 73 39 78 52 3 3 70 8 17 30 61 67 43 77 76 25 22 1 25 46 76 16 
77 83 7 5 84 77 88 82 43 53 71 46 66 34 18 2 5 63 26 75 27 1 47 70 17 99 100 97 62 95 53 64 98 72 9 65 93 100 50 14 43 68 87 62 89 71 40 1 38 81 34 67 84 41 75 46 32 95 32 78 87 19 42 61 90 48 13 28 92 74 18 47 6 68 73 51 60 12 5 34 54 35 80 82 11 56 30 40 18 66 82 29 73 4 88 36 56 72 99 64 75 31 32 78 84 35 66 1 11 43 81 37 94 72 10 10 17 44 95 84 62 40 45 18 86 86 74 37 23 52 35 28 53 80 7 57 44 52 62 67 71 52 37 57 40 52 62 37 68 17 62 90 74 88 41 25 34 44 74 95 28 63 39 34 83 90 40 88 7 41 1 44 23 9 20 65 89 81 2 100 91 7 93 55 32 78 93 22 15 86 44 52 7 83 3 28 70 53 61 71 
12
132 3 2 31 194 122 15 75 120 65 85 149 
18
148 111 46 131 25 27 81 76 58 150 53 167 135 170 52 14 40 158 
10
113 84 7 63 137 117 123 165 191 6 
13
126 72 115 170 67 177 159 45 137 14 175 76 29 
14
180 103 125 35 9 160 200 97 87 39 159 31 196 164 
12
10 26 111 127 162 175 18 64 78 43 12 108 
6
188 13 140 93 154 103 
13
118 20 108 156 170 34 85 72 140 35 46 197 163 
18
26 84 51 94 33 166 110 135 117 191 198 49 31 142 181 162 36 124 
3
104 98 161 
11
167 193 169 152 26 121 34 118 61 33 74 
15
184 156 104 194 31 117 17 88 119 173 160 118 192 132 105 
14
150 141 33 132 27 131 127 60 82 49 30 181 148 106 
3
165 20 45 
20
163 142 188 109 48 104 31 13 123 200 106 19 21 191 147 12 144 26 171 76 
2
157 122 
12
137 194 61 193 173 93 167 104 184 31 185 82 
17
174 160 99 128 86 73 18 129 185 98 131 125 162 154 171 62 167 
7
171 80 61 175 119 195 8 
15
184 76 51 150 141 198 108 73 39 84 28 67 21 88 75 
9
20 8 108 15 59 183 30 46 17 
19
13 144 64 130 88 45 180 74 59 147 93 4 82 107 42 112 14 101 161 
17
41 179 101 143 141 155 7 26 58 107 198 133 181 137 177 128 151 
15
11 117 155 141 127 159 15 160 142 129 38 64 148 81 172 
6
162 115 167 52 45 134 
15
186 97 91 107 81 44 33 49 36 133 136 46 176 165 22 
11
132 131 190 176 160 17 47 167 138 199 152 
5
40 78 126 88 58 
20
52 85 102 93 200 118 56 90 105 73 106 146 15 27 119 63 175 94 23 49 
20
179 127 135 48 51 81 125 54 47 151 162 110 82 111 40 10 171 98 198 97 
3
128 183 84 
19
48 156 159 80 166 136 65 19 49 163 32 152 71 191 74 161 132 151 64 
11
129 109 93 87 56 166 59 91 108 176 53 
10
27 72 177 69 82 112 126 51 142 100 
2
132 29 
3
166 60 91 
10
49 148 14 109 105 169 25 93 48 91 
8
26 35 125 7 93 8 152 78 
2
190 161 
3
67 111 175 

