200 40 
5
4 6 77 47 60 65 43 89 44 94 93 12 97 94 68 12 38 24 34 91 85 39 29 88 17 46 78 61 52 16 42 40 34 1 13 42 14 88 67 7 33 13 65 30 14 72 65 37 65 56 13 43 94 70 60 100 79 25 67 22 42 68 87 22 23 51 45 87 28 82 77 15 40 82 43 4 16 7 11 17 70 91 74 38 13 14 96 95 8 15 53 52 33 61 35 87 25 15 53 2 94 6 93 72 14 66 73 34 7 39 20 90 3 73 73 99 61 25 55 31 8 36 25 32 30 65 84 48 17 37 90 24 43 1 5 86 79 7 75 77 43 78 11 95 42 100 58 67 63 90 30 46 57 76 96 38 35 76 23 74 97 29 75 47 33 12 40 21 84 93 97 1 7 16 45 67 28 53 28 24 4 5 91 22 67 98 66 5 79 83 59 74 4 85 73 87 68 21 24 36 
27 63 33 60 5 4 96 18 9 20 68 22 49 90 13 46 20 45 78 9 24 18 95 4 54 60 65 79 41 92 27 88 77 45 67 22 38 25 40 22 31 51 73 32 12 75 5 29 82 20 92 78 51 41 62 29 63 71 41 4 66 30 13 72 55 33 35 4 86 28 91 76 31 95 37 31 5 5 97 93 42 25 99 94 92 48 91 83 77 100 33 4 44 5 50 61 55 13 82 1 33 61 59 40 43 46 29 93 9 64 87 8 19 52 58 55 48 14 74 57 66 3 54 5 66 47 34 89 2 81 81 39 75 74 48 26 2 31 70 6 82 76 46 66 42 87 31 72 47 95 36 73 49 48 71 59 37 52 2 39 80 43 60 12 2 23 63 48 65 12 24 50 35 79 99 77 66 74 19 55 21 9 2 30 66 88 21 41 40 82 81 76 78 21 88 12 54 59 100 27 
66 52 68 55 8 18 15 88 34 87 27 3 27 67 63 14 88 45 83 77 8 92 29 95 80 13 16 26 36 83 87 97 51 28 23 37 48 66 66 15 95 44 70 67 94 81 56 72 77 91 32 99 48 17 40 7 60 85 81 17 19 74 59 56 2 53 2 92 73 17 68 12 91 29 77 59 55 4 77 18 13 22 43 63 52 93 54 42 50 23 19 4 70 42 50 28 69 37 11 20 38 97 95 65 12 31 52 28 24 92 94 24 58 23 69 59 69 84 50 17 59 56 88 18 93 72 66 94 43 83 73 34 82 39 51 23 86 13 94 100 24 9 58 65 87 52 36 44 27 32 23 71 86 80 28 61 76 72 50 85 35 29 1 99 72 81 91 89 67 46 73 11 85 38 39 77 46 55 99 27 46 84 26 47 54 72 93 76 46 85 21 2 11 14 8 27 37 64 41 23 
91 76 16 47 62 43 85 52 10 77 8 8 78 80 52 22 42 59 24 26 25 97 16 86 90 44 92 35 85 40 64 83 64 63 81 59 68 34 97 59 77 84 6 56 54 14 62 56 6 55 64 48 59 51 2 1 64 15 83 68 67 74 18 16 13 80 77 79 83 96 82 87 46 72 55 34 96 54 70 19 98 14 22 33 22 76 46 100 71 52 90 17 11 46 59 30 82 99 65 88 60 42 8 9 67 50 47 24 14 49 26 47 20 61 71 34 97 92 31 84 47 67 40 6 53 22 88 60 14 38 72 89 80 52 1 51 35 100 37 65 3 55 66 79 46 3 84 28 89 76 53 93 29 62 47 97 87 26 7 60 7 97 11 89 27 70 95 1 79 63 48 3 96 11 75 5 12 5 67 91 40 92 50 3 100 84 62 19 12 17 80 98 61 86 98 60 64 15 88 78 
74 36 100 70 2 66 53 13 87 16 78 62 53 20 65 85 46 99 7 91 28 58 4 50 69 98 23 1 66 78 63 98 49 76 67 64 56 70 93 88 69 14 5 13 4 64 37 20 50 53 91 43 71 24 43 82 57 84 31 76 8 7 37 80 43 89 50 43 33 16 44 45 92 84 39 84 49 48 97 24 59 2 76 50 4 16 8 72 49 9 79 50 93 12 26 67 88 86 42 85 34 27 68 38 53 11 60 93 79 53 27 4 47 78 3 24 64 6 37 78 48 33 98 67 37 92 25 9 11 60 46 6 84 48 3 4 68 1 17 42 83 95 42 88 31 58 65 85 49 43 65 75 60 19 16 3 35 93 35 68 31 41 58 71 13 10 19 11 35 81 76 50 56 100 5 61 14 23 39 79 94 6 59 87 91 3 80 67 35 100 14 76 90 18 77 17 8 86 11 53 
6
96 101 64 14 94 176 
13
22 146 161 89 73 108 165 136 149 51 191 98 43 
13
131 124 178 118 31 133 59 28 102 73 47 192 86 
7
88 82 100 51 7 79 35 
5
20 115 92 176 3 
3
19 191 123 
11
139 179 88 166 126 83 32 91 93 107 28 
4
177 88 98 114 
15
118 124 13 64 35 122 81 144 189 40 72 199 20 125 3 
16
189 59 77 35 70 41 103 71 96 78 173 1 40 79 32 162 
8
53 186 181 27 177 36 139 103 
11
178 129 100 51 180 33 171 146 126 49 176 
14
108 110 72 107 89 92 94 129 134 198 200 48 5 164 
18
156 196 76 17 124 28 49 123 184 175 116 170 102 174 13 39 166 119 
13
136 149 172 133 175 116 43 163 151 68 192 139 71 
13
106 44 195 104 39 53 25 167 32 107 23 127 132 
6
47 136 141 11 21 34 
3
32 200 129 
5
105 58 67 64 104 
14
16 31 139 40 171 54 121 117 190 129 51 28 195 105 
12
36 134 185 173 136 106 54 11 138 57 168 111 
3
184 83 188 
5
153 4 63 171 87 
16
78 130 26 170 127 97 106 21 57 56 159 52 75 177 90 77 
19
49 82 165 180 190 167 58 28 102 41 22 153 162 67 16 112 189 35 94 
13
134 139 23 102 96 56 160 163 123 20 130 171 86 
9
47 9 81 4 194 15 77 134 124 
2
60 121 
17
36 200 31 196 2 52 149 176 173 166 187 74 91 24 167 79 41 
6
148 44 103 16 20 132 
12
12 61 188 70 186 32 25 21 6 162 99 142 
16
83 191 135 131 98 158 81 186 86 164 198 58 152 57 19 133 
19
60 113 187 124 183 18 115 130 20 134 163 195 167 37 67 98 28 123 92 
16
50 181 81 186 102 191 163 13 38 79 113 165 196 168 195 174 
18
195 89 50 4 183 148 57 133 121 81 29 159 114 102 18 187 144 8 
11
184 135 154 73 175 110 155 43 50 100 20 
5
128 89 59 51 140 
13
200 84 68 188 53 4 136 144 48 142 49 5 130 
17
182 71 55 72 34 179 173 70 101 73 121 130 139 168 143 27 74 
14
160 79 131 117 169 115 185 133 161 124 58 34 118 39 

