200 40 
5
3 100 26 34 36 75 5 32 92 46 78 23 56 30 4 90 83 45 11 57 41 15 89 52 83 7 11 83 26 82 16 96 5 60 22 5 67 67 31 71 23 43 57 55 87 30 29 36 62 31 18 49 23 73 24 92 17 47 65 38 60 9 7 12 20 96 19 57 51 84 75 92 94 33 80 16 63 64 54 40 100 26 43 25 70 26 59 98 66 56 39 28 23 79 7 67 20 60 37 58 36 90 60 55 59 56 26 73 60 76 14 6 88 84 3 39 31 59 37 26 67 92 12 53 24 28 80 100 42 9 89 40 92 59 96 77 71 29 91 26 8 92 32 64 93 61 6 20 58 8 23 6 82 12 49 92 99 80 44 66 44 58 74 50 3 59 48 18 69 62 53 21 38 78 53 23 4 2 42 87 45 64 52 82 44 7 64 7 16 84 63 34 63 64 1 26 49 24 42 51 
64 17 26 6 50 83 44 83 35 81 16 28 38 71 88 34 99 14 1 58 34 71 59 18 90 7 37 84 24 73 9 86 59 24 25 78 60 32 44 47 13 47 98 18 99 78 26 59 91 24 43 41 1 51 85 38 9 65 58 19 67 66 35 33 81 50 72 64 73 53 92 22 23 44 46 15 92 50 18 75 5 66 2 83 88 62 93 12 56 24 53 40 10 39 72 20 46 76 49 20 15 82 44 1 98 30 54 10 58 63 92 43 33 16 67 88 65 68 68 71 7 73 26 28 35 31 85 17 45 70 78 42 81 81 76 32 33 29 64 66 34 2 18 89 39 40 39 28 35 12 96 15 70 49 72 88 59 66 34 63 97 68 33 28 75 79 29 49 79 69 5 25 1 63 34 82 66 13 24 34 31 78 4 95 9 76 76 11 42 31 74 49 33 64 39 97 63 85 6 46 
51 57 89 1 53 47 63 59 65 14 71 30 72 87 92 80 99 50 35 78 18 46 26 47 10 10 34 13 4 44 88 97 63 52 43 64 44 29 96 68 59 45 35 36 49 85 36 66 60 19 77 64 16 75 41 31 98 15 98 5 18 86 43 16 94 21 97 14 30 36 2 28 86 23 97 45 28 72 62 53 53 83 11 18 95 25 68 1 63 8 38 95 75 71 12 22 40 57 96 45 6 30 75 3 41 30 90 92 76 85 72 53 4 44 36 4 3 71 76 71 52 65 72 15 73 66 65 62 56 23 36 24 7 12 72 73 60 89 10 84 12 74 85 59 8 60 6 11 17 8 51 27 92 64 3 56 62 23 96 92 82 24 33 15 73 30 18 40 100 83 78 77 25 26 1 32 9 21 23 42 30 23 60 43 5 14 33 22 75 35 73 40 52 13 23 14 61 75 66 73 
65 89 39 57 87 43 90 43 36 26 64 66 78 27 46 40 31 49 61 56 71 38 66 81 18 92 96 44 86 40 74 68 79 10 8 76 82 31 27 87 59 82 55 28 24 100 20 67 46 6 82 90 92 1 89 49 82 45 35 10 68 44 32 54 16 71 70 5 71 38 38 85 74 91 18 62 22 30 61 69 5 56 10 94 5 89 24 96 56 86 41 27 71 49 84 49 5 15 69 39 10 92 20 77 71 48 44 5 45 88 33 26 10 48 61 25 14 72 11 74 9 53 94 82 19 45 40 4 94 56 23 69 15 89 40 86 20 50 21 63 6 71 54 23 76 48 93 84 34 76 1 85 94 5 41 70 51 84 95 71 22 82 66 72 62 85 72 32 22 50 31 54 79 6 37 56 26 13 77 41 100 80 16 37 24 69 89 99 30 24 1 2 51 68 55 95 65 23 3 53 
19 98 82 78 77 11 3 16 14 53 54 81 1 97 41 51 22 86 14 82 43 64 10 7 35 84 56 39 23 15 60 65 100 83 5 55 5 6 79 97 67 23 57 40 12 37 37 10 32 59 48 80 33 31 34 87 88 17 51 17 25 81 100 57 72 61 76 59 7 36 5 55 87 55 12 99 77 83 7 63 70 58 38 85 71 91 64 58 67 26 44 85 34 66 100 48 14 84 16 100 86 26 95 33 83 7 45 81 48 12 92 27 67 84 1 56 97 99 31 32 76 96 58 90 81 60 53 81 48 26 90 5 78 83 91 35 47 37 35 17 53 48 56 79 4 22 69 71 42 85 80 35 21 4 60 19 58 81 73 96 73 99 77 82 32 38 10 61 76 73 2 62 47 41 70 65 6 39 12 88 90 37 67 51 13 48 57 37 16 87 35 96 76 46 90 94 94 45 70 15 
5
88 183 159 136 172 
19
36 120 163 190 65 169 11 185 178 91 76 134 117 88 1 53 162 155 43 
15
151 120 182 12 73 105 66 71 70 25 38 148 26 86 104 
3
92 178 162 
18
43 80 200 82 17 28 190 67 157 198 29 180 153 14 177 156 149 97 
10
78 85 57 46 127 191 53 109 130 102 
20
99 103 27 146 116 62 81 98 68 135 14 109 175 42 199 127 170 197 112 86 
10
86 37 134 13 68 23 149 1 26 49 
18
94 86 81 182 67 59 101 33 66 149 100 168 179 31 18 44 23 36 
16
187 112 164 151 43 147 110 144 39 139 165 132 169 191 178 27 
19
136 142 115 48 51 77 122 200 149 70 131 42 179 20 153 155 180 100 118 
17
189 17 163 161 58 85 143 185 11 81 28 30 52 178 63 48 22 
14
54 22 145 164 66 107 64 16 186 20 134 102 74 174 
3
42 34 133 
7
30 79 15 75 121 28 186 
10
39 135 110 101 189 62 98 10 108 79 
13
65 52 118 150 188 75 91 8 110 47 96 98 79 
5
161 20 179 88 11 
17
45 162 200 26 80 18 60 132 35 109 82 124 70 143 152 63 21 
16
196 179 33 137 36 24 127 141 186 72 157 190 175 100 140 104 
9
162 143 89 87 90 128 200 44 18 
5
119 56 89 47 137 
20
13 27 135 6 45 102 5 34 129 109 126 149 177 39 9 61 64 8 70 114 
3
145 150 62 
7
96 191 164 53 72 20 3 
14
21 199 106 161 143 26 188 54 99 138 195 39 56 52 
8
13 58 175 78 6 197 168 48 
15
108 164 163 49 38 150 44 146 28 162 43 177 171 136 131 
7
59 34 131 113 136 47 89 
9
53 125 116 173 141 122 80 117 2 
20
20 182 168 122 5 38 81 69 129 12 91 89 125 84 98 86 6 57 58 174 
14
146 86 200 145 35 112 150 19 16 39 183 169 10 187 
14
69 164 31 61 43 179 157 143 170 38 148 136 147 59 
5
41 158 129 40 20 
19
12 27 78 28 63 148 165 171 34 45 75 175 10 200 46 95 194 71 174 
16
96 63 44 60 178 37 11 28 136 5 19 146 162 92 48 168 
19
178 53 100 51 196 159 192 134 44 116 25 80 182 200 49 151 60 99 42 
15
57 193 145 130 190 55 53 56 122 47 1 163 18 58 31 
18
59 186 53 56 55 155 161 13 98 175 125 73 30 78 149 114 33 37 
8
61 25 78 145 159 32 56 147 

