200 40 
5
5 67 57 62 35 89 68 41 89 13 44 47 78 20 29 54 87 5 81 82 60 78 91 4 97 18 5 39 41 52 92 85 95 64 44 53 81 19 71 45 39 80 39 86 57 33 36 37 42 75 85 70 68 15 89 62 9 51 51 77 70 89 47 71 78 50 53 74 84 53 52 96 59 66 90 47 90 70 21 84 96 17 80 10 6 67 78 74 100 71 94 35 57 59 94 64 17 42 54 97 58 98 6 1 24 78 18 48 60 24 91 61 91 17 20 54 38 8 45 8 40 50 6 93 91 59 29 13 59 50 39 58 67 9 5 67 99 66 59 22 54 85 70 1 14 88 97 37 56 83 79 7 7 4 79 54 84 41 5 69 87 3 94 71 56 22 47 95 41 56 48 1 32 14 29 23 97 68 77 28 38 47 69 36 82 6 50 62 86 35 60 88 80 44 31 24 95 20 37 56 
8 79 21 77 4 65 74 62 3 80 42 26 76 93 9 46 83 31 30 66 97 14 19 92 12 89 58 58 48 78 35 11 1 5 25 51 83 64 42 77 59 59 79 8 56 84 39 24 14 7 42 14 77 22 11 49 78 53 84 91 2 10 23 59 54 57 46 48 47 3 38 73 86 12 19 71 42 35 14 74 14 77 87 26 22 76 49 32 14 91 45 44 39 87 10 77 17 75 18 94 98 97 39 48 61 46 65 8 80 4 61 42 21 40 43 79 53 83 73 33 89 58 18 76 14 75 69 37 15 59 66 77 3 31 82 54 2 96 69 51 39 63 10 79 69 90 39 99 83 81 70 35 43 40 51 48 23 2 33 96 38 66 55 13 30 19 87 86 22 31 30 77 47 32 34 59 42 31 19 9 87 19 90 3 82 6 96 68 20 84 96 25 88 54 98 14 14 39 2 69 
77 60 69 26 48 36 23 99 59 75 77 47 22 39 7 16 93 36 51 12 4 29 64 41 39 17 57 79 56 12 98 55 12 41 32 65 98 12 56 57 52 63 29 42 14 30 16 27 30 3 53 17 1 25 79 11 23 27 100 9 30 17 99 81 68 91 27 66 85 80 28 82 84 5 91 59 82 54 71 46 33 42 64 87 8 37 52 95 71 76 34 94 24 67 10 79 68 73 24 36 91 56 2 20 29 1 19 94 69 73 59 96 21 96 8 88 17 46 78 79 67 42 90 71 24 99 20 47 49 54 22 13 65 27 67 41 70 83 18 84 7 19 39 37 97 15 4 11 94 93 21 50 10 59 30 98 44 13 31 99 93 5 6 46 66 85 38 91 96 11 77 76 34 98 54 83 28 10 48 7 34 86 88 28 65 62 66 96 5 20 33 21 57 19 68 55 32 7 62 12 
14 18 38 68 65 64 78 4 75 33 63 50 3 3 85 74 21 67 96 83 65 59 50 16 59 38 17 48 96 48 48 83 75 82 12 5 22 82 7 61 70 49 24 70 69 11 34 54 65 54 31 50 91 72 88 79 46 74 93 10 61 13 65 16 69 1 88 63 99 54 57 32 37 55 52 66 18 88 40 60 94 13 17 59 54 97 92 38 38 17 76 52 40 4 18 53 93 36 10 44 75 38 13 79 69 18 67 94 62 23 66 55 30 29 97 51 99 38 39 29 26 43 18 7 12 57 16 95 60 76 58 82 84 95 77 81 74 57 66 24 89 23 77 9 50 24 59 47 100 47 91 25 66 72 60 32 5 92 78 45 79 88 42 5 90 52 76 100 54 66 30 32 57 37 50 21 46 96 65 99 12 45 7 36 98 73 27 3 94 28 76 40 34 4 77 76 38 67 67 20 
1 93 51 46 65 88 37 27 99 63 6 55 17 7 91 55 96 3 36 97 79 9 28 14 27 78 96 70 73 79 80 36 21 81 6 19 61 30 86 58 11 18 80 73 83 60 99 97 22 45 84 68 86 7 70 70 76 4 90 97 97 99 71 97 13 24 54 94 68 58 88 32 33 48 73 51 18 43 89 71 12 62 56 56 82 91 31 29 92 62 28 30 43 15 1 28 10 5 32 46 65 85 83 8 54 57 35 64 28 94 59 45 18 63 59 94 41 27 53 18 24 55 14 19 28 13 86 71 40 20 9 61 58 53 18 2 8 12 76 79 23 75 57 49 65 29 38 73 60 23 64 94 75 21 92 39 11 77 62 62 25 1 49 25 91 28 87 88 61 96 5 98 23 25 16 6 32 9 53 26 14 24 77 19 37 82 36 15 4 8 70 11 87 98 35 78 53 77 19 72 
20
112 171 73 39 21 42 37 117 18 129 187 29 157 2 65 115 14 177 169 5 
4
124 186 6 157 
4
158 147 98 184 
16
38 134 178 165 30 89 163 72 154 190 98 12 93 26 75 100 
3
24 104 198 
19
137 52 67 75 141 123 26 73 161 25 54 95 162 108 178 19 60 48 4 
12
184 148 123 17 72 22 47 176 88 120 59 3 
8
30 75 173 35 124 77 196 188 
3
195 133 76 
14
139 148 156 134 167 55 73 196 82 11 13 37 46 128 
20
187 67 11 36 94 125 75 66 5 86 159 107 111 200 41 97 109 193 163 150 
6
57 19 6 15 39 28 
20
46 92 4 108 53 200 54 101 124 174 91 79 109 19 145 77 167 25 199 81 
14
27 172 75 162 61 88 29 26 139 6 120 87 197 126 
4
200 60 166 16 
16
184 45 67 60 52 4 18 76 98 140 183 170 124 42 49 61 
4
175 95 53 38 
17
139 179 131 158 36 178 157 94 41 160 45 63 97 129 188 27 132 
8
156 165 45 67 30 182 19 127 
19
1 199 100 176 67 125 24 183 166 27 87 169 22 103 113 45 195 47 109 
3
21 184 46 
2
41 158 
8
149 108 156 40 197 6 83 152 
17
90 125 180 102 11 66 178 114 2 46 161 154 130 49 112 45 164 
14
144 176 150 137 60 14 190 53 167 122 118 168 41 160 
16
67 83 3 12 181 199 150 114 168 106 178 95 182 129 29 76 
17
159 173 102 48 167 117 47 10 170 11 146 130 62 74 40 88 161 
14
98 96 12 157 170 64 173 143 58 25 35 110 78 155 
14
2 144 75 69 71 72 151 139 137 56 192 86 57 135 
3
73 173 190 
19
186 141 43 172 58 109 101 55 39 158 116 149 9 126 171 193 128 105 157 
19
166 33 177 71 135 123 151 120 197 149 188 12 115 17 154 87 112 14 98 
12
108 183 18 119 61 74 36 104 16 76 170 24 
5
18 160 110 186 36 
17
131 87 154 126 191 43 84 33 132 136 55 127 137 56 6 198 78 
6
49 52 112 162 166 21 
2
47 8 
16
122 74 33 141 144 156 158 125 200 57 15 169 40 5 129 7 
7
181 180 150 38 112 90 191 
7
121 126 67 176 3 71 59 

