200 40 
5
71 47 64 81 72 98 31 44 31 58 92 19 6 65 20 91 100 32 93 93 99 51 15 46 69 55 13 14 44 10 79 63 42 19 88 93 36 75 62 45 72 96 34 2 3 17 85 39 44 67 94 78 44 89 38 96 36 85 66 23 33 98 72 58 26 7 55 60 32 94 20 21 37 8 19 58 57 66 29 44 77 41 82 24 24 11 86 61 14 64 87 23 6 74 21 5 42 52 74 48 53 50 65 19 53 10 99 74 38 89 23 15 7 64 28 1 88 99 98 81 39 5 56 2 41 10 95 47 19 27 41 79 18 14 55 96 51 20 47 16 86 32 28 33 93 74 89 94 35 30 97 75 51 87 49 16 61 8 73 41 66 36 1 91 42 79 44 75 52 78 45 61 89 37 65 81 49 22 76 46 53 56 84 43 21 27 21 80 31 18 14 32 57 68 20 8 92 69 73 88 
29 67 38 56 70 21 93 43 49 36 69 52 15 35 88 33 75 100 9 38 96 58 4 12 69 26 54 72 82 6 26 95 11 59 67 82 67 34 36 93 18 15 56 28 23 49 7 24 11 50 51 13 84 1 59 17 62 76 55 34 40 85 59 31 52 45 45 54 18 66 45 27 53 50 60 67 43 13 48 63 30 86 58 10 65 67 14 61 83 62 52 89 83 10 29 34 77 47 30 7 85 64 87 21 57 65 32 22 71 15 4 49 76 3 37 26 47 45 78 11 34 45 25 28 9 84 43 53 91 71 94 64 97 44 10 91 52 98 48 32 6 28 27 89 78 30 4 1 75 72 86 89 37 51 15 58 47 83 83 75 24 30 10 49 33 64 53 95 85 88 93 44 93 97 59 79 11 86 63 75 87 7 62 21 55 99 40 66 46 95 95 56 35 69 52 43 21 28 43 25 
64 60 85 89 41 32 52 31 19 88 32 69 36 6 40 12 89 12 69 16 29 31 50 12 78 85 98 68 37 95 43 71 76 40 92 40 15 91 73 62 24 32 32 64 3 65 40 43 20 81 31 7 79 96 34 44 16 44 44 30 72 74 20 89 62 68 39 38 27 39 97 7 19 59 83 5 34 26 69 73 92 62 62 9 83 49 11 3 14 100 66 45 54 60 31 93 53 74 30 42 36 58 46 16 6 65 31 74 65 80 93 69 65 48 56 55 24 25 51 25 91 23 27 87 96 2 74 81 24 8 83 68 21 20 18 4 84 28 89 17 45 43 69 41 95 65 6 84 36 58 3 51 79 88 16 96 16 41 17 90 52 59 26 37 23 53 65 72 50 45 50 23 72 53 86 55 34 82 92 29 57 89 19 77 34 13 96 17 78 80 82 3 83 33 87 42 58 56 5 62 
94 20 98 73 67 71 70 23 5 57 22 6 96 47 39 42 97 38 78 53 6 22 80 29 75 11 3 97 58 41 13 13 80 91 20 6 8 75 2 2 88 14 3 93 85 55 3 30 76 21 31 21 10 94 70 100 65 30 91 21 35 65 99 59 22 89 50 83 79 57 84 82 31 11 17 19 26 15 80 98 62 35 19 11 36 71 1 80 66 55 42 22 11 6 50 53 100 26 65 4 87 19 57 16 97 44 12 89 41 75 100 73 94 40 13 94 78 28 21 86 31 88 62 91 66 88 3 74 23 79 61 69 44 17 8 27 97 63 80 38 1 19 92 44 50 70 24 59 5 41 56 53 75 80 52 2 98 93 23 54 33 98 65 16 73 63 65 13 62 79 39 84 33 11 78 84 63 44 84 13 69 88 57 28 72 48 28 2 60 58 15 53 26 34 38 83 60 14 67 78 
14 67 24 75 50 35 46 51 14 49 9 36 94 76 44 34 52 83 97 98 30 74 95 60 92 30 11 73 41 2 4 40 53 49 33 62 19 62 74 15 17 66 100 7 55 5 97 61 3 100 52 29 4 77 77 73 24 20 28 48 6 88 28 24 72 95 85 84 19 41 70 87 47 90 17 36 71 100 76 54 62 12 8 72 37 60 9 8 24 60 51 35 59 12 77 52 46 67 72 34 98 30 23 29 27 100 85 35 76 43 39 11 59 74 87 95 13 32 37 87 30 6 57 71 81 36 23 82 73 1 90 100 28 77 93 61 12 42 61 89 71 97 72 70 78 79 3 14 82 85 1 11 84 12 68 21 13 76 8 50 28 52 46 54 89 40 20 89 75 19 69 11 34 61 95 40 74 75 59 58 17 51 81 61 35 93 82 18 65 70 46 69 6 77 55 87 6 100 55 72 
8
189 51 153 19 132 33 5 126 
18
187 103 176 49 96 165 60 12 73 50 66 99 59 170 92 44 178 48 
16
147 57 96 195 43 157 94 175 110 55 61 140 2 114 29 48 
5
193 151 192 137 16 
2
13 70 
3
96 60 166 
2
11 74 
7
101 8 181 63 99 4 41 
11
162 13 104 114 58 173 112 128 169 10 117 
20
17 41 157 98 161 88 59 87 196 93 186 56 29 95 114 192 33 142 158 65 
4
12 100 173 105 
18
177 56 68 37 198 47 32 63 135 116 131 92 149 115 165 110 85 100 
2
43 124 
14
8 171 49 178 106 11 61 3 128 158 36 35 80 173 
5
155 148 181 132 147 
10
13 8 131 26 75 104 20 18 36 25 
10
162 107 173 31 82 108 96 86 182 146 
5
180 199 58 145 65 
12
155 165 132 54 74 41 87 135 131 30 121 169 
6
74 170 38 103 180 119 
5
91 111 136 70 65 
18
157 152 87 46 44 138 144 193 190 165 164 29 85 76 16 140 179 61 
19
123 151 93 12 176 73 129 7 67 55 109 142 44 137 51 180 190 21 120 
12
163 92 19 183 150 40 124 149 45 76 8 7 
3
156 168 188 
16
56 111 67 41 195 101 190 39 178 15 98 173 38 147 116 106 
17
194 18 66 132 152 155 182 153 144 25 6 60 108 40 63 114 47 
13
135 90 191 169 127 22 115 100 28 57 50 170 35 
11
71 7 58 50 74 181 169 140 29 170 176 
10
161 133 19 80 176 189 162 169 3 124 
13
62 22 57 39 21 109 135 102 200 134 189 5 36 
12
18 80 125 138 67 155 143 90 127 115 156 45 
11
155 55 22 135 53 65 138 44 127 196 106 
20
139 121 124 128 36 77 181 112 81 125 126 199 100 158 55 151 113 83 137 177 
3
186 35 142 
19
33 87 116 35 47 148 193 179 177 3 17 168 164 112 195 60 71 76 42 
15
119 174 56 65 24 116 82 39 164 50 90 187 153 97 93 
7
85 81 132 116 123 70 190 
18
141 110 93 22 103 99 74 26 47 167 156 50 128 75 100 162 73 112 
15
124 159 156 81 15 62 155 147 110 38 121 78 185 129 153 

