200 40 
5
84 41 45 12 8 28 98 39 42 74 90 21 89 57 95 31 34 20 1 31 47 65 80 33 68 13 75 44 30 3 64 17 36 26 66 63 92 63 19 80 97 23 79 21 65 66 83 21 5 91 79 74 57 81 72 52 85 23 84 92 4 5 44 10 77 39 15 90 84 66 17 19 62 10 38 48 72 80 90 68 88 78 86 54 33 43 80 78 3 48 34 75 71 3 28 7 47 2 2 10 84 10 32 23 41 71 47 94 29 95 30 95 36 49 55 95 69 75 50 83 57 54 55 54 85 7 42 50 40 6 18 37 33 44 12 64 34 29 20 53 78 58 88 7 92 46 92 67 42 77 87 32 84 80 71 89 66 67 51 78 24 100 44 60 40 32 1 91 59 69 85 83 59 87 24 85 83 11 24 23 50 25 45 6 79 30 77 91 36 54 42 63 91 51 43 39 91 46 96 54 
1 5 98 45 41 79 26 2 80 30 51 35 80 40 85 94 16 80 13 40 97 48 51 24 49 35 5 59 79 81 100 100 91 51 28 7 41 14 1 23 51 47 25 38 82 15 53 7 49 47 81 91 31 37 17 85 98 76 13 92 68 63 89 25 60 54 67 73 92 49 39 5 71 65 35 99 61 76 25 52 64 86 41 28 41 66 100 61 33 49 53 8 15 95 4 30 61 76 39 96 29 56 84 70 20 17 13 2 76 54 1 47 52 91 59 29 84 81 90 93 55 20 85 15 94 35 35 18 48 83 98 90 74 37 40 8 93 31 91 30 20 30 61 84 32 18 96 2 94 25 5 23 89 71 64 51 66 87 63 28 24 55 34 52 17 67 77 25 59 64 82 25 88 72 29 5 97 82 47 68 31 50 43 3 19 57 54 25 82 15 5 29 98 60 42 1 15 20 60 77 
15 13 87 48 44 63 90 21 91 49 3 30 95 50 48 56 88 86 64 92 27 12 31 10 77 52 9 81 2 29 54 65 30 56 13 54 85 8 83 22 17 43 22 93 40 19 94 42 73 50 80 86 4 15 89 90 7 45 74 48 95 34 20 97 33 84 65 68 7 79 10 57 96 82 24 99 55 29 46 57 6 72 43 98 21 83 95 50 54 98 42 53 73 65 64 22 54 99 72 25 12 82 58 17 38 87 44 71 45 39 60 65 42 73 45 75 63 79 92 48 77 58 95 64 34 21 33 33 28 8 33 38 17 85 34 47 13 43 69 89 85 51 14 9 92 89 64 93 44 99 61 24 45 79 2 17 99 51 52 85 48 86 70 65 33 33 14 98 38 5 56 71 54 30 73 22 66 30 60 7 18 3 80 41 32 100 2 25 77 93 95 94 66 34 54 18 12 45 13 50 
100 18 16 67 80 40 70 60 1 65 83 3 38 38 10 57 48 90 80 62 97 66 74 28 29 59 100 38 97 17 30 44 60 5 72 6 39 42 82 55 92 30 3 68 47 5 85 77 64 3 2 10 62 4 66 18 50 79 2 71 46 2 48 32 35 63 7 63 56 30 89 6 93 1 59 77 54 20 60 38 83 19 51 70 77 5 1 25 47 19 89 62 29 53 53 79 98 36 67 58 20 3 60 87 3 98 64 70 65 44 72 1 8 71 12 80 58 92 52 28 53 69 20 46 96 23 6 15 15 5 39 14 52 100 81 15 79 19 19 85 13 74 71 14 58 40 98 99 76 80 28 83 20 20 68 5 74 13 22 30 9 64 62 83 54 96 26 20 32 29 100 24 34 92 15 26 8 37 53 2 40 62 74 31 38 96 44 94 34 73 75 46 49 87 96 84 23 95 20 36 
5 27 88 81 74 28 12 57 72 32 90 6 52 5 36 25 21 72 40 7 69 6 35 66 61 84 51 96 1 83 31 40 70 40 68 79 43 27 64 30 75 97 94 58 16 37 30 88 38 88 37 37 31 21 49 11 84 35 98 72 8 10 22 85 94 67 34 81 82 19 51 73 12 19 81 68 84 38 90 13 42 17 92 22 13 40 99 100 17 76 83 35 22 70 49 6 77 85 13 51 84 13 91 16 33 58 89 14 2 72 27 11 60 2 54 6 86 55 30 4 44 100 72 77 11 62 16 8 43 65 36 52 32 26 62 74 90 62 43 72 6 87 5 93 7 77 23 30 43 50 64 17 73 49 43 82 90 24 63 84 68 97 64 90 22 7 45 81 16 20 90 30 91 86 24 60 81 86 43 13 90 56 62 46 65 1 33 19 40 30 36 49 72 39 42 14 4 2 72 3 
3
2 3 149 
20
18 14 46 196 184 94 182 10 11 167 188 25 124 168 37 42 32 6 67 126 
6
22 87 184 123 21 29 
17
4 131 136 177 75 70 197 5 72 162 123 46 159 55 78 114 104 
8
24 180 143 172 41 116 184 160 
14
30 15 192 174 147 79 117 10 165 198 194 193 91 199 
19
26 78 127 35 134 140 152 47 9 99 133 75 120 85 198 14 55 170 10 
4
30 194 179 45 
2
23 142 
15
139 115 92 170 105 81 173 118 59 195 178 186 122 15 134 
17
187 185 89 107 70 139 189 66 55 19 17 65 53 174 32 10 38 
9
92 194 30 135 60 59 105 2 29 
16
184 23 33 59 199 25 162 53 51 148 63 1 141 82 49 168 
19
130 122 106 78 72 160 169 181 3 12 177 100 150 145 179 164 53 1 24 
16
102 120 26 18 195 97 64 189 101 93 28 50 29 27 196 129 
16
65 10 122 83 15 5 95 32 11 1 184 91 68 138 37 87 
17
117 19 6 190 192 51 80 84 169 136 105 47 138 177 77 113 162 
5
58 119 88 154 167 
10
112 55 146 129 53 9 194 28 36 75 
7
182 112 28 93 4 168 80 
5
100 105 134 53 157 
16
29 173 165 65 104 14 33 196 170 18 41 45 66 6 74 123 
15
3 18 34 130 159 168 122 148 26 165 198 184 96 188 128 
12
127 95 20 147 178 30 161 121 192 63 8 118 
10
131 12 86 95 80 163 119 61 2 30 
9
177 170 21 166 36 65 71 73 106 
15
52 100 196 96 51 21 1 46 124 184 177 95 8 101 134 
11
143 93 46 135 3 22 74 166 183 102 138 
11
128 69 4 38 113 196 194 119 75 137 176 
18
73 23 14 127 91 79 34 72 24 13 192 108 142 61 187 195 171 124 
19
78 79 200 159 188 192 92 35 113 61 26 183 133 70 170 11 107 131 164 
6
46 171 97 117 85 118 
6
130 166 90 55 19 85 
16
145 24 185 143 71 165 187 197 190 36 139 66 184 61 118 73 
3
111 162 99 
13
77 166 164 26 115 99 58 135 100 25 30 91 179 
18
173 80 49 50 9 75 17 133 154 123 55 7 42 159 86 51 65 165 
16
185 13 190 119 186 153 183 165 166 126 200 54 145 127 92 163 
11
21 187 153 85 176 135 174 128 156 143 157 
11
23 70 4 154 168 14 147 116 57 132 184 

