200 40 
5
29 1 79 42 97 30 46 41 65 91 77 12 17 98 57 40 44 96 95 48 97 46 28 6 75 58 43 98 47 83 50 89 26 23 53 46 49 37 66 36 95 59 8 5 83 29 68 10 3 52 81 24 13 77 26 87 23 59 36 98 61 64 16 100 75 88 17 54 10 40 80 97 32 29 65 53 7 61 1 96 18 50 9 34 31 51 33 52 15 67 27 31 1 4 11 65 22 41 52 39 93 18 92 61 80 76 54 79 21 78 14 46 50 84 62 14 32 30 5 41 68 29 45 67 33 18 30 60 31 19 25 6 73 75 75 74 16 54 50 91 10 39 20 36 80 78 46 93 49 68 89 9 14 43 64 89 82 13 38 73 61 57 100 80 8 89 80 56 69 20 79 19 11 84 15 67 7 62 46 92 87 48 10 17 61 1 14 87 34 94 23 43 68 42 91 100 44 73 23 27 
37 99 1 52 50 53 22 53 12 86 93 87 95 49 32 31 75 87 18 10 24 72 53 59 33 44 52 36 70 56 80 43 33 59 61 90 77 21 54 99 56 78 94 79 38 82 18 55 63 45 43 64 22 12 99 54 31 13 60 43 99 36 10 78 34 36 12 90 83 55 26 59 16 32 75 98 98 29 18 13 56 13 12 20 20 16 72 66 38 51 91 49 61 21 87 83 31 27 37 71 86 87 66 52 1 93 3 36 38 95 30 40 69 35 59 21 63 29 64 3 93 4 71 30 15 5 33 63 87 84 16 52 96 87 17 63 34 48 95 8 3 52 6 33 8 1 96 13 26 65 98 41 67 26 56 37 42 69 65 38 39 48 28 53 6 57 54 44 15 23 56 90 64 44 97 50 15 38 47 52 6 22 58 84 8 24 1 91 85 82 23 2 76 25 1 74 34 11 16 95 
65 13 58 80 74 12 12 92 100 30 74 17 56 58 92 79 34 27 79 48 33 90 83 35 83 7 11 87 47 65 9 10 37 7 48 36 18 24 27 96 4 93 98 55 24 23 55 57 99 13 84 4 65 2 53 52 42 99 56 97 48 23 43 23 62 24 3 4 52 66 15 97 94 48 35 53 32 99 61 32 41 68 84 28 57 11 69 32 17 38 23 39 32 3 3 81 95 64 27 82 57 77 79 6 56 49 20 23 6 99 45 94 45 18 95 29 14 31 26 63 16 28 75 49 18 44 66 80 81 74 29 35 17 15 29 68 9 83 12 32 19 38 58 7 26 22 88 1 83 19 63 26 20 16 36 27 63 65 44 34 95 20 90 45 44 50 7 79 72 92 6 17 99 29 33 24 29 88 43 96 91 52 4 47 49 8 53 48 43 42 23 23 57 39 42 27 31 26 66 44 
36 82 3 41 68 44 62 60 93 41 4 70 72 51 98 76 91 83 83 53 17 13 43 10 42 94 23 45 84 14 49 3 24 70 86 19 65 87 32 68 84 13 3 85 4 51 38 52 62 69 92 83 56 63 92 54 97 32 84 95 60 34 95 86 87 94 64 17 23 61 24 95 64 90 20 7 88 94 44 96 1 21 92 20 24 39 71 34 49 31 100 4 42 62 73 47 85 61 66 56 65 63 57 84 10 68 37 65 20 41 16 30 90 96 61 93 21 46 4 60 68 7 26 89 91 83 6 25 73 74 90 84 64 2 25 32 49 2 45 52 8 57 62 35 51 5 85 54 77 84 6 6 52 17 40 16 7 82 8 75 15 24 42 95 19 39 11 14 31 71 100 63 77 16 55 69 15 82 87 23 66 55 46 30 72 62 90 30 32 94 62 30 26 27 49 67 64 44 54 42 
42 87 7 59 90 72 48 18 89 6 33 80 65 3 97 6 16 41 98 8 17 79 62 32 74 68 83 47 9 69 83 31 52 29 32 50 4 80 97 38 96 94 89 12 93 50 40 49 31 6 57 74 84 8 76 84 90 26 29 84 56 16 63 32 72 99 80 5 12 54 26 38 9 8 49 75 86 46 52 6 96 33 68 16 90 19 25 91 76 100 28 72 7 56 30 86 56 34 39 78 32 85 29 33 60 88 32 17 45 80 76 19 76 66 90 5 95 89 23 41 77 49 54 9 87 36 35 82 79 67 26 59 38 98 45 62 2 8 41 67 81 70 32 7 29 72 78 8 99 32 16 40 13 93 75 97 46 56 52 6 69 52 43 57 74 13 87 69 65 36 3 36 67 15 92 70 67 66 95 50 100 21 94 45 11 41 93 7 42 95 25 78 5 71 29 43 56 75 14 38 
9
54 123 122 56 66 68 60 8 168 
14
62 161 28 38 140 42 36 128 19 77 119 65 24 43 
18
113 53 163 1 141 27 174 101 166 65 198 68 191 15 66 156 197 62 
2
23 175 
4
110 51 171 84 
14
36 90 146 46 180 131 166 178 109 32 187 120 119 67 
8
87 196 96 147 40 197 20 92 
10
88 31 110 37 129 109 139 94 196 154 
4
196 35 156 155 
2
89 166 
4
149 148 175 71 
18
48 31 110 147 163 197 134 80 30 22 123 86 107 150 183 160 87 27 
3
92 111 8 
5
58 96 128 79 173 
7
43 81 39 24 142 196 82 
16
126 84 6 41 71 164 96 109 195 158 105 62 166 60 185 131 
11
29 129 160 19 187 109 94 49 79 154 123 
12
98 196 137 94 124 105 131 103 106 199 160 68 
8
86 7 61 164 142 77 129 122 
15
94 169 77 123 150 109 181 37 105 111 130 159 197 22 199 
17
138 131 181 70 46 150 53 10 3 149 121 84 82 50 151 71 89 
4
117 79 156 93 
20
2 66 146 9 144 5 191 67 166 27 186 129 142 60 36 25 128 46 190 17 
12
11 190 16 134 75 137 95 42 86 56 178 4 
17
104 103 106 172 98 187 19 7 146 128 1 157 30 118 81 137 197 
8
154 104 42 27 47 6 143 92 
6
159 149 164 165 45 77 
11
192 84 21 59 186 106 174 92 107 114 12 
20
15 41 44 60 20 193 73 153 102 3 141 125 95 144 8 57 173 76 190 156 
19
23 64 104 40 88 27 29 35 173 174 166 61 139 193 101 142 56 155 175 
15
164 157 1 179 73 52 114 50 22 189 26 188 45 58 192 
20
111 34 176 167 95 15 79 42 63 68 12 69 55 74 50 93 38 124 127 94 
18
127 193 161 48 106 96 171 52 134 123 128 58 27 39 17 65 169 42 
10
187 151 198 84 97 29 194 164 104 55 
8
5 190 58 95 41 34 85 17 
20
57 7 119 77 53 170 47 184 156 49 158 20 137 50 120 80 198 179 55 149 
18
41 79 91 56 63 65 99 100 80 106 93 44 144 40 143 49 192 119 
7
60 184 118 53 46 30 125 
20
170 139 14 107 124 18 137 39 116 74 157 119 82 6 91 140 89 103 105 138 
18
117 171 97 86 199 57 28 148 164 94 56 55 50 106 165 72 133 75 

