175 35 
6
83 28 61 74 36 78 76 94 25 24 54 71 14 60 57 15 81 61 97 53 60 8 66 73 16 99 37 74 37 91 49 45 70 18 45 92 58 5 66 2 62 18 48 77 51 11 63 90 98 35 48 66 49 87 88 31 93 29 3 100 22 19 50 26 67 52 99 30 24 64 83 89 82 45 91 85 38 18 95 35 45 12 80 4 47 70 31 56 92 68 84 34 18 79 57 98 50 81 11 94 66 99 38 14 8 95 71 68 30 19 81 97 25 68 99 67 96 19 90 69 43 95 49 19 63 95 40 63 90 97 97 47 75 52 100 75 32 32 90 38 61 15 6 18 25 28 49 10 89 15 61 91 45 8 30 45 84 69 89 67 15 53 66 41 9 96 27 23 44 1 73 96 20 79 66 
21 51 81 78 44 25 51 66 31 84 45 12 15 63 76 93 20 75 39 53 92 91 73 84 97 73 20 34 43 67 63 19 36 63 15 8 30 23 68 28 73 75 71 90 67 72 24 11 65 34 94 35 19 7 55 26 23 30 92 54 66 68 96 45 7 94 23 77 44 99 11 99 10 37 10 93 67 40 4 2 30 46 24 24 3 71 18 98 14 71 87 73 52 23 12 96 3 39 27 47 96 6 74 28 59 64 94 88 5 91 16 91 92 30 65 4 6 74 65 86 10 11 15 6 36 87 93 84 98 37 57 95 15 8 35 53 81 92 50 3 75 42 14 37 63 32 56 75 87 73 42 32 24 28 29 66 94 32 84 18 95 41 80 9 16 29 55 44 28 75 51 56 22 27 2 
46 44 17 29 70 5 54 58 3 98 61 72 63 57 81 12 92 54 82 91 30 22 94 52 82 97 96 33 8 75 49 57 25 94 61 11 32 26 72 76 82 4 96 77 69 86 73 75 39 97 62 86 61 86 74 39 38 98 35 54 40 79 15 93 9 91 68 93 4 57 39 32 22 44 39 49 1 18 4 54 85 76 94 29 12 12 83 4 63 95 32 28 52 59 93 75 83 93 9 79 15 2 86 29 5 9 96 31 67 68 30 27 17 77 49 3 54 92 34 71 42 36 25 22 9 74 2 42 44 89 24 9 38 80 36 48 81 38 55 72 30 37 60 68 51 44 39 34 6 13 66 9 32 89 37 91 44 41 76 13 51 86 27 28 49 87 29 87 25 77 87 82 87 5 98 
47 66 64 78 1 7 71 26 98 10 69 12 7 76 73 83 99 99 65 58 50 9 14 74 66 90 58 55 43 45 99 91 82 77 10 69 94 25 55 73 76 39 77 39 28 53 50 83 68 83 39 11 31 89 97 46 18 77 86 34 98 33 3 83 95 34 15 36 17 45 43 94 1 23 61 18 15 58 26 58 67 60 68 88 89 11 8 35 18 66 2 39 98 72 48 7 56 98 68 61 16 15 6 81 43 35 7 67 44 80 24 42 51 25 71 28 92 72 16 30 9 9 79 36 53 15 98 67 43 42 4 49 89 55 91 42 86 59 35 66 41 23 26 16 17 96 9 45 74 2 15 76 7 66 97 11 56 87 65 46 47 67 30 83 17 41 60 61 31 19 59 74 20 80 1 
62 85 79 29 1 13 63 17 11 32 75 1 8 76 7 65 88 44 73 54 92 21 52 93 60 12 48 30 43 44 41 48 23 27 32 39 19 90 14 85 66 54 22 59 98 34 19 37 47 66 58 25 35 39 10 74 78 48 73 18 65 28 79 8 54 68 12 32 57 51 97 28 8 37 12 20 96 87 26 78 56 82 12 68 25 54 75 73 65 1 51 87 10 81 18 14 100 100 49 83 52 26 66 64 22 82 35 57 41 45 98 49 66 99 31 1 91 89 30 64 67 50 16 40 19 31 42 45 56 99 85 75 35 26 62 93 85 97 82 7 70 44 73 92 76 13 75 33 21 24 2 23 64 32 54 77 16 79 87 26 93 34 85 100 65 9 11 3 88 9 70 24 100 91 62 
16 74 78 72 91 76 13 45 41 29 13 69 81 77 84 59 36 56 49 77 29 34 35 32 96 31 37 73 70 46 95 56 44 77 14 43 86 24 34 99 77 18 30 75 98 53 33 66 21 98 98 40 58 35 52 55 33 38 5 20 52 13 2 13 41 85 80 91 9 23 48 16 49 90 61 33 37 21 18 48 54 79 95 23 7 4 42 53 9 96 40 35 31 79 11 63 66 12 65 79 55 77 63 25 39 57 66 13 18 81 70 15 15 66 26 50 16 98 80 59 6 67 3 68 17 44 64 51 74 24 43 10 14 24 56 33 82 71 89 78 3 42 10 47 15 62 61 58 9 55 70 96 10 23 80 76 26 98 11 85 98 75 24 94 69 38 2 49 62 38 75 90 35 6 80 
3
6 60 151 
17
102 136 67 106 43 94 76 89 107 66 36 77 11 3 81 159 88 
17
164 65 95 131 27 38 6 41 60 10 146 125 127 141 142 55 94 
2
167 106 
20
47 46 34 43 17 153 10 73 76 2 99 77 23 12 14 106 114 53 170 59 
3
89 169 150 
6
164 110 80 161 88 12 
13
78 106 42 64 67 53 58 121 68 154 91 93 125 
10
54 72 170 2 51 116 103 84 18 90 
11
131 121 87 14 68 157 106 130 43 64 97 
6
63 82 173 14 139 160 
12
148 7 140 25 63 47 173 11 111 10 60 172 
13
76 73 126 140 25 48 19 90 4 75 138 129 115 
12
144 155 87 34 48 166 78 110 40 25 71 82 
4
125 95 85 5 
4
26 101 79 109 
19
171 56 104 109 69 90 137 126 33 132 151 122 31 170 120 44 24 118 50 
9
144 135 15 130 99 86 23 125 95 
13
97 148 9 153 98 81 121 119 18 12 56 89 101 
10
171 22 24 127 152 125 46 11 21 44 
5
111 17 165 140 50 
16
47 10 57 65 120 21 139 11 105 114 5 159 52 40 147 107 
4
143 4 175 78 
9
161 19 49 108 156 4 41 120 65 
2
8 103 
12
79 38 100 82 59 6 80 125 108 77 11 47 
9
122 150 49 69 22 81 112 148 132 
12
27 136 105 70 91 89 114 38 36 172 26 12 
3
51 81 47 
4
131 71 85 16 
16
11 168 139 57 49 96 70 153 106 145 117 156 46 30 51 144 
9
108 141 34 63 134 106 39 157 44 
18
112 118 40 3 97 92 90 93 173 158 69 129 88 76 68 141 59 137 
7
98 58 69 39 137 10 158 
10
155 147 126 84 9 63 153 77 128 12 

