175 35 
6
2 28 2 41 34 33 25 1 12 34 61 8 62 89 24 55 7 89 17 4 41 66 98 15 63 89 93 61 84 66 18 86 88 86 50 77 18 83 43 40 30 55 93 42 40 88 68 96 94 24 8 77 43 48 71 19 80 16 4 61 61 33 73 95 25 90 97 44 86 79 91 13 19 7 33 55 59 6 17 33 20 42 25 97 87 79 35 31 8 47 24 58 26 53 72 79 70 55 61 98 39 37 95 60 42 79 34 40 30 50 65 45 100 65 1 14 91 80 18 88 16 81 42 53 70 49 7 8 3 17 25 4 40 18 25 2 75 17 73 17 21 60 18 12 36 18 85 36 69 66 36 32 26 97 72 84 26 34 9 75 62 76 82 15 78 65 41 46 17 52 17 88 81 3 5 
13 44 5 4 32 70 54 15 28 84 35 21 72 75 89 90 69 97 37 31 1 16 16 6 13 86 88 71 35 13 78 68 97 75 18 93 55 74 16 49 61 57 30 43 88 75 84 17 20 93 71 51 78 54 44 73 91 94 57 40 31 74 99 58 38 12 58 65 99 4 51 68 35 100 47 95 49 80 5 87 64 7 8 7 14 74 16 94 52 58 45 76 90 14 28 29 63 23 39 64 32 20 50 38 11 4 16 14 24 65 95 91 57 5 31 52 85 40 27 45 50 40 3 26 67 90 87 62 69 92 4 89 95 54 47 41 70 59 49 86 28 25 61 13 41 97 12 25 99 65 27 83 4 73 47 79 16 92 10 24 36 13 5 1 96 72 27 58 48 40 3 2 51 90 38 
38 96 49 8 81 62 10 95 23 44 53 90 88 36 95 76 61 14 22 10 26 13 44 10 62 23 49 65 53 15 33 86 53 24 48 81 82 46 51 66 12 23 24 80 10 11 65 82 75 3 37 44 25 74 30 42 60 9 48 67 81 40 27 80 88 81 28 15 68 33 56 41 56 38 59 94 11 45 35 23 50 36 10 90 21 83 73 68 69 31 72 64 12 94 6 29 90 54 40 9 26 50 64 8 72 69 61 16 91 72 36 10 60 98 64 62 50 74 97 17 79 52 12 12 78 59 45 7 3 96 40 73 100 8 28 53 75 90 29 77 1 71 58 21 38 91 91 64 91 38 38 32 57 64 23 53 60 95 25 28 52 57 72 73 56 22 37 6 36 93 6 94 76 12 3 
30 12 54 99 63 48 2 34 98 94 24 83 50 41 8 78 30 86 72 45 91 82 79 94 3 74 58 18 88 27 33 45 21 51 83 39 11 63 2 5 57 61 23 15 1 100 98 71 2 17 97 18 20 82 13 22 11 92 37 62 45 76 93 32 15 34 92 49 46 93 64 3 16 41 43 27 68 29 51 42 90 93 21 48 100 83 82 71 47 6 75 72 86 19 3 85 2 57 48 36 2 20 54 54 76 65 44 91 96 48 55 13 8 15 40 81 38 23 10 42 98 3 40 12 5 25 54 39 65 16 59 81 46 97 25 12 32 78 3 19 26 36 29 29 83 69 89 60 46 49 33 70 97 81 30 82 80 91 2 74 10 98 19 4 52 79 25 61 63 67 76 26 41 19 37 
92 49 62 3 89 68 83 81 51 19 31 29 44 76 56 59 9 80 48 89 47 83 86 80 36 53 15 96 17 85 45 86 82 45 65 98 9 7 66 23 47 73 73 22 30 13 67 2 13 30 21 83 83 97 34 60 67 51 3 51 34 29 32 14 73 99 84 46 73 20 99 98 61 35 34 83 80 45 96 6 99 70 22 56 29 22 85 49 34 94 68 49 58 7 1 57 61 98 12 86 26 64 69 54 83 67 43 95 90 93 99 56 92 41 47 9 4 79 78 21 4 82 77 36 24 58 86 94 13 47 13 57 94 59 9 33 87 14 55 49 53 63 66 72 31 79 43 56 12 56 91 21 24 53 56 52 31 8 67 70 35 39 68 83 87 46 8 58 17 38 54 52 3 70 27 
59 69 59 17 100 26 85 11 18 64 6 51 89 46 25 24 2 7 74 56 50 91 35 56 38 75 10 28 55 27 9 7 5 40 97 34 89 30 52 42 14 21 85 12 3 98 1 13 79 95 96 84 50 68 8 32 72 49 51 53 97 4 34 33 58 31 4 9 20 78 84 73 66 77 94 96 12 94 12 52 5 53 29 28 29 50 100 55 44 61 35 28 67 77 89 48 88 29 71 36 47 70 60 77 10 22 84 43 11 76 19 98 51 27 77 86 24 15 79 67 48 40 55 44 99 21 82 41 4 62 58 1 17 72 20 37 76 32 42 68 66 44 19 59 17 92 56 62 77 34 7 49 68 64 19 77 54 10 3 61 7 61 23 91 45 48 82 80 23 9 94 2 80 38 77 
12
31 102 76 149 131 35 55 156 168 47 72 120 
9
95 151 27 8 35 72 64 54 137 
18
73 129 57 145 48 18 175 63 133 165 136 49 55 20 151 91 112 71 
9
63 144 61 34 148 19 74 145 103 
5
107 5 141 158 26 
16
26 95 48 107 120 1 53 148 42 7 31 41 156 172 110 73 
8
4 30 159 90 147 79 174 124 
8
113 172 114 133 53 24 135 93 
15
43 82 145 47 81 28 175 116 147 13 41 153 140 30 141 
19
72 26 81 45 3 161 24 2 122 46 25 77 80 170 41 15 95 51 150 
14
2 1 102 151 48 40 143 11 131 139 13 9 6 109 
19
24 72 77 38 7 138 139 15 75 114 51 57 70 33 164 58 30 103 127 
17
123 39 109 8 112 156 126 71 95 73 136 92 72 94 173 18 70 
6
9 153 165 8 168 158 
2
99 32 
8
16 136 120 35 11 4 134 70 
20
166 28 164 5 171 152 175 174 115 161 29 136 150 47 14 68 113 3 158 95 
5
113 18 80 60 104 
3
134 110 171 
2
161 57 
7
52 76 131 41 171 115 63 
20
165 107 89 78 62 119 125 132 42 110 48 92 120 136 71 40 26 130 114 131 
3
52 149 1 
20
71 100 52 102 14 97 133 46 156 17 72 158 31 163 145 7 47 44 67 167 
13
121 94 59 65 126 66 150 2 34 130 53 158 61 
2
74 6 
5
108 42 112 23 158 
17
31 99 157 145 138 74 136 142 108 169 87 16 122 94 12 147 103 
17
149 8 100 119 151 166 88 57 128 116 150 103 104 109 73 44 32 
19
133 161 108 8 3 124 72 64 113 85 150 22 58 114 106 10 24 70 153 
6
23 157 136 114 110 152 
5
49 40 139 34 42 
15
128 95 118 12 3 39 160 66 56 73 45 171 10 51 63 
10
138 64 173 103 171 145 159 51 70 3 
17
23 2 173 98 16 85 96 148 3 25 27 77 53 73 81 84 104 

