100 20 
6
94 32 89 25 78 46 1 93 20 48 54 70 21 29 77 69 30 98 17 1 98 32 26 2 36 1 49 70 40 83 86 60 90 50 81 49 21 29 12 96 84 19 46 57 95 85 44 48 27 44 89 60 31 93 20 73 65 45 100 34 19 9 42 20 55 60 93 68 25 28 78 58 51 16 6 100 3 14 95 12 25 36 78 27 18 10 65 92 71 58 93 77 12 10 73 26 14 42 81 42 
29 95 68 66 32 25 60 80 11 13 29 59 7 39 73 58 57 24 31 26 29 60 63 36 72 98 80 89 11 89 64 31 47 78 81 14 98 34 83 60 84 71 87 18 27 26 2 87 67 58 77 49 55 10 36 93 7 88 44 20 67 79 23 90 61 88 25 9 30 79 32 65 7 54 2 11 6 50 95 17 32 42 21 6 78 63 63 50 73 28 43 6 28 39 82 29 12 28 2 95 
72 86 40 89 41 13 41 34 82 69 7 83 17 52 70 52 89 33 58 3 77 74 79 83 96 15 43 51 33 23 59 38 32 41 33 89 42 21 20 30 75 14 17 68 47 67 100 34 11 43 34 93 19 83 84 7 80 58 45 57 78 32 5 38 19 84 91 77 83 59 79 31 16 100 73 30 99 53 90 50 1 65 1 86 95 49 49 75 87 36 69 72 30 87 17 56 7 28 63 20 
32 96 53 24 85 34 24 67 6 11 57 100 84 76 78 49 60 19 90 61 64 75 91 45 99 93 90 25 19 53 62 71 10 65 100 76 84 77 25 56 88 40 11 46 58 8 42 32 40 6 27 34 47 99 17 56 81 37 58 85 94 18 1 91 74 22 82 54 78 1 39 15 45 86 86 34 37 32 9 43 11 9 28 86 23 60 97 99 77 76 29 92 15 73 23 64 79 11 78 79 
22 96 57 47 17 78 94 5 7 3 99 59 55 100 50 88 9 87 46 83 77 78 3 8 70 91 42 91 16 69 1 92 61 40 53 49 27 38 93 75 43 73 19 67 15 15 82 2 27 89 11 99 68 35 13 56 7 90 75 100 6 24 5 25 76 33 63 75 31 72 84 74 32 96 68 90 40 49 62 38 25 77 43 10 21 79 52 59 49 34 66 22 78 90 92 94 86 8 38 99 
69 55 33 68 48 45 29 2 21 19 98 46 61 99 99 13 56 97 94 66 11 73 2 96 60 73 90 8 39 71 57 99 16 23 12 72 32 92 28 8 73 4 31 4 6 12 29 100 64 55 36 70 98 86 29 90 6 81 29 3 3 34 5 24 85 47 73 36 90 89 46 50 7 99 77 68 9 52 38 96 72 37 50 25 28 80 60 79 36 97 16 91 39 91 50 70 59 8 78 41 
16
38 70 50 5 58 26 87 12 1 28 42 29 66 73 7 79 
6
44 97 80 18 4 11 
11
34 17 48 74 93 54 46 92 41 98 24 
6
59 86 36 98 83 2 
20
94 60 95 24 32 10 47 82 19 37 5 84 96 99 14 64 17 80 61 12 
2
18 55 
11
52 68 21 15 71 93 97 31 74 2 88 
18
34 61 68 9 16 21 67 1 7 2 46 31 10 28 62 11 40 81 
5
44 76 64 15 10 
2
41 37 
9
37 56 33 49 84 71 78 81 47 
18
53 38 20 85 3 78 69 22 99 33 4 46 59 6 84 17 42 71 
4
6 21 62 39 
4
50 72 37 28 
20
36 26 7 18 59 85 19 34 54 15 42 56 16 12 83 71 49 82 99 51 
4
57 54 91 62 
18
20 21 36 57 77 72 19 99 4 40 46 29 37 85 63 34 71 70 
11
74 70 75 89 56 95 76 38 23 6 40 
20
7 55 84 24 99 66 2 89 97 57 46 5 63 76 100 82 48 53 91 27 
16
14 69 97 66 52 93 43 74 73 58 50 24 80 65 91 55 

