150 30 
6
15 29 52 34 75 68 55 17 30 59 47 49 69 22 33 37 10 45 31 60 22 100 55 15 53 82 37 93 40 40 30 92 78 97 3 100 99 8 17 21 41 77 79 7 29 39 83 1 65 18 28 26 49 18 10 51 2 81 89 47 23 48 51 95 59 90 15 12 43 41 85 59 55 46 36 11 51 100 34 49 61 61 25 79 48 8 71 15 40 24 38 17 57 26 17 2 17 33 50 95 94 53 26 60 9 55 61 73 62 87 61 42 98 23 4 15 74 54 21 3 25 33 56 91 71 67 76 82 20 36 56 38 23 97 38 19 44 5 91 34 8 17 90 38 42 67 91 44 27 39 
43 70 79 6 26 58 81 54 12 3 98 94 47 10 38 62 91 67 28 69 84 54 57 43 44 2 69 33 70 13 63 48 71 29 92 20 21 72 67 61 3 69 72 83 14 98 12 16 64 46 83 83 30 53 63 63 4 98 66 86 24 38 46 47 89 25 13 71 49 46 30 86 50 66 15 56 17 64 22 74 57 95 51 53 36 53 56 56 3 43 79 87 41 94 60 87 64 70 77 47 43 98 43 31 35 91 95 50 100 77 85 42 12 46 8 2 7 42 29 1 72 31 27 37 32 15 60 3 34 78 48 36 31 59 100 57 29 40 59 87 8 35 56 97 66 66 14 19 51 90 
20 15 97 87 27 22 83 85 62 100 94 80 84 60 73 92 58 57 23 42 75 40 33 62 75 23 54 10 27 51 18 54 39 21 1 80 8 88 91 65 24 73 69 22 26 33 21 47 84 44 24 73 32 52 18 59 21 78 74 86 30 83 60 46 14 30 21 99 40 25 49 54 95 84 80 54 34 83 49 97 86 84 50 16 5 76 50 99 85 49 40 3 5 7 48 56 82 28 5 38 13 75 3 64 43 63 6 52 30 53 61 87 28 27 1 64 58 3 20 52 73 5 16 26 45 33 91 68 7 59 36 63 11 70 30 93 11 75 91 41 99 26 60 95 80 34 69 79 45 54 
1 47 24 9 90 47 27 5 94 15 38 73 49 80 88 45 8 23 92 72 85 64 85 79 41 84 1 49 52 60 74 86 21 24 16 72 41 39 22 87 39 71 46 22 83 87 87 15 13 84 90 68 44 33 78 90 35 39 37 81 77 52 20 87 47 82 32 46 41 3 63 78 59 42 56 98 57 24 50 87 44 89 96 64 57 73 14 94 58 69 18 54 4 63 76 93 82 17 23 89 85 35 10 60 29 27 77 33 63 79 31 50 60 74 78 63 35 86 61 97 11 13 37 47 97 39 13 51 64 83 23 30 54 30 57 79 58 86 12 24 44 17 25 63 30 87 29 70 33 88 
9 26 4 41 22 92 8 81 53 99 67 79 73 87 89 90 83 1 99 65 19 36 10 39 16 46 19 71 35 75 97 95 50 24 29 91 9 27 67 47 49 30 5 30 12 74 50 39 73 43 17 41 67 34 6 9 8 45 94 91 99 86 54 34 59 7 10 5 52 46 62 56 93 21 24 69 12 10 23 78 44 17 79 14 28 93 49 85 91 49 31 13 91 89 19 51 87 55 54 43 61 52 98 9 92 65 97 89 1 14 71 75 34 71 74 62 29 55 23 44 69 74 38 99 76 17 59 42 26 32 7 29 79 12 99 86 41 29 86 16 79 43 13 28 72 72 45 85 99 47 
46 15 33 56 65 75 3 45 6 100 87 35 7 54 19 77 48 46 34 13 22 10 18 86 54 99 14 100 35 64 81 74 65 34 71 2 7 22 8 94 85 44 26 60 36 71 41 7 19 69 24 44 64 2 65 79 20 34 98 54 84 13 20 6 29 60 37 44 94 77 47 14 44 62 61 62 81 33 7 40 85 10 14 11 29 78 82 76 52 51 25 76 10 48 39 23 70 62 20 89 58 91 42 65 81 7 47 19 30 72 9 13 82 58 77 67 69 78 90 81 6 8 7 52 15 97 7 21 80 33 13 29 5 27 37 67 62 55 9 48 89 96 54 29 6 50 5 72 8 50 
9
15 77 74 59 139 39 47 140 61 
10
78 96 81 118 77 135 94 9 133 106 
2
79 56 
9
24 28 110 138 3 122 50 101 117 
17
22 5 14 126 143 79 45 37 38 124 97 33 49 41 67 9 86 
2
18 83 
17
20 111 52 89 6 78 54 127 25 15 122 96 119 88 146 29 2 
10
33 55 59 71 54 138 137 61 85 74 
16
79 108 70 82 145 75 112 100 81 17 88 52 105 115 103 63 
4
4 93 133 46 
12
40 44 91 27 104 59 48 61 19 63 79 46 
6
58 91 127 29 11 17 
20
39 141 145 22 124 13 48 43 74 32 97 138 20 72 118 63 112 65 57 62 
18
60 73 130 114 116 9 94 103 16 27 86 77 109 35 148 110 38 91 
18
14 82 42 7 143 70 140 149 13 49 80 21 40 46 17 57 103 75 
2
61 35 
15
77 15 35 67 25 121 62 101 54 117 7 31 85 122 18 
14
31 34 52 71 86 104 47 70 10 134 127 112 117 9 
10
70 29 122 138 135 27 100 40 120 12 
20
10 34 90 133 139 124 63 27 14 67 116 53 108 36 28 132 57 148 89 51 
15
20 141 99 36 108 144 14 12 139 140 51 33 96 92 1 
15
29 146 34 149 128 44 136 9 32 13 14 108 144 40 73 
20
79 112 98 114 85 50 144 81 5 104 76 18 25 115 113 149 55 39 138 9 
9
75 73 108 131 31 10 48 29 105 
14
53 22 119 49 115 13 129 92 3 9 128 69 82 26 
5
114 132 142 115 42 
20
70 3 33 117 43 71 133 40 75 137 128 131 28 61 18 147 1 78 62 47 
17
23 103 101 17 34 134 131 62 24 52 1 81 130 102 98 47 139 
9
67 43 37 55 36 53 87 136 38 
7
137 27 45 127 141 89 9 

