100 20 
6
86 60 68 91 72 15 22 63 20 89 34 19 74 46 30 50 87 2 34 64 13 46 98 63 2 66 20 75 63 92 83 56 41 15 15 39 18 48 92 92 71 49 34 11 58 88 41 55 94 31 62 24 93 58 72 4 65 71 51 68 68 60 71 27 86 5 7 71 15 1 55 55 66 13 100 90 98 75 16 38 25 66 72 42 27 14 63 89 91 26 65 61 48 63 24 48 29 57 7 9 
89 35 14 29 75 22 74 55 36 55 4 4 31 42 49 27 8 29 37 60 74 55 80 65 76 50 45 47 18 60 63 56 5 59 14 37 79 60 33 3 89 33 14 78 38 42 59 25 19 39 98 87 39 21 36 22 46 33 39 58 67 30 95 28 71 21 78 26 94 43 65 75 25 14 25 11 32 67 72 60 37 99 56 4 99 47 43 97 16 69 54 25 68 6 42 62 87 15 75 22 
30 54 4 39 69 29 58 3 93 50 80 40 60 79 14 12 18 46 87 70 96 48 51 40 37 68 33 25 29 94 54 25 48 34 42 6 38 68 14 18 25 16 41 69 55 6 77 74 87 47 89 91 24 12 24 7 73 100 21 87 76 62 23 54 71 78 12 97 69 21 67 70 48 40 26 56 97 53 24 21 3 50 51 15 41 98 53 29 60 30 90 61 75 82 46 74 100 61 66 47 
5 79 95 26 54 27 98 57 97 64 73 48 44 29 93 93 11 60 18 10 22 2 79 63 95 90 21 71 73 28 91 55 21 84 58 78 50 20 48 59 26 99 3 11 18 75 74 27 28 93 76 71 41 80 45 94 62 59 44 46 55 56 86 58 34 65 94 36 24 23 75 37 97 46 33 50 36 22 50 5 26 42 100 65 53 85 81 58 87 51 33 61 48 67 60 56 30 71 28 86 
65 68 27 33 9 91 3 2 75 16 60 92 40 86 4 2 65 6 10 30 24 10 92 88 16 31 100 70 29 79 73 24 69 61 60 84 60 79 2 54 9 85 74 30 12 84 73 30 35 89 59 76 84 66 91 16 17 57 19 1 34 58 62 100 10 60 30 5 82 100 49 68 76 3 87 52 56 79 60 37 1 51 65 48 30 55 91 64 70 2 90 85 85 26 4 83 65 27 59 38 
98 34 68 52 14 40 45 85 35 70 86 34 38 37 8 9 89 45 98 78 22 20 63 19 20 69 76 27 47 23 53 64 13 38 2 94 64 96 69 13 80 86 33 41 16 20 1 38 92 84 24 47 57 83 73 60 5 74 87 70 16 87 49 12 9 43 43 98 22 77 87 70 64 13 80 51 75 26 27 13 23 20 77 51 48 88 36 43 3 21 78 95 1 74 96 13 47 1 59 48 
10
46 42 10 49 17 40 16 1 99 14 
16
96 74 56 84 41 93 8 63 91 26 28 76 87 69 97 35 
6
25 72 57 99 8 80 
6
71 27 11 22 20 82 
11
46 74 50 40 31 28 26 27 98 88 80 
7
1 80 40 77 60 21 82 
11
28 9 55 76 59 42 82 65 78 54 81 
13
4 83 50 68 75 67 1 8 10 57 27 32 91 
11
15 5 57 27 29 86 23 26 51 87 41 
15
26 66 35 2 28 76 57 14 43 33 9 81 98 87 72 
3
66 59 15 
8
18 38 5 31 32 54 10 69 
18
37 36 84 17 69 5 25 8 75 21 41 100 6 77 74 3 20 50 
18
33 81 10 91 38 39 78 25 68 56 98 13 16 90 40 27 65 8 
19
66 35 82 91 59 72 94 36 89 56 67 30 6 90 21 26 16 9 65 
11
1 23 29 3 20 83 34 63 2 85 48 
14
9 14 13 10 68 96 45 85 88 5 80 46 55 54 
4
82 72 32 10 
8
67 86 83 95 43 88 77 16 
16
6 37 71 61 76 22 18 74 5 26 53 91 44 62 64 32 

