100 20 
6
62 40 35 45 63 64 93 35 30 33 43 35 3 21 97 92 28 14 79 22 26 7 53 67 24 11 89 40 4 75 97 6 50 24 11 34 31 33 48 29 24 21 30 23 59 1 60 62 37 56 24 58 14 91 25 59 74 81 43 62 81 16 25 55 16 45 86 64 16 1 30 52 54 22 71 24 22 47 72 3 59 86 70 37 6 38 24 24 28 8 91 6 69 48 30 13 97 54 29 17 
5 44 56 60 100 72 17 89 99 86 65 35 98 61 3 10 80 26 46 86 64 22 32 97 6 48 64 69 5 44 40 37 97 17 67 87 13 44 69 38 92 42 23 38 68 57 95 12 47 26 50 84 22 3 9 15 23 11 53 54 13 48 15 76 50 79 58 84 35 14 32 55 55 37 25 69 94 87 66 6 38 88 45 76 49 66 4 2 91 70 12 12 25 82 97 33 1 21 35 47 
23 71 84 41 49 59 33 54 16 48 11 23 89 11 2 40 3 35 86 3 93 57 75 30 17 53 87 47 38 93 56 97 17 39 59 17 49 1 100 75 72 79 82 69 44 64 59 60 46 74 68 97 77 83 30 92 40 11 4 72 72 83 63 1 18 69 20 97 44 38 23 35 37 26 93 31 40 31 99 76 90 75 85 96 87 46 73 71 62 79 81 61 99 25 91 95 81 27 95 46 
74 28 67 78 83 94 47 59 31 12 29 71 73 91 16 86 8 34 38 10 14 80 29 31 67 50 39 30 43 52 87 54 74 7 51 100 82 48 10 61 67 73 82 83 2 67 12 37 16 80 98 62 27 91 55 98 56 1 49 85 12 59 19 85 32 100 55 59 44 82 9 92 90 24 35 3 96 78 90 73 8 80 14 42 64 67 40 72 89 78 45 65 68 44 63 65 83 64 27 37 
96 49 81 81 33 24 98 75 21 62 89 18 59 99 24 61 61 11 71 15 81 60 14 71 44 50 2 74 69 97 95 80 13 43 47 95 43 81 92 56 93 48 93 43 78 58 42 23 71 40 90 27 23 71 23 76 65 64 41 75 44 62 6 14 98 31 100 20 70 86 4 1 80 89 95 29 85 87 17 85 12 37 7 58 70 84 16 35 89 68 28 34 10 1 29 90 57 15 97 64 
73 73 33 40 75 7 44 83 85 41 43 34 12 48 70 71 58 60 98 5 36 83 12 75 72 82 26 86 44 46 93 84 70 87 50 1 5 5 97 15 8 33 13 28 65 81 3 43 34 66 46 97 92 6 19 49 30 27 75 66 93 84 27 32 21 62 57 75 12 61 61 63 56 57 91 55 61 12 45 57 60 26 52 99 67 4 100 5 29 1 62 46 17 1 31 30 4 90 77 67 
17
38 21 36 54 5 64 48 55 16 47 81 92 99 20 56 90 28 
16
14 59 28 51 80 15 69 99 46 39 94 26 96 35 7 79 
9
77 26 50 86 65 95 82 60 18 
20
25 93 52 19 98 95 53 33 30 26 40 12 21 50 83 94 62 73 67 46 
14
14 10 49 1 84 99 45 72 87 7 91 83 8 5 
10
14 80 98 69 49 86 20 94 8 74 
16
87 52 8 30 53 23 24 50 34 48 32 86 68 66 76 77 
10
85 21 36 65 99 22 82 71 48 69 
14
97 5 7 31 27 34 38 62 40 57 22 25 20 90 
5
12 5 88 82 68 
7
45 75 4 47 62 58 60 
20
3 80 68 12 23 4 45 28 84 37 62 60 9 25 27 17 96 22 33 35 
18
45 57 6 91 99 88 49 46 95 21 26 61 71 43 84 38 65 8 
18
83 74 19 24 20 16 43 28 93 79 58 2 61 5 69 50 72 87 
11
64 12 98 100 33 88 90 17 49 74 38 
17
14 61 39 10 64 23 55 93 1 25 89 2 63 75 46 26 73 
2
100 81 
15
63 56 10 44 3 8 51 75 57 32 72 54 21 100 22 
18
38 3 78 86 90 30 59 98 7 75 52 85 58 89 65 32 74 23 
15
87 50 2 66 58 25 92 11 10 47 53 33 45 34 40 

