150 30 
6
8 24 52 34 77 52 60 14 71 81 38 58 43 60 39 66 35 64 66 75 21 73 63 24 14 88 24 69 99 88 97 67 27 64 78 87 41 58 34 70 19 76 37 54 19 12 41 86 67 69 17 35 49 56 54 89 12 93 40 81 81 59 19 81 18 75 49 6 89 5 93 65 58 26 54 83 85 89 94 32 70 60 58 85 27 65 63 34 71 69 10 75 45 50 69 77 43 12 27 46 95 3 34 55 13 77 68 97 37 84 87 60 54 45 56 4 21 73 56 60 58 66 57 5 91 85 28 67 69 46 29 74 65 39 64 12 5 94 10 53 57 2 45 82 38 41 58 34 77 84 
20 21 6 84 91 65 53 47 21 29 39 10 40 28 17 43 74 7 12 46 83 36 18 90 61 6 65 93 40 70 40 46 92 63 60 25 17 74 64 52 80 57 15 40 85 88 65 37 99 73 100 61 84 76 91 58 83 3 44 23 13 56 97 85 96 83 47 68 24 84 31 90 1 36 30 11 63 34 34 71 23 12 92 29 23 85 37 59 43 62 44 3 46 21 39 81 6 36 10 5 62 49 49 87 26 80 82 51 94 56 60 92 49 41 60 48 96 36 54 19 84 11 86 96 19 1 73 85 32 14 85 7 96 45 57 94 46 64 76 100 43 16 14 44 94 19 5 46 3 20 
46 54 97 45 5 83 93 27 27 77 70 1 86 81 84 68 74 68 14 62 44 91 16 81 3 10 4 54 18 31 16 7 3 29 75 80 30 16 34 25 9 20 54 73 16 27 67 29 59 59 42 11 74 39 57 97 74 97 79 67 71 87 12 68 67 10 14 67 91 95 96 11 24 8 84 5 9 38 13 55 82 93 91 90 24 73 31 17 62 60 81 27 67 99 9 55 19 22 79 88 86 39 20 39 43 35 84 83 24 23 37 17 15 67 26 89 45 99 46 64 72 77 98 95 95 19 41 43 41 15 69 69 12 28 17 49 11 12 33 31 83 54 4 53 15 78 28 80 98 81 
37 36 15 52 47 57 63 63 92 54 53 99 88 97 27 58 7 39 83 86 13 98 9 93 46 20 38 29 55 34 49 2 79 64 22 28 47 99 75 59 65 7 42 66 88 85 46 65 49 72 5 5 89 91 44 30 82 13 39 42 72 17 83 22 93 61 1 26 14 85 89 93 42 33 2 90 62 33 68 41 96 41 37 61 8 94 13 30 13 29 51 34 24 45 66 50 28 14 61 76 17 65 49 70 24 29 92 36 11 68 52 47 81 31 84 59 17 61 34 33 46 71 87 32 77 69 33 11 48 98 62 81 13 91 6 80 22 91 12 68 43 38 87 21 39 100 69 12 53 67 
58 93 51 50 21 80 62 5 71 13 84 53 87 34 2 60 88 21 18 64 70 25 61 61 11 47 49 31 25 41 12 27 85 4 63 31 78 43 89 17 60 61 31 37 86 50 61 62 90 37 75 25 69 16 34 99 82 63 79 8 36 22 100 42 63 65 70 22 20 16 51 43 19 96 35 69 15 63 84 96 58 16 50 53 80 52 89 29 93 37 26 51 79 91 94 74 47 51 60 28 15 77 29 98 48 52 80 78 22 81 6 48 28 11 71 80 31 21 81 34 92 71 9 96 72 56 33 92 86 98 84 89 89 96 95 52 40 57 14 97 100 33 39 10 8 87 83 51 35 1 
33 80 45 27 75 10 36 89 81 83 58 26 79 66 83 21 59 24 9 67 43 35 10 11 13 38 93 80 72 7 25 33 54 54 37 94 56 50 61 74 85 66 30 19 92 16 95 21 97 100 6 54 64 96 30 38 65 47 90 51 80 58 88 78 9 91 88 61 71 34 91 44 24 48 68 7 83 3 13 11 69 22 6 69 8 85 31 2 88 97 46 71 49 62 84 87 72 95 35 98 96 54 93 60 80 48 64 92 100 99 46 75 93 13 14 81 77 94 62 97 82 84 62 38 22 90 82 50 73 55 49 89 11 21 69 63 8 60 92 25 47 46 46 79 59 25 30 55 22 3 
12
23 86 128 54 47 145 103 1 140 110 35 12 
4
93 72 5 63 
15
8 34 49 111 27 87 66 6 128 83 58 56 107 19 103 
2
75 139 
2
126 58 
4
97 74 73 102 
11
101 118 36 54 96 93 27 82 67 90 11 
11
141 129 123 109 83 136 121 138 36 26 48 
17
27 39 20 71 135 61 132 31 137 72 35 76 138 145 83 29 150 
13
132 68 133 30 124 70 111 140 71 113 136 143 12 
19
103 102 63 1 148 77 79 99 44 131 38 100 80 14 21 101 105 40 64 
20
66 22 95 61 9 42 104 34 114 81 62 58 72 99 27 144 73 18 79 55 
2
21 62 
19
125 131 98 52 44 57 105 79 20 126 144 117 88 78 46 86 58 49 56 
7
66 13 14 100 88 59 89 
17
29 75 45 114 86 54 97 44 67 103 127 83 124 145 141 132 79 
7
41 128 82 129 132 28 59 
19
25 118 107 4 93 50 148 101 60 85 116 128 133 59 28 32 114 130 39 
5
86 140 76 83 52 
20
125 44 37 100 122 127 55 141 9 88 31 123 4 43 139 42 94 22 15 138 
13
58 78 112 53 126 65 37 9 129 147 17 57 27 
9
100 130 102 76 119 46 26 5 101 
3
88 114 32 
11
117 77 109 102 76 107 141 93 115 18 34 
9
90 45 100 149 80 133 88 118 71 
9
123 49 149 70 3 107 28 4 48 
5
105 42 83 76 114 
14
70 130 41 4 110 117 10 142 5 14 150 15 51 49 
15
56 123 92 44 71 88 133 104 5 119 107 124 51 109 21 
2
11 31 

