175 35 
6
1 75 94 69 33 93 94 15 75 88 2 37 65 43 73 68 85 91 1 80 2 58 56 56 95 74 55 71 44 12 81 95 99 41 40 16 75 84 92 1 78 86 49 85 25 81 13 47 9 52 39 42 70 51 55 73 45 49 54 7 65 53 65 4 20 45 46 86 7 1 31 93 90 82 17 12 94 90 26 91 7 89 10 46 75 99 63 9 40 75 23 73 30 92 51 99 23 11 3 6 16 98 33 19 92 38 30 85 67 41 78 63 43 41 49 6 63 32 99 76 79 64 48 22 94 28 9 60 21 75 14 66 61 10 3 56 84 78 23 4 48 5 11 66 12 95 72 64 19 25 44 64 64 80 13 63 21 24 25 71 87 23 15 7 92 78 31 79 7 56 69 97 40 33 37 
56 16 61 76 12 90 84 12 74 60 57 4 75 25 36 15 62 67 41 3 21 42 77 43 20 48 42 35 53 90 2 82 35 73 15 92 76 70 68 84 6 12 30 9 28 76 49 14 54 86 68 86 88 61 66 76 83 80 66 45 23 22 67 79 46 17 16 81 38 44 18 9 46 49 13 72 44 85 21 57 15 82 51 47 33 30 37 41 82 49 38 65 48 13 12 81 87 62 69 40 36 79 94 37 37 13 99 1 73 1 78 7 22 84 62 74 49 29 1 44 18 38 23 61 89 33 97 97 60 54 84 21 79 5 34 5 54 73 54 7 57 58 43 83 12 35 12 69 39 17 27 98 33 72 99 38 87 6 79 12 59 68 91 22 39 88 64 2 57 44 79 72 46 56 87 
29 7 9 77 50 94 50 28 60 86 16 70 78 78 12 38 17 51 42 57 32 67 19 70 45 37 72 14 39 46 9 78 62 32 89 92 93 66 100 13 66 41 32 34 66 83 73 71 30 93 37 45 80 64 10 27 93 69 90 15 32 7 28 100 52 76 41 58 87 64 96 1 84 26 15 55 1 41 42 25 55 90 51 3 72 91 60 52 7 3 89 15 50 52 57 31 46 4 58 66 96 19 70 16 32 47 88 32 59 53 13 15 3 94 12 67 81 33 19 9 99 54 48 31 71 44 47 16 64 90 71 60 20 91 18 33 48 44 82 72 23 58 33 92 74 75 67 75 45 26 77 90 83 92 48 91 5 47 47 21 30 73 27 40 89 80 88 81 55 75 92 36 15 40 54 
88 2 86 62 50 92 29 11 28 32 57 87 79 2 35 65 56 40 73 8 37 45 90 69 26 83 67 19 5 26 29 23 38 42 23 25 86 14 63 38 73 20 78 89 66 81 79 13 7 65 27 86 57 72 23 20 98 56 71 5 85 51 72 61 81 52 33 1 95 58 50 28 83 25 57 82 9 53 67 87 37 34 90 15 18 75 76 3 95 84 15 95 60 5 25 50 37 53 68 34 54 14 91 19 2 55 76 6 65 70 13 92 13 57 2 17 11 43 70 43 74 74 61 58 82 40 98 32 25 15 5 38 47 19 68 2 56 38 82 44 10 94 34 63 49 9 100 45 100 16 30 54 66 83 86 4 18 21 24 49 38 20 81 63 36 73 19 70 65 26 74 36 81 43 94 
24 42 29 23 21 34 46 73 16 26 14 23 62 77 15 66 48 20 96 15 47 11 100 11 44 13 79 84 67 5 68 94 78 65 22 51 16 90 94 94 28 55 20 86 61 64 16 37 60 12 13 71 32 58 64 53 31 94 80 28 25 46 1 39 29 39 55 38 68 90 9 80 25 41 56 51 28 4 13 47 53 88 42 70 86 40 56 77 52 18 2 22 21 71 55 50 84 100 57 76 2 90 5 67 93 59 68 16 1 59 98 23 64 64 38 41 59 4 58 82 92 33 48 65 38 66 4 31 94 92 32 61 66 69 77 69 29 11 92 73 23 50 81 8 57 59 59 75 4 94 45 56 38 31 63 60 48 26 99 87 28 7 99 96 57 47 5 71 71 16 85 16 15 71 25 
87 55 32 73 46 26 24 97 3 59 16 11 64 96 6 16 27 6 78 85 23 27 65 1 17 38 77 89 34 43 4 83 56 53 47 35 7 80 8 24 11 21 82 35 44 47 100 62 76 19 18 8 66 6 16 84 4 21 67 13 50 3 43 19 59 56 63 27 3 73 12 87 25 24 1 69 14 41 50 25 57 58 56 18 35 97 4 10 80 90 15 65 6 96 49 1 28 16 90 63 78 86 41 71 96 93 48 73 40 7 74 23 48 79 60 54 32 69 97 69 30 46 98 67 94 78 17 26 69 83 79 17 90 16 63 74 44 59 84 83 63 81 13 23 27 24 1 65 39 12 12 57 14 58 34 97 39 55 72 69 43 35 64 12 50 36 69 2 49 29 32 37 7 33 55 
7
6 34 114 162 44 13 157 
14
32 60 119 69 159 87 61 104 16 168 4 53 140 64 
11
6 19 158 172 89 35 113 63 175 42 147 
5
114 93 128 22 141 
15
71 2 131 127 50 89 48 9 87 36 96 113 62 33 49 
4
31 146 4 108 
5
127 99 125 39 75 
16
63 28 165 81 86 157 167 33 113 19 128 120 145 115 56 134 
7
119 53 164 171 134 19 113 
9
147 90 38 162 21 81 166 61 83 
8
162 103 9 93 3 51 15 123 
12
11 88 72 173 51 6 174 52 85 41 94 146 
14
154 95 114 60 112 172 108 31 97 83 1 30 106 99 
11
99 126 135 70 121 45 95 111 120 146 169 
5
136 35 39 49 99 
8
8 19 88 77 33 2 32 76 
16
50 117 57 31 112 144 161 54 55 24 124 22 53 95 18 122 
18
14 54 44 167 142 96 160 114 105 33 122 97 35 48 146 158 168 100 
2
72 104 
3
52 50 92 
9
75 121 49 50 64 58 104 30 76 
2
144 41 
9
152 172 97 105 160 95 26 30 139 
17
131 52 57 67 168 66 104 171 114 118 164 46 55 108 165 7 137 
13
121 49 66 89 81 88 171 127 64 18 31 152 61 
6
60 34 141 91 63 1 
4
11 153 122 28 
13
122 33 65 93 142 9 1 131 132 134 155 36 98 
14
31 124 130 81 139 100 129 141 41 4 43 109 55 103 
16
113 55 136 160 2 133 134 12 32 142 108 150 79 111 121 74 
10
64 19 74 58 49 92 149 14 108 169 
16
25 21 31 20 126 120 121 116 85 145 77 51 40 45 150 62 
20
57 125 151 75 34 70 105 7 135 68 101 4 123 172 69 52 28 110 91 10 
18
134 94 18 160 14 155 168 139 119 17 73 8 50 103 112 93 54 43 
3
18 10 33 

