150 30 
6
28 11 80 66 8 1 16 49 87 64 3 32 84 9 13 85 97 30 46 67 83 10 53 61 33 70 79 25 24 9 56 79 83 82 32 3 62 64 22 75 8 36 60 13 4 22 88 100 78 62 38 76 86 99 30 31 48 64 53 39 47 58 73 85 52 77 90 50 62 57 9 63 13 77 77 96 79 12 63 72 59 73 82 11 14 25 53 32 28 11 61 32 21 30 56 25 73 18 37 60 59 52 10 88 89 39 43 96 86 98 37 72 98 60 58 84 5 16 40 87 23 89 64 54 61 100 9 4 45 70 92 23 43 1 77 35 66 36 99 40 59 1 86 95 31 9 18 6 66 25 
1 88 47 32 92 30 92 23 12 99 60 7 73 25 36 27 52 48 70 91 19 16 66 33 56 30 71 36 39 97 14 73 19 55 95 18 5 79 18 99 99 84 30 44 45 67 36 83 5 15 43 78 90 46 42 78 84 76 29 58 43 88 61 27 28 34 77 67 77 20 89 15 5 54 26 100 96 60 19 9 74 91 80 51 19 64 72 87 50 26 28 69 99 79 28 10 67 95 91 46 87 6 89 6 70 26 21 41 59 26 43 39 81 82 66 37 16 76 31 53 66 41 62 89 82 20 24 30 88 28 49 11 89 78 83 11 55 91 25 68 85 48 11 70 91 91 21 98 63 31 
32 78 97 54 56 88 41 94 6 82 13 35 47 38 47 71 14 20 32 81 8 80 52 4 28 23 19 52 25 56 30 66 55 69 35 19 64 29 27 63 85 49 78 46 63 55 65 100 85 27 35 47 73 53 15 20 25 97 61 53 42 82 37 53 24 53 58 32 41 52 5 54 72 47 18 66 98 58 55 74 47 49 19 40 7 24 29 48 89 99 64 61 19 87 82 23 9 18 47 98 35 42 47 68 85 74 75 23 93 6 19 91 85 65 73 50 7 20 93 98 90 55 69 69 6 40 17 66 12 81 69 83 27 15 23 24 60 95 72 87 89 99 37 28 58 47 46 28 57 3 
21 80 5 24 66 2 88 40 73 79 2 60 76 65 75 75 5 62 63 57 63 7 90 75 36 92 69 69 76 64 93 64 73 55 49 64 61 78 43 29 62 21 52 97 91 22 66 68 35 72 95 90 98 93 43 25 25 32 69 14 70 33 49 19 34 8 55 59 45 100 60 15 96 78 13 65 30 38 85 57 100 93 42 34 90 43 65 90 3 19 81 83 3 93 88 9 14 97 44 10 80 56 90 90 73 41 96 79 58 83 33 93 97 91 10 11 93 55 45 24 54 17 12 71 24 7 72 33 91 48 80 67 82 90 15 45 33 39 7 96 73 50 91 4 100 80 86 45 28 25 
54 100 32 80 25 91 17 57 32 69 39 54 21 7 76 61 4 10 59 66 39 57 36 92 71 79 63 66 10 80 68 63 37 74 38 10 39 4 21 58 31 100 24 89 77 22 27 54 52 48 37 5 80 11 11 55 67 90 25 49 81 8 10 54 15 66 49 42 83 1 18 79 12 65 32 79 86 20 24 12 92 88 52 68 49 53 69 24 78 85 94 74 76 83 74 42 17 11 16 35 87 69 42 81 71 66 61 36 36 97 30 71 53 88 88 73 28 55 22 11 98 64 56 80 56 66 61 100 11 63 9 25 55 93 68 19 93 45 82 92 53 89 75 83 86 75 74 14 59 93 
84 45 18 81 66 88 30 51 10 3 61 45 81 22 37 29 23 93 5 55 57 75 14 8 88 19 48 46 98 8 73 34 22 77 21 4 96 30 8 5 2 36 79 55 15 91 63 21 23 15 84 42 34 97 62 100 81 51 81 67 30 6 85 25 55 97 90 32 42 92 88 89 48 45 52 35 29 42 28 84 90 78 94 31 44 88 49 97 86 40 49 85 33 57 98 25 8 81 53 36 4 38 79 51 54 13 93 14 68 89 12 30 24 55 59 46 6 81 80 46 42 15 60 44 98 55 24 63 80 3 97 10 69 35 87 67 80 87 98 10 82 71 24 15 90 99 52 5 86 65 
7
2 13 134 142 41 128 119 
12
98 37 44 81 107 60 125 123 21 129 94 23 
18
44 74 49 73 82 33 41 139 80 83 9 97 143 77 142 127 21 22 
4
143 28 79 19 
10
50 117 46 94 125 115 113 126 97 56 
5
135 65 66 99 82 
16
145 122 109 116 92 80 147 52 108 137 132 113 115 53 41 142 
18
117 132 44 101 72 18 89 66 64 95 103 60 57 150 34 1 139 33 
6
110 117 40 130 127 83 
5
41 125 90 103 110 
12
69 46 138 70 82 144 61 43 64 110 73 122 
11
104 69 144 81 102 128 68 42 114 149 24 
4
98 7 120 34 
11
83 69 88 27 105 30 34 118 49 96 13 
18
76 70 139 116 140 142 81 86 50 91 35 124 136 120 93 100 68 149 
19
33 97 44 75 86 48 80 133 99 23 129 30 20 50 90 63 138 104 21 
19
141 132 30 35 101 56 147 119 97 111 54 9 36 28 140 5 14 41 144 
7
99 15 49 35 89 37 130 
8
105 134 42 4 89 125 113 78 
14
129 85 125 30 73 19 68 80 69 47 13 41 60 141 
7
139 51 69 149 64 76 140 
10
86 73 83 9 78 141 26 97 34 18 
2
5 58 
20
112 107 53 105 30 48 84 90 149 129 136 42 4 63 96 117 95 142 73 144 
6
109 22 143 126 92 150 
15
133 136 10 117 55 8 23 17 6 39 31 125 130 66 73 
6
42 145 139 121 116 80 
5
130 43 13 22 99 
9
46 112 142 28 73 126 76 121 1 
13
84 6 21 38 46 16 10 41 48 12 14 121 106 

