150 30 
6
37 3 100 4 71 17 25 69 24 73 25 39 92 37 29 5 92 75 27 89 60 45 48 31 25 12 38 29 64 2 58 52 94 93 67 35 2 30 27 49 5 83 12 99 94 41 66 8 63 63 25 22 95 46 47 37 4 14 47 20 94 4 42 96 3 74 82 7 9 3 1 20 8 38 57 91 86 39 95 21 67 43 31 91 54 61 68 56 96 90 91 85 15 43 9 94 66 8 42 78 9 37 35 58 52 59 93 9 2 55 80 49 13 55 36 72 90 48 56 65 86 72 30 11 22 5 84 17 18 1 20 60 91 72 42 19 57 86 68 17 7 3 88 66 88 85 60 28 92 40 
36 10 45 46 52 55 18 87 40 48 66 99 66 14 89 65 73 52 4 69 70 11 49 38 1 100 56 89 96 94 34 24 69 22 95 51 55 79 60 92 84 69 80 56 22 44 29 48 4 42 15 92 33 63 18 67 51 56 17 44 69 45 70 76 46 31 3 61 94 71 60 87 7 57 28 81 10 76 87 49 92 75 38 38 92 61 20 65 76 22 11 22 12 35 82 60 69 85 83 76 27 5 72 44 15 32 81 97 69 95 80 70 11 92 100 27 81 80 86 17 73 100 70 7 63 33 95 32 43 57 91 96 17 49 83 84 59 99 45 98 100 55 79 41 35 1 30 74 37 5 
34 45 40 7 42 15 66 89 89 89 38 45 94 14 90 89 85 24 58 47 66 57 1 82 18 91 13 14 97 84 58 63 92 98 18 34 94 69 47 20 58 53 12 75 73 38 63 56 13 56 89 28 43 88 23 93 3 78 96 63 78 38 52 51 91 90 13 65 23 65 72 11 46 55 34 8 40 12 77 30 12 52 76 73 5 82 12 3 51 26 78 21 43 18 100 39 32 92 82 16 69 5 64 96 72 17 83 51 55 18 81 96 29 47 91 24 3 81 44 31 80 65 46 92 69 22 83 70 22 59 61 56 13 23 99 43 22 79 90 58 6 85 64 39 97 11 46 9 93 67 
89 90 9 31 90 81 58 21 66 9 88 25 68 82 20 27 88 70 48 5 32 48 99 29 85 7 57 23 24 19 45 12 74 11 36 69 25 77 77 99 31 17 78 39 6 37 84 9 74 12 59 30 49 95 84 15 18 65 23 38 82 88 52 100 44 18 67 89 84 41 30 40 60 2 78 85 43 90 69 35 4 14 73 61 90 51 44 5 1 14 4 19 96 99 38 68 12 39 89 39 49 100 99 59 69 62 90 83 35 58 30 29 57 23 68 73 84 90 91 18 28 33 86 83 51 43 30 88 53 54 10 74 21 87 9 98 43 29 82 34 65 14 69 51 65 35 100 94 25 90 
1 6 33 7 31 23 20 42 70 42 21 79 14 49 38 33 79 70 99 35 88 58 5 49 88 91 55 77 13 44 6 88 59 59 61 95 53 69 18 95 4 23 95 42 71 1 65 60 14 12 22 63 59 94 84 36 84 6 17 96 36 34 3 59 22 23 87 94 99 83 1 72 91 28 67 64 89 59 2 3 73 16 14 71 40 56 54 74 92 96 87 44 18 53 19 43 57 8 25 10 33 33 91 26 73 54 97 80 89 70 18 6 57 65 44 14 99 57 89 17 96 35 27 86 48 72 87 34 52 54 80 15 5 77 97 3 83 76 35 42 65 1 53 12 56 19 70 51 49 35 
34 2 100 91 46 41 47 60 15 1 58 64 52 68 82 94 10 28 56 57 62 4 56 85 83 48 92 8 7 55 19 42 57 31 100 71 94 16 80 35 7 58 75 68 37 12 88 86 17 15 8 25 56 48 84 10 41 96 16 76 63 6 19 47 80 29 9 70 11 45 79 82 17 21 43 98 2 28 36 96 21 77 94 37 67 36 70 53 75 64 8 2 7 71 100 59 10 2 88 17 10 89 39 45 31 68 38 13 51 71 40 40 88 100 72 22 86 87 50 75 19 70 98 88 75 79 28 28 38 57 28 80 24 28 81 36 16 37 36 18 93 86 69 48 10 47 80 33 74 64 
5
114 85 13 12 128 
5
47 24 103 19 102 
17
72 110 147 75 23 94 111 78 68 127 60 14 107 16 27 13 84 
13
146 121 22 8 110 90 126 7 95 25 143 111 13 
5
45 117 43 102 66 
5
60 105 13 103 75 
9
103 116 5 42 84 101 35 132 110 
17
138 99 112 136 30 8 118 146 127 115 97 143 55 140 50 122 123 
19
69 134 42 104 54 43 86 129 46 10 71 35 110 132 20 36 3 48 24 
14
54 133 136 120 86 46 106 88 14 148 102 82 12 140 
6
46 16 70 87 131 63 
11
70 88 57 138 48 132 122 137 71 67 78 
2
149 51 
12
90 117 57 35 131 7 129 52 123 98 3 64 
6
90 22 139 8 75 30 
12
99 109 11 81 72 146 113 86 79 33 67 143 
4
18 114 65 59 
3
142 140 70 
6
77 97 59 24 27 142 
12
118 54 114 144 47 26 89 143 52 30 105 132 
3
99 69 58 
4
58 30 141 60 
2
52 4 
19
4 30 40 104 33 64 117 147 109 52 63 41 123 144 94 57 17 145 27 
18
42 43 124 18 14 123 96 101 7 40 142 98 135 72 95 137 73 32 
13
120 12 115 110 77 109 116 143 26 105 19 124 150 
17
142 59 72 113 24 52 43 122 146 22 47 78 28 66 29 41 70 
15
107 61 53 25 2 84 23 79 143 147 102 34 7 73 118 
2
62 147 
3
5 58 63 

