100 20 
6
33 58 9 74 22 34 91 8 6 69 92 82 78 26 66 33 60 22 99 38 83 3 71 30 98 1 41 78 28 71 48 89 74 79 53 47 100 14 92 9 96 19 58 12 66 6 55 23 45 65 22 85 30 19 71 64 28 76 16 18 54 69 67 48 10 88 42 26 75 58 96 74 42 98 94 75 40 98 76 44 5 51 5 43 56 94 66 71 95 96 83 22 40 63 88 26 56 45 95 29 
28 93 32 37 53 72 60 74 46 5 95 37 54 53 54 7 41 26 79 8 65 71 55 17 27 24 1 77 17 37 19 62 98 61 12 99 89 43 99 16 64 57 5 70 82 5 81 14 99 2 29 27 89 79 16 78 86 66 78 53 74 19 50 38 86 26 71 57 33 21 89 3 6 98 93 71 33 38 23 5 65 31 19 60 96 90 11 69 16 97 77 91 32 81 88 89 56 11 65 14 
21 65 94 55 25 72 21 4 66 90 78 67 46 50 32 23 87 82 50 10 59 60 53 87 64 100 97 85 53 23 89 94 13 7 94 37 5 68 82 63 21 56 99 72 29 27 99 28 48 34 71 32 11 76 73 48 5 96 40 1 61 82 61 15 48 17 97 50 32 17 85 43 21 13 10 56 18 16 94 79 57 97 27 27 40 28 44 91 55 43 74 57 65 55 55 50 19 67 40 38 
20 71 12 28 67 40 40 66 47 15 57 87 35 4 87 55 64 51 51 97 16 5 94 43 58 2 86 95 79 52 17 83 84 23 62 38 56 99 34 11 3 11 69 41 66 20 87 33 21 29 15 49 49 11 19 33 86 45 55 35 23 64 6 37 77 2 94 83 41 23 38 33 43 25 3 42 86 39 34 63 96 27 31 86 94 78 11 40 71 83 72 55 90 32 41 96 50 19 78 93 
48 27 15 24 18 19 20 80 94 74 58 71 25 1 47 43 92 16 88 18 33 3 18 76 42 58 14 21 92 3 33 53 89 45 47 56 55 63 73 70 8 74 73 6 37 17 42 61 76 88 38 9 3 15 99 13 20 35 44 63 45 84 77 69 51 48 21 12 1 87 46 74 21 14 83 6 27 85 68 7 39 81 87 16 10 16 93 18 63 65 81 58 94 74 4 59 11 16 76 50 
33 69 48 63 79 80 8 38 43 2 79 43 92 40 32 74 18 60 78 92 1 96 36 80 29 98 35 21 41 30 47 3 46 5 26 22 28 76 55 22 99 62 78 54 37 75 85 82 71 29 6 79 34 13 51 34 71 92 99 8 48 91 68 38 94 68 42 77 4 2 61 87 49 47 37 88 30 95 95 27 90 88 42 85 87 52 31 32 29 8 23 99 33 1 23 82 56 59 69 25 
5
38 41 98 57 61 
20
57 97 1 34 45 75 92 68 80 37 69 11 14 50 67 66 48 56 38 2 
13
90 55 51 41 61 5 66 74 36 28 79 16 89 
8
20 30 83 97 9 54 41 28 
19
59 27 14 50 96 61 72 39 25 38 90 64 15 8 13 24 80 21 49 
5
82 51 44 91 35 
5
38 62 84 42 75 
14
97 88 11 5 67 24 72 89 63 18 71 3 1 56 
17
74 31 14 43 51 3 80 82 22 70 32 24 27 66 42 6 86 
8
8 31 79 5 85 22 58 47 
17
86 15 91 82 13 26 79 32 54 3 57 58 48 35 30 89 76 
20
46 32 54 64 47 69 28 85 33 5 10 7 44 98 50 43 42 16 34 15 
5
67 87 42 8 32 
17
42 8 31 100 86 55 84 41 75 45 74 25 51 66 15 49 59 
7
31 35 54 1 50 29 92 
18
97 27 82 85 56 58 11 61 93 5 62 22 34 38 7 48 44 15 
13
85 38 66 20 31 82 49 51 68 98 90 27 42 
19
28 7 47 37 63 20 71 81 72 8 36 10 73 85 6 25 41 75 46 
5
78 96 20 73 66 
7
25 59 15 48 33 52 36 

