150 30 
6
13 96 31 2 94 100 30 65 98 6 14 39 10 50 71 20 53 20 92 89 68 86 63 75 45 80 96 77 55 62 15 53 1 43 23 94 90 68 86 93 78 15 1 33 11 11 46 50 27 68 86 80 52 51 63 1 99 20 23 85 87 51 48 42 93 36 91 69 76 100 35 37 61 25 89 6 45 37 59 97 99 11 12 49 8 21 20 9 26 57 32 45 1 49 83 35 88 8 42 2 50 93 35 10 10 54 20 68 17 77 62 10 34 21 71 69 55 64 43 46 59 36 79 61 20 11 95 90 77 11 44 30 32 1 43 1 31 51 82 18 33 58 35 69 80 20 83 84 89 97 
11 56 83 77 55 96 91 78 17 56 6 94 45 40 78 93 3 60 21 14 11 66 52 80 86 84 53 45 21 77 74 16 31 77 27 71 77 29 23 92 94 60 30 74 30 35 86 25 90 13 13 79 34 3 76 18 16 57 97 24 46 81 63 82 25 33 66 56 84 99 32 56 93 2 74 75 98 89 69 28 68 31 24 31 3 25 67 41 93 7 89 83 62 76 14 38 71 26 31 59 45 67 62 65 95 86 48 4 32 18 90 15 67 49 46 41 23 10 69 27 99 63 10 83 43 63 17 15 99 65 7 39 13 97 55 25 67 85 24 84 91 64 26 22 58 34 22 55 85 83 
17 60 35 70 71 63 34 46 62 18 63 11 27 35 64 91 50 28 12 15 16 11 6 91 11 93 58 85 48 17 53 36 30 72 97 38 24 70 70 34 63 70 69 83 75 92 33 46 76 24 83 35 87 80 90 91 77 82 91 8 96 44 12 49 86 11 53 89 91 47 80 1 16 40 89 88 92 87 12 6 16 60 39 20 83 27 15 71 10 71 68 97 52 43 28 94 93 39 30 6 14 9 57 9 92 72 58 70 15 51 12 80 69 30 2 92 80 28 38 94 98 38 35 68 15 83 32 72 74 61 42 88 27 84 51 16 96 68 69 8 53 1 71 2 12 36 60 61 65 28 
12 87 94 49 28 21 20 1 95 21 89 55 5 34 48 64 33 49 14 3 32 19 70 11 61 79 7 97 49 86 25 49 76 51 88 31 11 46 4 30 24 14 49 62 100 59 60 48 82 57 10 54 51 62 14 70 26 85 13 6 89 13 42 44 92 27 27 45 66 97 37 77 91 65 98 37 86 62 56 92 4 24 95 56 8 55 49 63 65 63 63 89 24 64 63 89 14 73 78 8 11 23 66 54 4 73 71 23 90 57 15 20 38 16 83 87 53 28 46 62 68 97 40 31 23 79 85 40 26 18 48 49 39 18 73 8 76 55 77 62 66 64 64 21 95 81 99 31 16 92 
49 11 93 30 45 59 80 32 61 14 78 32 71 23 8 45 25 47 15 37 48 10 40 100 99 60 50 34 19 75 8 68 95 66 23 75 76 8 30 57 50 90 47 32 84 3 52 43 55 100 84 74 38 30 93 98 57 60 18 54 11 44 86 68 24 22 31 45 82 64 22 100 59 87 89 94 15 94 12 31 13 86 24 100 92 98 30 96 99 55 51 17 91 32 96 39 70 93 69 4 70 92 38 40 61 95 49 89 9 66 95 10 63 36 84 77 80 34 80 37 26 98 58 1 42 63 57 36 85 65 76 67 52 95 67 67 19 57 55 4 99 42 17 63 78 99 63 57 54 90 
77 22 35 75 17 57 69 24 3 43 50 88 49 79 13 82 74 16 83 7 80 99 3 65 82 22 17 47 29 2 6 7 4 42 72 82 16 47 43 61 37 72 46 2 69 21 96 93 99 7 74 1 17 37 70 55 77 8 56 85 29 86 52 6 100 40 13 63 43 3 79 69 99 21 94 29 78 9 79 19 61 65 19 41 2 55 29 80 85 1 57 82 71 71 47 81 42 99 29 2 22 32 12 25 88 38 55 84 90 62 64 58 82 15 80 28 50 98 89 27 86 89 40 93 57 83 78 5 67 30 93 24 96 3 19 94 20 4 41 47 18 64 41 4 88 38 22 79 40 63 
13
75 64 9 123 118 110 145 13 79 146 54 139 95 
17
124 133 122 52 90 121 37 127 30 53 123 81 84 3 111 115 23 
17
130 74 93 29 99 76 131 20 86 101 77 6 78 25 51 90 12 
5
90 87 9 30 104 
10
46 7 32 105 62 50 44 129 134 63 
11
51 73 111 102 29 30 115 2 44 4 12 
2
149 131 
18
32 9 68 53 116 43 54 90 119 144 149 46 42 83 69 82 57 115 
7
72 43 70 145 12 42 101 
20
62 16 136 122 147 50 12 97 10 9 33 78 72 14 1 69 26 19 111 66 
4
26 96 44 105 
16
71 122 111 5 60 28 121 144 56 129 79 106 138 80 117 68 
2
96 6 
19
26 137 8 16 39 11 99 45 20 60 18 13 125 30 108 147 58 90 144 
2
31 87 
19
111 107 71 145 19 35 96 91 12 110 147 60 33 95 130 99 87 127 137 
6
109 44 129 143 14 53 
7
45 5 125 10 87 74 129 
10
96 34 32 95 83 109 51 21 91 28 
17
121 8 5 131 108 60 144 145 41 18 17 100 115 43 14 69 138 
9
110 61 75 90 10 101 140 84 15 
14
30 63 53 68 26 98 129 19 57 60 145 80 124 1 
4
76 13 14 101 
20
5 132 129 89 141 127 92 79 7 63 137 26 17 88 30 66 94 91 44 86 
6
2 39 13 146 141 35 
8
126 113 133 18 37 12 49 102 
20
134 10 49 69 56 140 135 112 26 145 1 23 75 74 54 19 71 119 65 42 
2
4 79 
9
69 144 78 33 6 67 99 98 49 
2
83 137 

