175 35 
6
57 81 30 51 93 48 89 96 2 72 80 52 58 91 24 25 100 13 27 76 37 5 88 26 99 12 24 13 38 27 69 50 97 96 70 84 12 27 26 35 74 64 83 37 44 22 38 12 20 51 19 100 66 44 89 67 36 25 7 67 65 21 47 31 77 43 84 52 57 88 45 34 82 8 58 20 93 2 39 19 25 67 85 85 54 93 8 26 76 52 40 36 30 59 88 64 31 73 91 3 39 24 72 73 12 43 1 100 48 81 38 71 18 23 37 61 88 71 95 95 41 29 51 12 96 5 61 34 63 19 79 51 90 47 48 88 36 56 24 13 10 82 50 74 11 27 83 54 42 42 67 6 85 32 44 74 58 47 72 71 84 34 11 100 69 99 10 88 17 25 81 95 18 21 24 
71 19 97 77 13 56 61 7 43 74 45 94 4 23 51 72 47 55 76 51 26 40 63 48 45 41 69 82 62 44 36 72 15 18 79 59 38 34 14 92 1 9 18 96 86 94 47 55 58 18 6 79 26 18 67 33 90 71 31 78 75 13 18 8 91 20 49 56 43 27 54 86 20 31 10 84 69 72 90 12 60 56 11 46 32 89 23 43 86 24 31 80 35 32 24 69 92 57 63 90 91 98 44 32 33 52 90 41 100 39 76 36 67 87 73 35 33 8 97 53 23 63 86 47 70 4 28 84 8 35 26 48 58 61 55 68 46 38 52 95 29 42 13 9 24 13 17 49 29 100 93 53 22 2 73 55 51 38 87 85 65 100 6 53 69 26 69 90 7 38 87 60 28 40 41 
24 37 92 81 56 31 75 94 98 38 47 59 58 84 53 69 61 63 25 12 33 20 22 8 37 98 69 84 67 43 2 15 90 95 3 70 27 1 18 18 34 56 44 99 83 28 92 88 18 67 98 20 45 72 60 6 64 23 1 43 77 64 62 97 54 86 47 67 43 74 91 41 20 70 50 4 31 14 15 64 13 53 63 74 67 23 65 35 83 72 72 32 19 28 29 24 89 60 50 21 39 66 12 72 84 96 43 77 71 43 41 26 73 70 97 29 10 59 69 98 27 62 29 12 41 32 61 81 64 29 33 88 12 36 29 85 67 64 87 67 43 3 37 17 30 65 2 36 2 11 67 98 91 16 26 15 19 5 65 11 84 34 6 72 9 63 46 55 19 39 50 27 8 93 3 
64 19 90 27 55 76 69 69 58 77 8 65 31 58 100 86 24 98 1 37 63 43 94 60 43 7 44 17 82 89 82 67 17 47 42 8 65 77 25 43 88 53 31 94 85 21 87 90 11 30 68 45 48 15 84 91 97 38 6 47 96 33 98 42 37 17 29 35 51 49 79 69 12 59 100 97 84 29 86 23 73 77 66 42 95 47 90 36 87 36 73 90 76 67 26 56 84 28 100 2 91 51 75 59 28 41 89 56 87 4 16 10 47 17 92 69 94 39 54 72 67 35 34 41 73 13 60 86 99 9 15 97 1 49 85 46 58 63 45 70 89 48 31 56 14 68 22 44 45 84 54 24 78 70 33 95 7 100 47 47 26 76 25 20 95 98 33 14 3 78 16 65 10 82 57 
6 18 12 28 75 54 7 80 30 1 37 96 76 93 32 68 9 80 31 4 75 25 58 15 94 78 28 25 7 41 85 77 53 71 32 85 75 35 39 96 60 13 30 17 82 50 91 2 4 27 36 54 29 34 86 36 24 24 20 54 73 2 54 82 33 81 83 88 98 76 23 72 18 87 42 66 2 81 26 62 34 23 40 84 47 56 54 83 69 58 50 26 56 100 96 51 99 21 36 38 94 16 91 67 10 44 98 45 82 63 55 84 94 66 50 40 67 54 98 77 89 94 51 60 20 33 100 54 16 44 30 98 16 95 82 39 92 39 25 82 56 61 50 58 9 65 78 88 79 93 16 53 64 87 72 43 92 7 2 44 25 92 26 71 56 75 28 90 83 89 72 7 27 50 99 
21 66 52 96 89 87 30 95 22 51 4 25 2 99 26 92 95 25 7 72 17 51 56 66 90 20 27 76 45 7 38 70 63 24 37 30 80 37 100 79 91 9 13 1 32 84 34 16 64 39 76 61 56 8 19 82 16 22 25 72 69 93 57 90 90 77 44 88 12 28 23 16 49 7 19 42 86 73 64 34 5 33 17 10 6 8 2 21 4 48 38 69 50 79 2 66 62 59 91 22 94 29 93 76 22 5 82 16 44 14 43 46 57 32 22 49 16 14 38 30 82 92 89 23 61 9 60 87 1 77 85 74 47 14 61 29 22 13 84 68 33 11 94 39 14 99 89 24 20 65 83 93 72 19 30 95 48 94 8 76 33 40 56 51 59 76 34 4 62 60 21 1 5 90 41 
5
38 96 116 81 104 
18
146 123 80 125 62 173 71 65 144 151 150 110 165 37 107 49 47 4 
10
82 51 53 156 132 43 169 56 133 40 
20
145 173 13 147 163 101 115 172 39 162 5 6 171 60 152 7 67 130 96 1 
9
99 97 44 172 59 164 90 146 124 
18
103 60 59 167 61 140 158 36 132 104 74 6 3 156 43 38 165 54 
12
160 72 163 63 98 158 4 123 114 57 53 29 
19
96 7 30 22 129 104 82 99 6 147 164 86 93 67 4 135 152 165 21 
7
41 19 168 30 155 100 9 
10
10 4 91 61 132 58 101 49 109 123 
7
52 145 74 106 82 109 168 
5
54 56 107 127 44 
6
28 71 42 83 139 31 
5
90 51 150 93 73 
17
30 63 162 154 96 84 97 107 119 82 128 68 121 116 38 34 29 
6
175 42 84 107 132 92 
19
53 143 95 4 153 72 107 45 67 104 40 77 29 47 94 23 35 109 44 
7
15 81 28 131 9 110 159 
8
27 8 34 148 119 133 101 165 
9
1 170 40 104 118 164 159 60 151 
6
156 1 50 58 115 95 
20
159 63 67 99 16 134 156 44 55 52 90 125 59 30 22 146 37 102 114 160 
15
67 143 68 35 173 15 168 113 148 1 120 112 102 83 149 
10
166 146 33 54 68 18 119 116 84 30 
20
14 143 8 134 154 160 88 142 156 41 19 57 130 15 95 13 106 72 60 115 
9
52 74 125 153 2 11 96 115 75 
11
32 35 156 88 72 100 84 37 119 11 95 
12
104 134 97 80 84 60 87 167 21 128 131 35 
11
61 161 72 50 168 151 78 41 91 170 18 
14
55 45 79 43 1 50 140 146 26 36 90 164 126 22 
15
135 45 145 37 24 31 5 71 152 111 20 100 2 134 12 
3
174 111 64 
17
46 139 119 96 153 74 45 53 114 150 20 95 63 129 59 31 158 
13
83 47 71 8 159 167 3 12 78 111 116 136 53 
19
56 4 91 19 75 66 85 45 98 58 122 135 119 81 96 146 74 124 131 

