175 35 
6
27 65 49 45 76 100 76 77 18 83 23 80 46 46 15 21 8 92 14 7 12 87 65 98 60 61 60 29 78 79 12 3 42 8 75 37 32 89 77 15 30 86 87 6 92 40 33 74 37 39 44 95 94 11 95 53 53 100 1 75 9 63 19 92 29 11 95 94 55 56 13 79 65 60 62 1 56 93 37 87 36 78 94 51 88 51 6 81 35 100 69 9 40 83 73 57 50 1 11 12 28 48 1 36 83 51 97 81 68 28 32 26 43 99 92 30 44 58 79 30 25 53 72 65 58 71 2 53 95 69 65 7 9 46 37 84 11 68 68 69 36 55 20 97 65 11 91 10 71 42 70 74 89 86 32 74 81 45 4 37 37 16 63 29 92 75 28 65 14 47 98 36 37 13 85 
25 77 58 30 62 65 98 5 39 6 66 20 80 90 30 9 87 75 86 9 28 70 9 23 44 100 11 89 82 81 95 5 43 76 32 3 48 45 87 4 93 23 32 68 61 89 3 66 30 95 26 87 98 56 89 52 18 98 82 56 17 11 34 52 39 98 57 92 3 18 60 7 1 95 11 23 42 56 75 55 89 93 67 22 86 24 54 20 45 19 91 3 67 22 1 71 84 82 25 39 99 26 16 89 9 88 38 20 26 13 30 13 21 90 92 4 59 57 62 93 94 30 10 24 47 52 14 77 7 79 10 34 21 21 34 37 11 2 13 66 66 18 61 98 38 10 100 44 56 23 91 38 67 24 53 28 57 2 58 2 35 80 74 31 17 69 62 16 20 63 91 70 34 26 61 
72 47 58 33 62 32 55 20 54 9 61 59 34 7 100 76 58 52 69 23 33 50 87 3 74 54 5 4 4 49 9 86 6 73 9 81 77 42 55 30 98 86 43 37 8 79 5 5 67 53 87 71 41 74 81 62 67 36 44 38 15 62 8 8 6 11 66 62 53 81 68 92 9 50 58 24 34 61 77 60 37 39 83 7 44 53 7 99 24 22 28 79 15 7 46 65 61 32 88 10 34 1 14 46 74 1 5 3 45 15 98 19 40 48 23 77 46 37 94 80 87 87 75 7 52 24 57 73 78 7 2 82 12 96 50 49 93 78 64 2 17 16 12 51 18 54 28 5 38 47 41 26 31 47 100 95 72 15 98 31 80 96 45 86 19 61 7 37 83 72 20 100 96 95 28 
59 9 44 43 23 72 40 65 25 22 28 53 79 17 71 38 49 73 57 35 45 6 71 73 74 4 34 44 80 16 55 76 85 16 29 94 86 8 23 73 54 25 84 60 29 21 54 40 17 29 18 26 25 53 88 99 2 91 15 93 24 57 44 98 57 86 44 32 67 7 31 67 85 62 98 5 50 40 84 65 23 16 83 65 98 100 63 49 83 97 18 57 57 83 21 93 87 93 88 88 61 10 33 69 67 37 3 82 6 63 95 77 44 32 13 81 53 55 7 68 60 54 88 63 60 48 58 35 90 59 97 5 75 4 81 99 43 28 17 29 66 67 3 8 36 91 59 89 49 88 32 3 51 82 1 54 28 66 27 3 32 88 23 76 57 29 12 77 63 72 69 15 17 66 86 
22 50 92 54 42 69 24 58 22 58 98 67 58 96 19 35 70 45 75 75 29 80 60 38 14 26 92 6 80 41 92 53 80 80 8 16 97 25 67 37 51 55 33 55 5 37 53 65 90 29 55 97 52 77 2 90 94 83 20 39 19 15 18 28 36 95 15 70 99 66 16 25 14 45 43 32 13 77 87 33 28 26 70 76 4 77 66 63 24 67 98 50 68 26 62 37 50 51 86 56 97 1 95 73 9 50 26 18 71 44 16 82 66 63 47 5 100 33 8 26 72 54 13 9 74 40 79 24 54 54 36 71 78 68 62 86 61 6 48 28 18 33 63 62 90 82 87 13 58 98 17 11 30 6 31 39 2 13 88 81 30 71 24 9 81 23 2 59 68 17 39 28 50 39 80 
68 38 66 63 74 51 32 60 36 75 58 31 2 1 67 79 85 37 25 64 94 97 77 70 97 97 15 92 7 28 92 93 67 33 19 12 78 87 97 45 66 63 95 71 4 26 28 23 14 55 95 48 25 93 55 44 5 83 3 57 60 19 79 1 20 23 83 7 98 78 40 58 28 86 25 14 57 65 48 6 23 24 70 56 69 10 89 4 32 4 72 91 32 58 2 88 92 51 37 34 99 16 15 62 49 52 18 53 43 79 48 25 5 28 44 63 77 97 45 28 64 30 91 25 41 31 20 88 51 84 26 67 51 2 39 56 65 59 3 81 78 6 9 10 23 30 33 49 87 91 21 28 55 22 10 14 66 26 36 97 66 56 49 76 58 43 71 46 35 82 81 72 55 96 75 
18
35 16 118 36 24 33 39 135 11 95 103 119 97 130 1 143 65 107 
5
26 128 25 50 115 
11
77 142 9 169 87 81 3 34 163 118 167 
14
158 168 165 21 140 130 142 35 51 134 77 91 171 65 
2
155 122 
11
24 5 30 89 27 63 34 118 130 22 50 
17
49 153 162 146 127 42 87 75 13 84 117 112 10 111 91 150 57 
3
87 29 145 
6
171 27 156 164 60 123 
6
50 149 17 171 35 37 
6
126 67 110 151 102 164 
19
47 150 135 127 60 158 38 140 110 160 165 17 92 113 118 133 132 111 152 
19
98 79 50 72 2 75 64 63 109 87 125 143 22 175 145 42 83 110 164 
14
142 166 161 175 45 109 73 4 38 83 86 154 128 118 
7
141 55 117 45 103 34 96 
20
57 156 71 159 151 10 29 169 148 12 81 168 35 54 25 163 113 14 135 158 
11
149 130 154 158 166 131 21 88 116 59 13 
13
140 116 109 12 63 59 72 77 126 91 102 124 18 
8
70 148 108 109 157 84 153 66 
7
11 155 36 32 101 67 90 
17
169 12 153 144 94 160 114 50 123 119 145 133 10 21 109 42 81 
8
20 12 58 61 111 128 144 157 
3
72 12 153 
8
28 148 90 7 88 77 11 123 
19
129 13 25 133 92 113 166 111 89 64 78 82 68 80 97 8 58 140 87 
17
109 135 78 40 148 133 10 90 70 102 145 157 163 61 44 41 46 
6
150 16 87 56 174 53 
5
39 166 1 76 83 
20
81 26 106 116 22 120 162 132 154 4 73 131 122 48 140 113 93 46 167 39 
13
59 80 130 39 161 95 171 91 25 54 72 33 89 
4
47 129 157 132 
8
3 7 64 143 89 94 77 158 
14
21 144 111 84 100 34 25 51 58 66 79 140 116 117 
17
104 99 12 147 43 95 28 151 33 132 66 2 144 4 154 134 153 
2
122 164 

