100 20 
6
96 85 88 4 42 15 9 14 85 42 34 3 64 26 40 90 71 21 93 77 54 100 46 16 70 88 81 33 38 39 38 80 32 3 85 94 74 99 35 74 96 98 68 4 76 24 61 34 22 47 87 19 18 22 33 1 47 58 74 24 96 2 4 82 40 10 17 69 79 51 25 26 71 47 63 33 81 63 87 77 99 10 44 11 22 67 27 44 8 26 25 41 49 53 35 47 39 100 47 33 
35 2 76 38 2 37 35 79 40 14 13 4 68 3 49 51 56 59 22 94 42 42 91 33 7 11 95 98 81 87 43 27 51 58 7 57 46 66 31 4 21 86 90 88 66 35 97 96 10 42 96 24 40 44 86 84 1 50 39 79 57 60 74 29 10 14 58 17 2 43 63 44 33 78 36 57 50 18 49 69 56 67 49 34 9 58 75 84 2 67 7 99 38 43 98 40 91 5 39 81 
71 37 59 10 54 82 18 56 99 72 13 97 43 17 46 3 63 61 71 14 10 39 12 37 82 73 34 47 77 87 14 97 17 20 13 16 65 36 45 57 2 50 25 18 59 62 28 98 81 6 45 64 5 19 24 13 25 13 2 76 66 19 77 41 50 85 27 13 72 30 80 42 71 46 27 55 83 91 89 6 53 57 87 36 60 5 9 29 89 71 16 38 56 51 25 94 2 92 82 18 
90 39 52 49 21 9 100 18 51 62 19 12 80 89 47 7 43 34 42 45 48 12 30 78 9 72 66 53 83 81 59 80 93 91 59 82 46 96 17 59 70 40 30 63 4 67 62 85 65 68 15 81 16 29 41 14 64 4 70 66 89 13 76 57 44 11 9 13 51 16 49 75 83 16 24 1 75 79 64 20 53 70 82 68 7 43 66 26 70 33 52 9 25 58 24 19 82 24 94 27 
55 6 43 41 27 44 41 69 22 79 1 51 16 59 51 38 40 9 53 2 7 45 35 80 37 6 9 98 52 79 57 42 47 87 16 67 65 63 23 73 26 97 82 72 71 30 79 49 47 73 96 80 82 47 96 40 43 81 16 54 83 81 83 5 74 2 9 72 13 49 95 56 59 41 34 27 37 30 4 20 49 24 33 27 85 66 62 2 14 1 86 6 41 4 49 73 82 35 62 85 
66 94 39 39 48 10 40 13 23 82 31 99 93 83 70 11 25 99 78 42 53 38 10 74 25 14 79 73 98 74 74 88 41 67 36 6 64 15 22 54 61 78 86 14 1 27 9 50 48 46 73 94 50 72 10 8 29 39 12 37 21 74 13 40 68 27 17 57 25 89 74 98 61 21 45 27 48 58 55 93 99 28 93 27 91 19 17 30 45 31 46 62 24 66 55 98 16 97 94 62 
9
44 19 77 35 97 78 98 71 1 
2
92 32 
20
38 60 100 30 62 54 51 58 17 76 72 21 44 36 90 73 15 56 14 66 
4
89 23 95 47 
13
61 10 100 40 13 71 29 92 35 39 15 67 21 
17
48 92 55 32 7 78 38 77 62 36 22 76 13 39 27 51 25 
6
13 78 62 24 47 51 
9
21 20 19 77 14 13 66 3 100 
14
12 3 31 83 4 17 86 49 84 9 43 34 55 37 
8
3 75 12 90 61 23 36 79 
12
80 95 46 31 85 10 42 57 63 65 49 26 
16
45 97 99 98 22 24 65 61 91 43 71 44 33 87 28 57 
9
2 62 7 54 39 28 91 71 100 
9
74 15 94 100 86 24 55 41 8 
19
14 91 68 11 39 73 35 78 30 97 8 98 92 7 58 31 1 71 44 
3
7 41 6 
19
21 3 83 44 25 72 11 33 7 4 40 96 47 73 98 95 97 19 66 
8
86 19 9 47 15 64 26 42 
15
78 41 52 94 2 28 39 71 34 82 31 59 74 17 7 
16
56 41 6 51 100 71 64 4 84 1 17 89 87 92 97 76 

