100 20 
6
47 86 19 13 2 85 22 17 21 25 86 9 64 94 24 13 65 21 79 49 78 85 81 99 47 97 73 71 21 89 74 82 12 31 88 63 27 57 72 28 12 31 75 96 80 45 4 52 27 6 3 27 71 96 34 46 50 68 17 27 56 57 12 71 53 22 11 8 88 15 51 48 16 6 49 66 22 99 37 16 40 69 35 1 8 78 91 12 50 33 66 41 11 6 47 100 14 58 31 86 
42 65 50 48 11 61 99 65 45 22 7 66 40 46 55 83 4 30 26 15 71 29 36 21 83 68 22 71 39 71 85 30 13 60 55 58 49 94 56 4 50 75 20 95 93 24 42 32 99 70 48 80 82 63 66 81 50 85 14 24 82 63 60 81 47 48 8 67 77 95 50 26 69 42 49 40 37 10 18 86 44 13 8 92 98 65 66 23 73 42 50 49 40 73 59 37 76 13 92 16 
87 32 68 79 36 21 84 10 47 38 100 87 3 65 22 91 47 90 68 67 68 39 34 64 56 77 76 30 65 17 72 44 37 31 80 75 69 34 56 89 28 37 35 90 54 49 1 22 96 50 66 27 32 85 54 98 67 76 12 31 38 12 97 33 20 9 37 50 17 73 77 9 64 21 25 35 5 44 90 63 38 53 65 10 32 5 94 13 46 13 9 98 49 48 47 57 21 40 26 54 
3 79 63 10 92 46 62 73 50 48 99 68 96 90 58 69 7 79 90 40 12 77 2 85 3 25 64 28 86 56 32 37 71 89 57 29 27 36 24 32 30 62 26 22 4 23 45 43 99 68 97 4 87 39 76 35 24 25 94 86 24 91 46 46 94 62 83 35 41 98 61 95 97 32 19 39 87 90 54 71 92 54 74 60 56 15 8 98 88 26 91 91 11 93 55 66 47 59 15 4 
86 40 37 73 10 23 61 89 55 58 49 64 72 38 38 40 62 79 18 71 67 9 41 79 60 93 99 53 20 29 17 92 61 93 37 86 16 60 32 68 14 11 6 9 98 66 49 34 100 8 89 83 88 33 62 26 90 75 24 33 62 28 29 69 61 100 71 16 58 42 93 62 83 85 18 89 33 57 9 63 86 89 34 73 47 15 7 15 91 4 79 90 80 16 51 47 81 33 20 41 
80 23 92 29 10 87 90 15 1 71 81 52 30 75 98 25 65 49 94 52 52 14 64 26 11 77 91 19 100 89 73 84 43 10 55 93 35 32 60 19 2 87 3 57 100 28 13 68 83 98 42 31 3 77 36 7 11 54 85 100 89 73 95 28 61 44 45 14 5 97 56 84 29 24 22 79 52 1 10 84 16 33 27 10 57 86 66 72 9 85 61 30 100 16 59 45 39 88 58 91 
9
26 31 89 43 36 67 93 57 28 
15
86 28 62 57 80 25 38 40 98 41 33 54 49 34 26 
13
73 84 14 10 33 92 87 36 58 72 82 29 5 
6
82 73 24 53 52 69 
8
53 74 21 10 77 23 2 11 
11
82 34 25 7 41 69 70 24 37 96 21 
15
100 84 63 56 71 19 85 88 52 26 61 38 16 55 92 
3
49 24 84 
9
97 72 22 67 51 40 91 87 46 
14
83 90 19 100 53 11 49 13 9 89 15 61 3 59 
13
76 21 3 27 45 84 40 86 29 98 18 100 58 
12
85 15 6 17 32 48 67 29 33 84 61 49 
5
44 6 58 47 35 
16
75 14 37 24 99 73 74 67 71 9 51 6 60 61 31 16 
20
73 27 83 22 61 48 3 80 39 63 88 54 76 20 74 21 52 70 89 40 
7
81 88 25 52 71 59 61 
18
54 12 28 66 82 59 9 77 73 2 39 52 83 4 92 67 14 41 
13
52 71 72 34 56 33 50 26 97 31 19 25 37 
19
79 63 87 29 88 7 89 9 70 61 76 31 68 44 64 24 16 37 5 
6
81 30 22 45 10 65 

