100 20 
6
71 13 42 6 92 12 83 3 85 39 87 71 98 52 70 72 78 61 26 77 82 54 4 54 93 21 99 98 99 82 36 62 18 75 15 10 65 78 25 4 29 78 85 5 38 72 41 2 59 74 90 54 46 90 53 78 65 31 7 51 30 67 64 42 73 38 91 49 62 12 64 35 24 34 7 62 64 19 58 31 95 35 88 58 39 90 42 58 90 83 71 90 76 26 12 90 44 44 43 47 
96 89 32 56 3 80 55 41 41 40 94 68 87 18 59 51 84 72 56 98 10 11 33 36 5 83 42 37 66 59 49 72 15 47 36 20 88 43 59 23 60 51 62 4 58 76 57 16 76 62 89 92 44 74 80 8 97 80 77 68 15 81 99 76 9 60 5 13 22 23 83 24 98 72 79 24 32 18 21 38 62 3 78 89 23 77 49 82 76 23 33 88 41 36 21 44 10 63 82 49 
61 80 10 66 61 57 23 66 38 6 11 5 85 70 31 79 72 94 31 17 30 20 1 88 96 85 9 28 12 43 88 20 60 6 70 1 6 7 49 88 100 35 80 32 32 95 53 9 42 15 44 42 41 96 98 54 1 64 95 37 13 10 49 92 30 27 99 3 90 47 99 47 3 78 62 11 29 51 23 54 9 75 16 42 92 31 41 78 62 41 52 39 80 8 66 31 14 95 25 47 
53 43 26 83 88 37 62 44 100 77 45 4 68 66 90 97 50 2 47 8 23 29 73 12 81 36 90 30 16 73 71 48 15 17 91 21 87 59 23 97 26 68 22 87 78 76 86 18 91 61 24 37 23 6 65 38 71 48 28 68 89 27 56 58 58 49 15 75 34 2 97 79 41 71 12 69 95 96 90 32 83 57 50 14 69 63 21 58 53 51 83 10 93 31 91 70 88 43 19 31 
39 70 51 25 9 25 63 54 79 84 5 70 69 30 77 84 94 39 66 90 74 60 90 81 82 49 37 38 48 28 99 68 37 78 70 66 75 76 99 71 16 16 88 35 79 78 57 88 84 15 33 13 66 58 65 90 93 79 77 42 26 16 51 16 23 96 89 55 25 42 96 23 66 21 67 3 54 25 48 56 84 19 74 13 38 81 73 53 18 45 51 67 97 15 27 1 87 12 46 66 
15 84 65 59 6 38 72 31 19 7 44 13 100 59 48 59 81 42 17 8 88 42 60 8 75 16 17 36 73 70 45 40 16 19 93 72 80 49 77 38 85 28 13 53 11 52 78 38 65 26 25 2 93 86 80 47 28 79 6 74 19 37 99 68 81 16 89 68 68 51 18 51 87 85 76 42 65 22 27 43 44 5 38 44 86 5 1 26 96 34 51 69 39 56 53 100 75 1 60 87 
8
72 32 63 22 50 92 67 83 
9
98 76 51 17 41 39 20 87 7 
4
69 89 83 42 
11
81 16 65 62 78 26 57 84 23 46 53 
20
15 64 29 91 68 14 82 69 92 52 63 74 79 80 90 12 72 19 20 83 
13
81 79 12 72 96 3 95 65 91 56 47 19 66 
13
5 76 57 4 28 37 89 68 43 42 59 16 99 
8
2 98 23 79 29 86 84 6 
12
81 80 69 49 42 45 86 32 57 59 18 87 
16
85 31 89 26 19 74 29 17 44 7 73 18 15 76 87 91 
9
11 34 12 81 79 29 50 48 62 
19
80 72 26 89 4 12 47 61 52 86 29 59 96 1 60 95 41 75 40 
11
15 30 28 96 20 34 44 76 60 37 18 
2
23 52 
13
42 67 66 46 47 70 84 48 96 78 26 22 73 
12
27 21 12 35 85 45 90 47 91 95 56 40 
9
20 17 81 13 100 9 86 80 8 
20
94 54 72 79 53 65 66 13 27 92 30 28 31 86 96 97 38 21 44 52 
6
66 86 63 10 22 58 
5
38 87 69 68 39 

