175 35 
6
16 94 21 28 1 4 18 1 86 71 59 33 2 99 7 70 25 24 90 98 92 33 10 51 39 84 30 6 64 34 96 40 23 75 12 23 26 67 47 19 32 8 61 5 54 34 19 73 18 81 51 82 59 89 67 67 68 95 88 91 31 38 54 33 97 14 75 47 53 9 17 94 32 67 89 18 82 63 49 44 30 7 60 69 50 70 90 27 56 27 26 3 40 47 92 47 59 26 90 65 56 21 16 61 21 75 42 65 74 34 24 9 1 91 11 14 91 15 100 94 18 42 32 91 63 68 82 77 60 3 24 1 68 88 53 32 98 100 20 83 75 26 18 87 79 54 71 24 56 37 75 87 97 17 55 73 48 4 58 56 78 77 51 46 85 39 93 78 56 7 38 31 24 49 100 
67 88 19 84 55 42 75 94 56 88 17 80 83 33 100 57 4 49 33 11 80 36 94 83 16 36 1 34 13 32 94 20 22 90 95 77 34 42 29 15 43 64 48 72 1 50 84 66 4 92 89 71 14 2 26 89 17 55 70 34 2 1 73 49 67 15 76 72 17 52 35 15 46 53 31 19 87 48 43 87 98 9 93 5 100 75 33 56 96 63 81 99 63 86 95 18 97 46 56 52 25 68 21 9 24 81 40 30 65 27 17 59 26 49 27 34 67 94 4 82 14 88 73 79 33 34 68 74 74 5 31 23 55 15 87 13 16 90 71 60 87 92 84 23 92 88 96 38 15 23 72 44 27 96 36 30 87 89 67 23 93 78 20 56 43 92 11 65 10 14 31 34 31 38 73 
78 13 57 20 83 16 17 63 76 99 3 63 32 16 4 9 86 82 12 12 91 75 57 38 91 60 26 66 33 62 96 33 70 23 92 54 30 40 15 16 63 39 97 74 24 73 22 17 85 15 86 39 39 26 59 67 93 87 34 95 2 76 87 40 33 100 45 46 7 87 16 25 63 100 63 5 3 38 48 5 18 42 47 40 89 38 69 68 71 14 97 59 86 63 20 53 51 74 60 64 41 36 14 57 74 3 59 94 4 52 69 81 21 61 8 54 3 41 100 16 72 98 56 14 35 63 69 7 92 60 68 77 24 75 93 82 90 20 50 29 46 44 19 79 50 52 99 94 16 53 99 66 72 16 35 79 53 2 2 52 74 25 59 66 62 13 43 55 97 12 40 73 43 30 41 
39 9 11 88 54 40 23 27 32 20 99 91 83 79 58 61 75 10 22 79 44 7 100 40 99 30 89 30 75 34 77 25 58 55 70 67 98 54 23 71 55 94 39 34 86 69 34 100 1 24 78 16 22 75 91 40 42 35 46 98 7 89 64 3 41 22 71 18 39 32 95 53 19 94 39 72 1 2 44 74 25 41 29 29 63 79 27 48 50 35 10 8 5 48 3 87 33 15 38 68 3 1 86 86 17 2 3 90 72 22 1 22 86 2 3 76 96 77 11 40 55 3 97 32 61 19 47 26 55 29 5 46 54 72 56 100 62 49 7 71 64 60 6 38 76 71 53 68 30 26 76 84 51 71 31 92 43 23 87 36 71 10 62 44 95 75 69 10 86 37 39 99 49 31 44 
50 49 89 65 2 47 58 32 5 4 97 65 46 81 77 3 53 97 30 55 14 6 22 58 19 1 71 48 61 27 55 20 90 3 10 84 97 34 61 74 25 85 58 81 83 59 78 8 44 15 46 84 7 79 20 92 17 77 45 11 7 87 39 44 6 30 38 54 32 42 23 86 48 21 45 16 86 5 23 25 69 75 48 69 63 10 6 50 93 37 77 98 3 27 28 59 23 5 63 34 91 22 49 29 19 46 90 24 52 4 43 47 100 75 65 26 23 19 81 37 51 73 77 26 22 75 24 93 18 36 67 95 10 97 5 62 57 4 97 76 87 16 64 6 66 10 50 33 52 14 22 46 50 42 4 30 34 79 35 61 64 40 43 94 90 90 50 4 12 43 71 96 51 49 20 
68 58 34 92 13 39 5 74 71 26 33 75 99 54 15 34 15 11 53 19 19 55 44 97 41 94 4 85 37 35 70 94 14 96 13 54 98 73 5 10 68 51 78 89 37 35 4 19 81 22 93 85 7 63 40 8 32 94 84 37 88 34 4 81 54 66 15 39 8 56 19 60 94 22 70 94 84 29 31 3 15 69 57 61 12 98 51 65 53 77 30 100 30 30 16 4 59 30 49 63 88 33 93 72 61 94 96 99 69 23 10 9 13 78 62 68 46 41 94 56 64 48 1 73 13 16 100 58 57 40 10 58 24 36 58 73 87 75 41 56 56 10 1 21 45 24 78 23 76 99 11 80 53 18 5 5 43 4 75 14 47 74 97 45 30 4 97 31 50 85 13 87 95 45 74 
5
123 85 165 138 74 
16
98 110 91 123 47 31 26 10 106 33 38 15 134 156 59 116 
12
14 11 46 112 34 93 48 168 99 12 70 24 
16
57 113 173 163 2 53 23 121 20 135 133 110 73 27 67 50 
12
77 130 147 64 3 135 32 169 33 83 40 121 
9
22 116 8 123 140 39 147 19 42 
2
19 73 
9
43 169 60 58 103 148 16 153 126 
7
64 167 135 164 80 44 130 
6
92 147 23 138 4 129 
10
85 44 18 167 125 74 33 119 161 63 
12
103 3 33 113 73 30 59 26 61 106 63 87 
3
171 99 94 
20
118 41 121 12 17 70 140 163 127 49 30 60 69 162 72 11 14 155 144 149 
5
7 119 108 132 82 
5
47 151 6 28 56 
2
18 162 
14
147 32 91 126 111 50 146 8 69 141 68 93 55 100 
5
22 40 149 64 155 
7
133 163 115 46 71 101 92 
3
107 131 126 
19
5 66 24 71 2 65 159 117 38 40 144 99 113 101 140 63 124 165 56 
13
129 43 36 136 19 167 74 147 71 4 151 169 131 
8
72 57 36 9 161 93 76 89 
6
31 41 72 131 132 91 
11
95 123 93 18 130 73 129 154 104 75 38 
12
77 135 117 3 40 73 140 4 46 88 96 95 
7
48 85 1 124 49 82 122 
13
104 118 72 160 159 170 25 85 93 32 105 125 156 
2
101 66 
11
106 119 120 6 70 5 30 36 128 20 62 
10
48 114 108 15 110 128 60 16 58 45 
3
130 9 68 
6
76 88 151 52 75 56 
6
123 154 74 3 166 7 

