100 20 
6
29 60 44 20 80 80 29 81 7 12 100 13 94 62 23 69 12 16 47 1 91 61 52 4 92 60 6 36 77 14 41 61 70 1 16 52 81 69 68 25 56 80 31 39 17 43 40 31 92 74 36 95 82 27 24 88 58 67 45 33 28 31 53 14 45 22 77 50 4 89 81 85 52 51 31 77 6 49 29 100 15 83 8 90 94 92 34 3 98 44 53 21 99 7 65 51 30 35 94 13 
57 45 33 81 38 1 31 8 43 97 7 78 65 14 78 34 50 3 23 88 10 63 74 15 68 56 64 8 85 40 64 59 19 19 7 24 89 31 32 25 1 56 39 9 59 59 96 74 19 74 46 45 9 50 59 44 88 79 64 64 28 25 45 89 100 62 50 96 13 92 31 24 55 58 80 75 6 93 44 62 28 7 23 29 42 42 4 12 59 2 44 12 58 85 7 2 26 12 42 68 
30 75 61 24 74 70 67 22 88 99 78 44 10 43 6 16 77 42 96 28 95 76 44 48 79 18 18 41 61 76 95 19 17 63 86 11 64 16 53 59 2 30 37 63 45 82 71 2 47 82 90 42 81 75 41 31 4 11 22 13 27 29 16 84 12 10 11 68 24 72 10 35 98 2 52 11 38 12 8 37 68 60 84 53 19 52 88 12 61 67 72 85 32 41 96 45 87 24 18 89 
47 12 93 29 51 25 7 77 54 90 55 64 57 65 15 69 49 55 49 26 50 89 54 5 62 14 92 40 29 46 62 4 8 92 45 36 95 89 72 36 3 70 83 39 93 19 54 20 29 16 95 8 9 31 41 6 67 55 100 70 73 6 36 6 60 19 6 29 40 29 13 61 1 90 49 88 72 51 33 58 49 95 70 92 17 17 83 70 40 38 46 84 34 27 48 78 89 14 30 96 
67 33 61 24 17 41 28 57 54 55 75 87 99 79 62 46 88 2 89 54 28 87 1 22 85 25 47 62 31 43 16 95 52 43 99 14 52 22 26 81 71 13 95 61 68 64 89 94 46 70 52 83 20 58 99 54 43 13 85 84 27 45 55 90 94 18 70 53 51 9 71 100 45 94 42 29 49 51 75 61 77 24 3 24 43 26 19 38 8 20 15 10 5 50 90 8 75 57 46 34 
82 98 91 82 83 46 64 13 70 92 84 76 43 86 16 68 1 62 70 92 57 39 36 49 39 76 38 71 89 96 42 81 26 2 46 31 44 21 72 52 57 72 23 36 79 71 13 71 96 47 50 76 23 24 8 53 83 72 94 37 23 64 79 53 68 49 16 34 97 40 84 72 8 45 22 45 69 47 7 51 13 40 3 97 52 32 78 67 69 28 70 93 78 52 55 76 42 36 77 21 
16
96 2 94 34 63 24 81 47 9 35 8 82 86 16 95 26 
3
30 4 79 
3
8 92 95 
13
62 19 32 68 100 52 38 79 47 36 59 74 77 
18
53 23 76 71 42 32 69 92 73 58 52 34 6 48 100 20 38 55 
14
76 80 71 88 39 82 10 89 34 37 7 65 30 73 
17
24 56 53 40 95 63 17 15 54 68 4 13 89 82 36 29 99 
4
61 25 20 69 
16
96 80 39 64 36 77 66 63 93 94 37 65 19 18 9 84 
6
73 36 80 42 5 91 
6
89 83 29 3 23 14 
8
49 62 63 8 60 42 50 83 
5
15 22 44 26 7 
18
89 72 93 71 75 40 91 80 1 42 8 2 61 87 5 58 74 49 
17
11 8 25 86 39 4 61 59 2 44 42 75 14 60 34 70 64 
3
22 31 53 
20
65 55 52 62 46 98 75 16 8 19 51 68 92 28 78 71 36 9 61 11 
12
73 54 44 82 95 57 11 15 31 86 28 51 
3
96 37 73 
8
16 34 24 57 26 80 78 36 

