175 35 
6
53 39 76 20 90 59 8 1 69 15 14 82 94 71 76 20 52 100 55 37 8 80 49 28 65 29 1 40 72 39 51 48 71 2 19 26 71 90 58 88 87 38 74 3 22 81 34 88 95 37 3 1 60 58 90 8 90 24 40 72 83 64 19 68 82 27 31 59 54 85 56 16 66 53 14 2 79 47 74 73 77 35 66 86 33 75 57 85 30 34 78 18 78 81 46 25 4 37 46 9 60 59 37 43 30 65 4 47 11 55 86 56 44 13 60 99 41 4 41 92 85 24 57 81 99 58 34 88 51 50 88 59 92 64 64 79 66 83 48 19 77 13 80 71 99 15 31 3 89 19 15 12 20 75 86 32 99 57 41 23 74 98 71 45 100 67 72 38 23 3 99 18 63 65 95 
42 98 17 78 26 79 89 18 35 9 53 77 75 2 4 4 56 10 57 17 33 63 78 33 32 74 86 52 77 67 22 43 66 90 93 74 39 40 48 100 24 92 100 43 2 88 99 10 2 34 20 66 98 46 52 49 85 72 68 18 20 68 33 53 32 11 64 72 35 5 37 41 75 63 26 94 32 39 61 10 36 6 18 37 98 67 73 78 33 38 41 82 17 29 54 84 2 13 59 73 66 11 98 31 15 96 95 69 51 67 72 8 22 94 46 27 15 72 34 19 13 96 36 100 20 72 73 66 62 69 23 67 93 99 11 11 91 12 16 34 71 54 45 22 31 56 23 14 13 9 13 52 2 10 18 38 42 56 52 37 80 91 78 94 64 67 81 65 65 23 72 54 24 70 71 
50 67 52 96 28 95 3 2 79 4 94 44 77 86 7 61 51 33 49 81 25 80 31 16 40 8 66 16 41 61 61 82 12 74 92 39 69 78 100 2 23 29 89 41 45 74 52 85 49 22 67 100 34 70 44 76 12 81 62 17 89 63 22 56 32 27 78 84 36 67 31 75 1 14 53 88 98 53 74 31 91 99 52 94 1 70 93 21 3 99 27 20 79 73 33 66 25 78 63 75 60 95 84 14 36 48 52 23 14 92 64 8 86 93 36 2 73 88 92 56 36 70 73 6 44 7 87 67 79 51 88 48 31 7 72 69 25 94 5 67 92 13 61 40 68 96 46 18 100 48 61 74 54 91 51 13 53 48 74 57 3 80 80 73 56 32 16 12 31 63 4 28 7 53 79 
88 71 37 91 65 66 50 34 42 23 98 70 87 96 31 4 13 94 29 72 55 70 33 41 4 67 50 41 26 5 78 63 85 80 4 86 37 4 76 54 22 13 77 31 75 36 12 52 66 54 93 57 67 75 67 62 2 10 46 81 6 2 75 12 4 85 49 93 94 98 100 58 8 25 62 3 68 100 1 41 3 79 66 68 49 27 70 55 98 89 47 52 4 33 78 14 71 59 61 36 24 88 94 96 12 41 63 40 10 2 93 74 41 36 33 51 44 57 95 57 77 55 61 17 47 35 36 50 69 49 77 45 51 60 28 12 48 10 20 47 57 14 72 15 24 26 64 32 78 20 13 84 20 59 87 49 34 40 30 65 15 25 58 51 41 85 37 50 35 63 77 65 41 67 40 
26 29 51 32 3 19 25 69 23 56 87 59 21 96 47 7 4 98 48 26 55 85 17 99 69 34 68 95 67 5 70 65 82 20 92 21 97 6 56 34 47 90 30 3 1 92 76 67 10 94 80 11 17 5 81 21 79 33 62 79 31 94 97 87 16 96 46 12 25 8 53 4 89 59 6 95 34 49 24 71 62 76 63 15 60 96 67 86 100 24 32 11 72 84 47 97 97 37 25 74 25 54 32 67 12 72 51 26 94 27 24 64 26 85 68 82 98 27 100 78 99 39 71 85 40 20 88 25 46 11 48 34 83 51 60 45 35 5 55 21 4 68 81 7 51 37 8 58 36 19 52 14 61 70 88 67 11 100 93 93 24 25 64 2 53 70 75 7 17 90 18 64 93 64 51 
63 92 58 93 6 71 44 61 64 47 57 2 47 66 49 14 95 44 28 3 60 69 54 2 8 2 29 58 43 28 49 39 85 19 63 26 46 5 14 23 27 55 4 84 37 10 28 100 6 80 89 81 11 31 66 32 58 70 49 10 42 24 66 49 91 84 11 62 97 42 35 98 72 72 41 92 21 48 77 43 38 57 48 10 54 25 78 99 21 71 64 87 16 77 29 7 83 25 54 2 85 28 80 55 15 59 95 13 57 47 37 36 79 48 82 44 19 96 26 98 92 16 3 35 64 8 58 38 31 1 26 27 72 25 98 29 12 86 13 30 55 14 16 8 78 79 36 16 80 95 39 42 98 78 37 81 97 33 32 88 30 86 73 92 82 35 96 8 78 89 75 39 25 64 12 
8
96 72 52 20 79 101 108 130 
5
46 4 22 111 109 
4
23 31 134 163 
17
40 24 112 145 91 22 74 94 17 115 47 136 18 65 129 31 119 
16
171 35 161 169 21 119 101 74 104 163 80 53 10 60 57 31 
6
56 108 115 126 29 64 
12
168 166 8 171 145 59 67 133 27 53 44 71 
6
127 162 134 20 107 93 
2
136 117 
7
102 93 110 4 130 76 123 
11
42 57 75 35 16 135 67 153 108 136 9 
5
4 137 123 68 67 
20
160 170 36 29 161 106 44 53 133 112 109 154 80 69 140 49 6 102 71 46 
2
44 86 
7
166 20 2 156 114 169 39 
13
84 46 65 50 32 85 7 79 122 127 39 154 55 
8
7 160 52 152 166 83 171 150 
5
163 117 74 76 151 
9
3 23 26 171 48 164 60 59 136 
17
102 175 62 89 119 57 9 33 138 67 166 115 8 108 98 110 164 
2
73 25 
7
67 27 100 8 35 137 14 
15
85 57 18 78 154 52 120 44 173 114 168 138 24 59 145 
11
138 46 14 102 136 108 66 71 139 84 116 
20
87 125 62 92 148 1 78 81 138 93 67 9 90 118 136 172 170 175 74 152 
18
47 72 87 8 18 171 69 66 135 153 85 39 132 26 67 13 137 12 
8
150 125 91 137 97 20 90 89 
6
26 171 58 139 15 59 
2
8 18 
16
101 10 148 86 167 114 42 80 56 35 96 68 77 129 83 159 
2
134 15 
11
163 166 108 87 19 47 164 42 175 156 3 
10
93 12 109 41 153 169 133 84 39 119 
4
116 151 60 157 
12
157 69 75 159 2 83 120 138 7 101 125 22 

