175 35 
6
68 77 35 30 10 26 77 95 56 40 12 16 64 86 56 65 34 28 47 88 32 91 22 89 50 14 83 70 9 39 63 33 85 99 96 70 53 49 93 93 69 89 73 61 57 1 27 22 81 51 82 48 33 34 58 79 2 3 86 54 72 86 56 96 73 98 89 61 5 12 100 93 13 10 31 80 95 45 42 49 58 26 54 74 71 33 1 52 69 60 66 66 53 66 46 56 63 76 83 20 40 69 52 86 67 6 65 71 49 81 70 23 46 20 68 97 71 53 75 7 9 62 11 7 48 59 17 45 96 14 9 46 63 9 58 43 86 67 22 37 42 89 38 57 37 44 89 26 100 61 90 40 95 50 41 9 23 16 7 4 60 60 18 57 14 95 64 91 43 74 58 79 99 43 46 
82 18 62 4 63 51 43 79 84 1 98 12 57 60 88 62 27 100 37 71 99 40 73 11 9 99 94 51 52 68 97 90 66 38 79 31 56 100 76 49 92 87 57 25 30 65 72 59 60 10 17 31 58 67 48 46 64 66 71 56 94 3 95 61 60 55 71 44 84 25 44 49 93 63 30 82 29 87 63 48 72 84 43 12 8 93 85 34 23 60 68 44 29 76 63 21 43 50 1 2 60 97 77 15 47 5 92 96 42 46 15 7 33 13 32 5 94 61 20 95 74 20 71 55 45 80 84 69 51 85 47 13 8 17 75 78 94 57 4 9 47 65 55 83 93 1 43 33 10 35 52 4 35 44 21 3 17 63 20 67 64 16 87 78 66 96 32 57 41 1 75 19 79 47 55 
100 11 10 98 98 22 35 37 79 8 49 86 36 40 61 26 94 68 84 81 34 25 35 55 16 12 89 23 91 25 56 8 18 62 18 7 50 61 87 92 84 41 2 23 28 55 58 96 82 8 5 20 84 45 83 82 31 29 90 8 93 91 11 65 63 23 38 71 9 7 24 43 61 12 55 34 51 64 66 83 7 4 34 50 3 29 20 67 48 20 62 26 96 54 79 57 14 57 34 68 85 45 73 91 65 59 78 31 47 75 65 70 63 26 16 32 78 16 23 86 35 37 60 88 42 51 25 12 47 26 34 70 17 79 27 79 16 87 82 18 63 39 27 25 38 36 3 9 45 38 88 19 59 78 95 44 62 56 93 84 93 85 64 4 85 95 80 7 88 29 51 48 3 12 60 
78 95 50 35 51 74 48 100 75 84 62 45 17 10 75 34 100 34 38 47 33 38 93 99 83 7 90 86 16 23 67 2 91 69 84 65 91 16 2 40 29 78 24 25 85 4 47 90 63 100 83 82 10 39 33 42 22 64 97 23 59 39 91 47 42 14 3 39 8 100 77 16 30 83 44 75 90 22 19 34 38 90 11 24 70 20 20 89 47 96 63 3 36 84 12 64 1 84 66 13 57 1 97 81 78 47 82 71 11 70 21 62 79 75 29 99 26 43 6 28 9 17 26 59 87 59 32 100 1 15 17 2 95 95 94 59 50 2 42 38 90 99 100 60 25 8 56 86 88 90 17 12 97 51 34 14 46 42 20 5 76 88 56 35 82 49 31 62 81 28 27 32 59 36 47 
27 39 76 6 67 81 11 14 99 84 74 55 4 9 97 71 31 64 63 54 47 16 91 36 3 33 64 32 89 81 63 34 35 68 39 44 21 69 81 61 83 68 74 23 5 14 20 88 65 8 7 95 49 61 69 76 62 85 72 30 39 30 57 88 56 75 65 34 59 82 77 49 14 3 40 49 69 18 57 61 79 100 66 10 11 43 27 94 2 49 85 34 12 17 83 54 33 42 77 71 7 5 41 97 16 38 94 47 54 52 54 51 3 44 77 87 53 85 36 20 17 59 61 33 35 81 47 5 40 29 41 28 51 2 80 7 75 95 16 28 42 49 34 2 76 98 71 69 35 21 77 51 64 56 99 95 16 3 92 71 92 66 49 48 100 88 83 83 4 39 81 54 77 39 58 
12 72 91 19 59 33 4 40 99 98 22 25 79 53 9 14 42 41 98 60 84 2 46 91 66 16 37 67 85 82 99 57 39 82 55 88 64 32 42 17 79 20 90 93 65 72 55 25 52 59 81 89 5 74 9 86 34 96 40 8 88 2 36 81 71 99 33 30 84 22 52 61 51 58 92 62 59 56 84 57 69 85 57 45 48 1 88 52 78 6 40 92 70 16 77 53 32 70 63 16 47 93 19 73 24 75 30 84 16 7 43 21 34 14 64 71 79 23 99 89 80 75 36 26 89 20 74 85 57 89 58 45 52 2 71 87 6 1 70 90 25 3 27 74 73 28 47 60 26 46 41 8 86 58 56 87 66 11 4 25 77 72 2 43 100 98 80 39 62 31 95 33 51 2 73 
14
122 25 149 46 45 39 139 68 80 105 98 126 141 86 
4
161 7 134 95 
5
174 84 89 124 123 
12
127 6 92 47 107 122 17 97 134 33 35 75 
13
101 104 112 166 103 151 67 145 34 41 91 36 27 
2
60 85 
4
117 24 82 113 
13
163 16 13 103 134 66 95 174 43 89 126 28 83 
14
145 122 109 138 26 102 124 97 150 44 54 164 52 37 
4
81 11 50 142 
6
21 27 143 167 50 63 
6
161 58 49 7 86 88 
12
132 81 21 6 109 147 23 44 92 152 10 60 
14
72 149 153 69 47 80 97 53 134 63 165 129 166 107 
3
9 107 119 
2
13 37 
4
23 41 92 170 
14
2 11 58 165 61 125 70 175 53 113 159 122 150 151 
10
132 127 122 101 7 44 94 171 12 115 
6
31 79 9 3 157 130 
19
62 22 150 63 33 73 102 38 147 166 141 97 70 2 57 96 26 131 47 
18
141 118 73 19 131 116 20 59 130 103 122 74 69 12 53 170 58 30 
11
123 48 35 77 93 110 152 25 131 21 90 
15
31 19 146 54 124 105 128 157 82 13 34 59 26 79 17 
13
137 116 99 38 135 47 101 95 110 58 152 36 15 
10
54 108 110 151 46 142 120 68 169 3 
18
67 21 3 57 169 22 75 14 117 125 29 150 9 130 166 156 109 129 
8
109 66 140 158 100 81 160 157 
5
61 73 93 92 74 
5
116 26 124 96 167 
11
111 174 31 15 29 97 47 39 153 13 25 
5
105 57 118 67 20 
19
62 121 150 155 123 88 70 94 12 3 59 169 93 77 78 91 5 113 153 
17
142 171 25 27 149 114 85 22 155 168 37 33 118 40 113 90 12 
11
3 4 107 91 33 13 109 72 7 79 76 

