150 30 
6
46 48 20 5 42 51 99 65 33 61 7 37 97 13 71 99 66 43 22 65 54 84 88 85 16 3 47 53 93 91 74 1 69 45 73 59 63 64 64 50 46 65 51 54 84 17 35 16 3 24 39 65 59 53 45 42 46 10 56 2 75 91 3 19 74 54 81 3 88 3 65 90 29 47 31 9 85 65 84 22 56 68 5 37 60 97 67 77 97 79 22 13 94 12 41 84 61 18 5 67 16 8 37 36 69 58 92 49 76 91 45 4 66 95 74 45 81 51 54 76 8 1 54 19 37 85 88 37 84 29 61 44 73 48 29 65 65 11 40 34 43 94 51 70 49 17 21 49 86 21 
62 67 32 83 56 96 45 21 90 39 11 97 10 24 56 31 4 75 49 57 44 55 46 16 38 36 94 54 25 34 29 86 100 82 14 35 41 16 39 55 79 8 87 12 62 11 51 5 20 2 72 54 99 5 74 30 3 63 31 24 61 62 28 62 16 45 56 61 66 79 51 2 64 8 7 63 59 5 39 9 77 25 26 19 41 79 22 16 68 24 100 7 87 72 75 20 8 19 11 75 77 51 61 86 2 47 50 92 77 52 21 73 28 98 26 53 4 5 65 72 64 4 39 3 34 56 82 16 2 69 13 40 99 22 81 43 86 90 91 84 15 79 19 98 83 69 28 80 75 81 
91 85 38 41 12 44 24 76 28 83 98 83 73 69 42 46 84 58 32 29 91 54 23 56 62 65 66 58 62 30 53 63 34 18 60 46 73 61 91 50 91 81 91 13 69 24 51 6 34 98 51 85 10 15 31 56 46 59 33 81 21 3 52 69 15 38 55 41 17 60 7 2 18 34 60 44 95 94 30 92 3 68 15 76 73 97 68 64 51 50 7 1 98 73 58 78 13 60 63 3 96 55 47 94 19 38 89 16 71 15 20 22 2 1 35 47 38 22 38 21 60 6 20 93 91 48 81 90 49 83 9 97 72 18 17 33 98 26 95 57 81 56 30 42 57 78 28 45 27 46 
16 38 10 25 18 71 27 96 95 28 19 66 16 38 76 43 79 77 73 95 31 53 66 54 9 31 74 79 53 76 87 30 95 28 63 73 19 20 23 78 75 69 36 36 6 89 58 71 39 52 28 61 65 82 15 58 23 60 83 29 91 23 21 94 39 45 99 80 87 42 49 95 98 44 10 93 37 88 13 70 15 59 75 85 30 85 37 19 4 38 57 100 26 4 19 53 29 80 41 62 6 11 52 63 24 90 37 100 3 49 61 95 34 84 65 61 29 47 39 6 15 59 80 69 55 9 35 60 7 23 87 16 61 18 53 73 39 4 83 40 59 12 13 11 72 81 50 46 53 91 
98 59 75 22 73 79 77 77 3 92 75 39 82 27 80 32 9 99 77 28 67 40 62 35 36 31 36 89 100 2 77 26 20 18 3 27 54 32 40 57 6 17 24 16 86 74 4 92 32 49 78 61 95 32 37 86 83 91 47 98 88 44 30 4 43 57 32 8 45 67 36 31 15 34 81 56 18 16 50 81 46 24 98 3 35 28 85 66 70 93 62 87 2 94 43 100 83 2 70 60 46 84 61 96 53 18 46 80 35 8 4 93 60 59 78 92 45 87 10 50 65 23 8 30 94 74 83 64 65 35 57 58 12 19 31 20 17 26 90 22 80 22 16 32 24 24 68 77 22 19 
86 68 65 58 37 56 97 95 55 87 68 59 77 82 68 53 8 39 24 58 36 14 89 54 33 66 19 53 6 50 65 94 13 52 26 45 92 45 89 35 49 15 39 49 85 87 42 67 6 35 94 43 64 84 69 53 98 98 97 44 4 1 73 68 8 75 75 18 34 35 49 46 53 84 75 59 97 44 72 36 1 61 59 31 43 72 95 52 41 31 16 1 19 91 5 44 85 68 47 38 39 1 9 30 2 9 88 40 33 54 65 25 79 17 37 36 22 91 48 12 38 45 23 29 69 79 1 80 98 49 82 27 61 25 36 93 90 18 84 83 1 75 77 97 62 24 40 91 75 93 
13
82 118 101 138 59 64 136 56 16 84 89 65 67 
7
147 84 128 137 136 53 37 
17
129 22 63 84 101 131 94 148 79 75 89 33 4 120 51 98 146 
10
14 35 109 139 77 138 93 97 133 111 
12
139 22 130 82 33 23 142 84 39 50 113 48 
7
54 141 108 124 13 58 137 
17
29 31 61 67 76 20 48 135 70 141 34 104 81 23 106 91 11 
6
81 73 20 89 85 70 
2
130 121 
3
52 53 56 
16
58 134 10 57 15 98 3 97 8 128 13 11 82 75 59 145 
10
139 15 110 134 73 98 44 82 33 77 
6
105 72 91 122 7 86 
16
5 47 86 104 132 118 46 40 120 60 70 50 105 20 95 8 
2
132 41 
5
49 141 57 60 95 
15
28 69 146 147 14 111 20 46 30 17 116 61 105 76 25 
11
23 135 92 13 120 81 75 124 80 132 68 
10
24 78 98 22 149 150 19 83 145 62 
16
124 25 77 100 91 48 99 93 70 4 63 68 41 46 101 44 
2
149 70 
11
123 125 116 137 24 109 113 48 37 139 28 
13
139 22 147 107 62 23 21 81 46 38 9 1 150 
15
59 92 140 3 108 2 29 95 35 47 63 97 25 102 60 
11
23 143 51 66 36 45 27 112 134 130 73 
6
120 83 136 121 74 145 
13
21 112 57 55 54 49 150 126 47 132 146 68 26 
20
81 75 119 62 66 15 129 89 90 150 105 38 59 127 77 106 76 28 8 13 
19
129 134 137 149 49 28 65 121 13 82 71 109 77 105 128 94 70 12 133 
20
78 5 103 110 31 60 131 115 118 66 48 12 104 70 55 63 101 96 61 15 

