175 35 
6
13 56 88 49 72 69 67 29 62 81 91 30 49 59 63 35 78 86 60 48 92 80 44 95 62 69 21 95 78 7 4 41 1 84 54 98 8 66 52 14 69 20 4 42 68 58 28 70 24 65 83 98 17 11 3 64 84 32 92 73 51 13 46 19 45 47 10 10 10 62 68 78 77 73 67 73 85 13 61 22 35 49 76 69 38 1 12 1 28 61 17 5 50 60 77 19 60 39 68 77 69 78 25 49 67 34 14 62 99 65 46 41 79 56 43 22 61 8 62 15 56 18 6 74 40 1 83 25 43 40 43 100 40 43 29 10 7 78 1 13 33 97 9 30 49 8 18 98 21 17 54 99 82 6 4 74 5 91 20 32 21 43 60 64 79 11 42 31 31 99 84 15 62 74 51 
76 48 20 56 30 18 15 48 56 36 30 9 13 33 82 39 9 73 44 90 11 99 34 36 19 58 5 9 2 29 38 98 96 37 98 50 21 58 79 83 100 83 72 28 60 8 81 9 90 49 21 59 41 44 71 61 27 79 37 23 68 70 1 64 59 22 27 76 66 31 70 28 52 73 11 33 59 24 14 86 86 70 22 80 29 15 64 29 78 36 91 51 79 95 66 52 48 23 77 99 100 31 97 95 14 47 81 17 2 63 31 80 66 21 18 100 9 37 43 12 81 7 51 29 96 86 84 78 23 71 16 36 3 41 10 83 19 32 54 88 33 95 36 66 94 24 65 96 36 15 9 16 61 80 85 48 17 63 50 14 25 97 18 73 61 53 71 96 10 60 3 4 99 22 19 
6 70 90 43 70 21 97 96 74 93 72 82 53 8 13 62 50 82 54 85 89 57 57 5 94 41 94 43 96 1 100 88 40 91 42 30 73 56 1 60 83 1 43 66 51 92 41 14 93 37 50 7 67 77 25 4 32 8 5 72 23 48 35 26 51 37 7 24 64 68 91 71 70 11 57 69 47 58 62 7 5 4 7 5 68 61 13 70 54 5 82 33 15 3 39 75 28 16 89 59 16 36 47 68 59 40 27 81 47 86 95 29 2 40 51 9 46 71 79 19 31 100 10 35 88 56 98 58 64 42 98 66 31 37 59 67 55 87 65 73 58 51 10 77 78 28 54 85 21 67 53 86 18 51 50 45 60 96 3 91 43 53 7 56 24 80 65 82 76 22 85 48 29 61 1 
20 93 99 55 8 25 54 80 33 87 82 61 72 97 26 72 55 21 59 75 82 94 3 92 79 93 31 77 36 90 67 51 79 90 99 11 19 22 47 43 36 14 57 52 50 49 95 3 84 6 59 29 20 9 40 6 72 94 54 58 23 65 8 81 70 10 93 4 6 23 24 31 85 22 46 14 21 49 30 19 42 15 40 95 85 34 43 17 83 94 29 81 29 85 31 47 88 93 84 51 98 51 43 31 34 97 100 53 57 69 6 90 29 49 71 33 25 7 37 55 26 76 61 94 65 95 72 18 11 86 48 9 99 55 46 71 63 87 82 43 22 5 14 28 81 71 19 91 52 88 47 24 18 68 30 37 52 76 33 29 38 8 30 2 7 20 73 83 40 11 51 56 18 18 90 
51 17 55 19 69 17 15 4 29 65 94 100 31 96 65 24 14 40 46 58 77 23 10 75 54 16 29 30 90 11 46 70 36 15 19 2 73 97 58 12 3 50 75 12 19 92 74 46 1 85 92 15 7 67 76 95 41 35 53 11 33 86 16 56 29 73 32 61 58 62 18 45 91 94 9 15 79 95 35 84 25 50 17 32 1 47 40 86 29 24 58 95 56 16 33 25 93 13 55 91 71 62 31 12 50 47 24 46 37 78 5 71 66 65 50 17 72 33 94 81 78 57 43 14 20 8 10 82 23 78 32 83 26 65 9 76 96 38 21 4 3 69 50 30 8 79 44 13 31 56 62 61 87 81 6 52 83 72 76 7 17 12 10 3 7 58 18 28 93 46 75 30 8 85 74 
96 95 90 71 6 45 86 93 92 40 11 89 3 24 67 33 85 67 42 97 55 27 38 57 79 84 48 10 22 96 81 63 78 44 9 42 53 85 37 13 8 73 68 4 30 16 38 65 71 78 51 17 15 80 100 70 50 43 99 2 34 48 42 23 19 15 79 91 90 98 80 5 67 5 47 18 64 37 53 24 48 69 85 62 57 89 26 75 76 58 12 54 54 21 66 49 57 10 66 83 83 71 21 98 22 36 5 36 55 13 26 88 65 24 76 29 37 43 5 41 38 14 50 48 59 98 85 64 71 17 7 15 75 51 37 97 59 71 87 14 54 70 70 62 3 3 76 79 81 74 68 8 48 48 88 62 100 85 16 70 75 97 92 25 26 62 23 78 28 65 21 79 2 83 59 
2
16 53 
12
111 22 157 85 130 125 96 26 159 67 162 144 
20
112 127 161 1 124 55 84 82 15 122 135 136 89 17 65 93 10 108 149 160 
2
95 85 
7
109 39 38 140 17 174 122 
11
169 111 125 62 51 93 160 139 44 76 2 
5
113 36 148 27 63 
7
40 67 122 131 149 118 42 
3
29 8 41 
12
124 33 102 98 30 111 134 90 81 64 75 103 
20
124 107 47 68 67 21 125 72 4 56 129 31 16 64 150 52 132 123 101 44 
5
27 119 132 163 110 
9
49 40 167 170 81 12 169 139 79 
16
69 3 25 139 51 42 156 7 140 146 111 2 167 106 96 71 
5
42 102 161 175 24 
20
21 173 104 8 26 131 4 149 144 168 87 66 50 167 40 68 100 56 169 141 
17
41 24 88 83 37 52 11 20 102 138 169 168 14 148 96 171 92 
6
136 169 158 100 90 37 
17
80 10 13 40 103 96 114 108 68 167 44 86 4 166 46 15 58 
17
163 127 24 50 9 173 33 144 123 82 131 128 87 102 36 154 103 
19
21 129 14 142 94 86 139 78 106 6 147 104 150 54 107 67 9 96 4 
4
48 32 45 27 
10
13 111 17 100 65 92 39 12 19 138 
20
126 96 140 109 80 105 59 48 23 117 90 99 116 138 164 78 155 45 43 92 
6
161 109 31 120 50 150 
8
121 50 95 143 166 26 124 116 
8
82 35 3 171 43 16 26 86 
17
19 86 44 155 70 135 94 85 158 173 8 97 65 46 74 80 42 
7
26 104 18 125 117 12 53 
8
134 64 70 139 24 14 130 43 
17
2 174 49 160 56 165 145 64 96 32 149 73 135 78 10 117 105 
18
7 50 97 25 152 27 132 86 88 108 143 79 35 18 154 75 151 81 
3
38 120 90 
7
94 19 38 20 72 173 120 
15
20 119 104 165 112 115 32 158 76 129 167 43 147 41 131 

