150 30 
6
76 1 11 80 56 79 88 41 87 12 16 97 90 51 45 53 94 80 7 23 69 96 67 71 51 97 75 88 61 44 83 42 60 30 1 42 24 35 98 46 10 31 75 39 77 57 82 72 82 59 54 83 51 44 26 50 71 16 61 7 63 39 32 91 96 77 97 54 76 39 44 74 92 88 21 15 90 63 84 66 74 51 37 13 29 44 33 12 74 90 47 97 4 74 51 6 54 52 93 52 96 71 28 63 71 96 22 2 51 88 84 81 73 56 60 60 32 57 44 76 88 18 16 36 80 61 91 1 12 89 19 74 53 38 40 26 23 96 11 56 95 40 59 51 91 74 95 39 28 61 
33 98 82 49 61 53 9 82 97 35 24 77 11 25 85 66 39 13 88 51 51 6 65 49 26 73 64 34 74 20 66 84 2 60 83 2 83 81 7 62 74 38 61 71 74 99 78 80 98 4 81 86 49 1 26 78 80 9 94 50 57 38 54 55 24 35 40 60 68 84 10 17 38 63 19 77 56 63 81 99 90 72 89 43 44 83 51 53 38 48 73 78 57 9 60 30 56 29 29 47 98 86 34 90 98 86 71 38 64 61 10 42 81 74 36 49 10 46 11 87 9 34 56 80 83 24 80 42 66 69 94 42 37 66 77 77 91 99 50 7 67 44 74 81 34 92 50 11 65 66 
53 11 83 18 27 13 34 21 6 85 84 68 76 48 100 71 28 4 87 28 10 33 62 38 37 6 12 79 52 60 56 37 67 24 95 33 7 28 94 42 10 79 59 35 50 88 64 70 74 69 73 4 56 81 62 39 9 51 97 53 58 88 96 35 74 26 47 69 63 29 52 95 96 8 9 76 9 30 88 93 4 72 49 70 61 63 82 60 96 88 66 35 51 51 36 43 16 59 92 82 62 23 98 27 13 84 42 23 12 89 31 73 15 45 74 88 2 91 3 57 61 59 12 32 99 22 60 55 41 4 86 32 59 83 83 32 32 76 71 92 79 72 32 91 53 58 44 44 33 84 
64 40 22 38 68 94 74 18 20 13 50 40 40 70 68 2 15 77 14 72 69 15 51 28 69 89 57 88 65 11 65 85 55 34 53 91 62 76 37 72 100 10 54 38 87 53 36 90 100 24 54 63 91 25 85 83 11 82 46 33 77 34 7 72 7 46 70 65 31 94 4 79 57 71 68 90 61 74 100 33 93 15 22 32 60 27 57 27 91 66 50 32 1 46 4 32 23 69 46 4 93 43 38 15 44 97 83 12 68 6 14 48 68 47 75 87 76 99 20 12 56 57 18 34 46 52 79 36 72 98 86 83 14 83 32 10 51 92 38 94 12 28 90 95 45 57 2 68 34 6 
58 3 36 99 60 55 16 85 55 98 51 52 98 22 44 21 99 61 35 64 68 99 45 41 86 48 8 90 61 3 85 62 64 41 61 100 9 16 39 84 20 41 24 28 73 44 44 27 21 94 81 12 14 70 59 41 59 100 24 72 95 42 68 59 64 65 57 88 41 43 77 21 78 62 69 40 82 94 57 84 74 75 93 28 68 100 76 60 63 52 54 89 38 98 78 66 42 77 36 20 71 78 42 26 19 66 61 95 18 65 61 15 86 17 73 43 100 8 42 18 24 16 5 90 21 35 46 26 93 13 70 20 47 15 84 28 22 77 71 55 78 38 4 11 33 25 95 1 21 38 
81 4 97 28 68 73 57 20 100 95 52 50 43 97 32 48 53 13 78 87 60 72 38 79 74 74 55 45 47 66 42 52 67 72 37 2 92 35 95 9 50 39 73 31 62 29 85 83 98 56 49 50 79 7 21 68 91 50 40 11 91 10 66 69 75 88 60 33 59 88 9 9 53 52 16 93 89 30 55 1 67 37 100 40 35 31 95 87 7 42 95 31 27 54 30 18 96 93 50 35 67 21 94 66 3 12 44 8 45 91 100 82 46 83 33 51 36 38 42 59 29 95 28 79 53 97 30 81 20 25 52 64 94 52 26 14 20 82 35 16 38 24 47 35 62 6 87 88 20 19 
17
33 37 113 91 35 44 103 145 92 102 94 136 39 7 11 18 72 
2
145 77 
7
17 104 14 96 102 11 138 
3
143 31 114 
2
146 20 
16
128 6 143 144 71 12 38 41 13 79 136 139 117 25 148 43 
11
82 115 134 74 65 30 40 59 63 133 55 
12
14 42 89 46 84 7 51 62 150 22 113 86 
2
54 133 
15
118 141 132 63 144 84 5 104 32 15 146 122 38 30 29 
7
31 74 140 144 67 9 99 
2
12 118 
14
98 30 116 120 53 23 135 137 117 121 21 64 39 42 
11
137 56 64 99 125 68 127 97 41 18 14 
11
58 120 46 13 139 136 64 113 56 12 36 
12
116 83 97 7 29 68 133 92 8 60 54 48 
12
55 73 107 67 17 72 60 130 128 11 62 118 
12
137 134 55 120 47 114 22 97 124 121 14 37 
8
18 29 126 36 4 35 96 17 
19
64 14 50 90 52 57 128 75 125 63 67 127 86 76 38 42 85 1 146 
19
124 136 129 24 122 125 12 99 49 132 60 117 98 29 44 51 147 115 82 
17
62 133 19 35 16 54 3 49 122 33 68 1 83 46 135 115 102 
19
47 94 48 31 36 148 49 134 142 143 95 33 73 7 55 66 6 19 17 
11
25 95 111 51 50 107 74 56 1 85 142 
20
84 118 2 71 60 58 82 12 111 41 78 52 27 139 120 106 129 85 134 5 
19
63 69 23 133 65 53 55 24 97 35 14 80 57 95 100 33 128 7 126 
6
110 75 76 80 114 66 
14
91 59 116 118 23 47 54 43 41 69 63 22 148 138 
20
24 32 107 52 33 37 57 108 83 143 45 28 14 53 122 133 145 146 9 62 
4
105 122 11 72 

