100 20 
6
3 10 36 54 31 80 34 78 49 79 92 9 17 31 4 24 93 9 27 46 44 99 51 52 28 57 13 76 58 35 47 96 29 21 38 11 9 49 23 24 27 21 20 25 25 26 21 71 29 80 61 23 37 74 97 98 1 48 59 7 98 98 97 94 76 36 84 92 71 28 91 36 100 82 50 65 78 80 94 96 22 5 90 24 72 8 36 9 36 56 45 56 71 39 24 58 13 78 89 23 
33 31 36 69 99 23 47 38 42 55 75 18 44 85 97 90 52 42 90 29 22 17 28 57 73 31 51 96 16 62 30 24 98 52 4 44 3 51 26 75 66 44 83 2 21 61 53 64 65 64 85 73 23 65 58 68 79 85 46 13 65 1 84 3 90 58 91 55 96 87 98 97 98 37 89 99 88 15 48 95 75 26 9 38 75 21 63 14 85 19 82 73 31 85 32 42 3 44 97 20 
34 25 15 75 79 18 41 62 49 41 4 21 16 90 75 49 74 69 57 45 70 5 99 77 53 97 24 40 22 32 89 73 22 60 51 6 96 91 91 76 19 20 48 46 96 47 13 62 20 97 91 85 90 26 9 47 56 88 93 51 6 22 96 43 42 7 34 4 66 58 35 53 71 22 31 45 97 70 6 49 58 37 48 35 99 58 26 7 10 42 40 50 27 19 68 78 82 39 84 89 
58 61 13 2 29 11 97 45 40 92 50 10 61 69 12 43 88 52 30 55 12 84 4 93 29 72 93 37 77 6 40 2 89 81 6 72 71 89 46 22 67 52 67 66 7 24 62 18 77 35 5 1 1 44 33 80 99 43 36 56 95 56 38 77 74 79 65 43 2 1 16 37 12 53 98 6 48 77 47 39 100 32 80 7 45 93 35 21 63 100 66 44 80 26 61 5 79 35 55 70 
54 87 21 90 45 2 98 56 6 65 21 68 80 98 20 76 75 32 25 95 61 90 98 60 21 13 92 88 89 60 70 79 82 13 17 78 72 79 76 45 14 54 4 77 30 37 26 94 55 87 73 4 20 62 97 20 94 57 82 17 82 11 39 56 9 4 99 95 55 98 73 29 13 32 14 64 17 47 25 47 67 10 13 52 11 80 69 97 15 79 68 27 46 4 100 72 55 33 42 36 
12 47 49 91 34 91 77 40 92 79 64 51 34 7 76 83 79 38 34 24 56 1 26 14 70 58 35 40 42 34 74 54 90 44 57 2 80 34 45 15 37 88 3 84 90 61 95 79 47 89 60 45 32 14 55 88 97 40 100 46 34 72 99 4 20 86 96 18 74 5 70 83 77 16 74 73 48 56 35 46 13 21 50 3 23 100 100 11 23 40 100 92 69 92 19 54 11 80 7 51 
14
49 13 21 59 3 90 34 61 86 14 27 45 5 74 
7
37 74 39 72 52 36 43 
14
45 96 7 50 37 3 95 16 51 32 9 99 53 83 
4
53 96 37 86 
4
33 79 34 1 
17
100 25 10 61 66 42 68 1 21 53 30 90 52 27 99 49 37 
4
3 28 74 58 
14
24 80 41 9 94 58 61 82 12 79 91 60 38 57 
18
40 79 37 22 87 89 85 71 28 41 10 5 26 62 98 56 6 15 
6
52 76 74 44 39 6 
12
18 9 55 13 4 17 5 36 11 39 93 52 
20
7 33 44 61 2 95 34 71 84 86 38 100 43 60 97 96 21 6 92 75 
19
1 68 95 69 96 34 52 11 36 73 27 90 16 30 4 91 100 38 48 
9
61 85 1 20 68 75 88 65 40 
4
92 58 18 20 
5
84 18 67 50 82 
6
56 38 8 69 46 80 
10
10 88 47 53 67 30 41 20 14 19 
7
60 30 75 79 26 33 84 
17
58 26 8 23 83 35 2 21 71 59 17 32 46 43 7 78 27 

