175 35 
6
53 28 62 70 54 68 11 46 12 89 16 52 79 28 20 7 17 50 74 50 57 85 74 94 37 74 67 83 66 81 76 23 95 82 69 6 68 90 73 5 100 95 29 48 31 42 78 68 77 98 83 64 77 89 45 84 47 71 5 68 49 54 14 83 42 76 70 88 10 40 36 74 32 78 25 51 85 45 64 2 75 90 75 85 85 48 85 83 87 2 44 22 53 21 39 69 98 91 23 63 47 86 50 68 20 30 34 47 20 49 66 88 36 25 10 18 34 9 6 17 96 8 17 51 86 87 26 87 84 55 47 38 23 3 94 63 23 84 97 88 80 91 91 22 88 94 88 45 30 62 4 40 57 92 98 31 16 82 36 68 43 60 3 81 88 25 90 25 79 57 81 56 71 51 80 
99 92 97 78 81 86 30 37 53 50 68 36 55 14 28 34 22 71 70 79 51 96 24 53 99 9 76 26 5 41 9 95 93 62 88 80 73 77 43 2 43 38 75 17 57 11 44 55 76 62 14 22 59 25 98 71 65 82 49 15 68 33 93 29 85 86 61 2 12 53 69 48 6 78 39 90 55 33 100 8 3 76 66 36 74 25 2 36 74 75 5 96 41 69 31 39 50 25 97 19 35 36 25 60 25 92 30 12 68 26 31 56 16 96 93 83 44 77 62 46 66 48 40 75 67 63 62 48 60 56 14 68 94 83 62 44 48 35 79 2 94 48 95 84 91 61 96 5 83 73 35 41 81 31 36 88 15 44 83 32 7 53 7 20 30 71 77 32 38 65 68 14 84 63 51 
21 43 72 15 5 32 28 73 99 92 68 69 56 15 91 95 26 56 57 65 78 70 61 42 68 11 40 62 46 52 75 94 97 61 67 45 46 61 28 1 78 89 20 93 91 43 10 38 94 76 86 47 91 69 19 1 84 17 1 94 53 44 38 70 18 30 75 16 95 41 46 87 3 36 32 85 98 22 41 58 12 78 36 62 7 28 13 8 40 21 59 75 58 89 68 5 32 35 3 58 59 23 27 29 54 44 31 79 61 74 8 7 50 48 39 95 25 59 59 26 16 94 13 6 94 43 81 94 53 76 21 8 28 64 45 97 19 54 15 85 16 29 26 43 32 77 21 63 76 83 38 77 37 83 76 15 89 99 29 46 76 68 32 17 82 91 3 77 4 44 53 31 17 42 57 
68 61 14 95 95 33 29 98 40 13 7 59 74 61 70 36 21 2 13 80 2 86 4 39 23 64 61 6 6 9 46 37 95 16 95 64 40 50 70 65 85 53 85 1 90 31 75 82 50 35 80 76 91 63 68 7 67 43 19 46 59 88 35 40 40 30 33 24 49 72 24 76 38 95 25 80 91 32 70 64 47 4 23 23 44 76 57 20 50 87 94 81 38 34 93 40 76 71 12 52 20 85 63 58 85 37 32 90 76 86 22 37 35 38 8 17 29 77 92 1 72 77 42 20 33 86 63 9 80 67 33 61 19 88 65 1 81 93 55 52 98 15 8 56 1 67 60 22 51 1 82 48 10 47 87 44 31 27 31 39 72 73 26 60 68 91 67 76 32 62 46 69 84 90 91 
7 20 23 57 41 48 87 11 69 78 22 55 4 56 68 54 98 55 48 90 61 53 23 67 59 66 78 56 57 10 96 21 31 75 45 65 65 61 85 55 32 66 62 100 4 22 81 79 67 39 82 87 78 56 88 57 53 42 12 46 78 89 45 37 78 30 12 21 6 15 48 88 38 68 11 12 1 47 36 28 62 87 19 76 79 26 22 46 17 69 88 17 48 35 27 40 93 100 72 40 63 16 41 37 69 98 16 8 96 74 40 82 56 96 84 55 56 73 32 12 30 85 21 69 5 20 14 21 71 27 58 43 50 13 72 33 32 95 31 83 38 53 12 38 10 68 51 63 81 8 1 27 50 3 84 89 35 18 66 62 19 6 92 53 30 24 45 53 73 39 26 2 11 63 60 
23 76 25 24 32 8 35 9 79 78 66 82 40 84 9 55 97 62 67 78 92 17 90 41 53 10 23 90 99 49 52 36 70 50 65 50 66 73 63 71 6 96 64 99 30 4 98 6 71 51 96 59 11 77 11 76 75 43 99 64 56 63 28 74 13 49 35 61 48 1 89 53 31 70 48 13 30 8 93 94 36 31 44 73 1 79 39 6 48 59 10 90 87 97 84 99 54 42 60 96 53 26 93 23 78 59 47 86 6 67 50 65 78 59 65 72 32 31 62 6 48 11 44 1 93 27 99 63 28 73 65 99 51 5 63 10 85 64 55 17 99 84 70 26 30 74 6 77 64 5 79 1 75 45 92 96 42 37 62 18 53 46 90 56 87 86 31 77 3 64 63 95 56 53 36 
10
146 29 56 18 109 49 157 97 46 114 
16
91 8 14 143 108 169 25 23 7 59 107 159 3 116 33 152 
2
169 115 
7
6 125 62 45 15 98 158 
15
170 168 24 113 162 117 48 72 15 156 43 159 80 9 51 
6
26 22 65 143 10 70 
5
5 115 67 48 92 
13
89 115 100 54 79 52 84 47 7 83 122 12 161 
17
141 62 37 120 36 57 89 93 169 23 39 156 164 13 131 159 54 
14
152 13 26 44 147 140 22 73 154 48 159 172 43 87 
19
147 31 116 85 137 88 68 105 157 161 165 36 44 143 15 158 140 33 95 
12
149 120 40 148 133 163 135 65 19 121 76 136 
11
46 140 153 132 125 161 168 39 118 29 100 
10
162 142 131 4 42 103 89 120 140 121 
16
165 31 5 43 32 90 79 78 169 143 73 52 87 153 72 7 
2
20 39 
10
109 149 88 52 59 123 82 57 60 32 
4
50 114 164 11 
7
132 36 164 77 1 45 14 
13
138 82 128 136 67 12 25 124 6 88 28 32 154 
13
10 83 16 57 136 102 168 166 23 145 134 19 125 
5
73 16 142 64 68 
4
70 101 26 14 
10
172 102 134 163 29 69 44 63 88 155 
14
77 109 172 154 13 112 161 45 63 36 126 53 135 68 
14
8 79 169 148 100 88 124 50 23 17 86 82 147 44 
10
128 69 48 124 165 4 58 146 62 144 
2
91 21 
7
75 107 147 69 151 175 160 
19
102 40 16 156 147 61 135 86 93 76 165 24 12 127 38 66 168 5 67 
19
13 137 2 35 151 8 154 55 159 144 66 11 106 136 101 44 155 153 21 
16
21 88 39 81 58 11 44 94 79 129 24 158 163 2 174 140 
2
173 125 
17
93 49 150 138 10 117 63 146 115 124 107 47 123 1 118 8 5 
11
41 172 152 75 32 17 104 9 42 89 57 

