150 30 
6
39 34 18 85 23 27 26 85 49 33 59 78 30 87 72 81 28 35 31 64 38 30 53 20 44 24 81 58 7 62 36 89 85 45 37 84 52 95 62 83 14 58 86 69 23 24 76 27 5 68 48 68 29 96 16 84 83 89 20 47 61 46 30 18 23 77 11 57 77 34 25 30 46 26 79 38 48 25 53 22 77 99 49 59 85 2 28 94 46 76 26 48 79 24 96 85 6 59 61 3 21 88 36 74 87 30 76 71 49 29 36 26 46 15 85 14 99 23 23 17 65 22 56 50 14 72 9 39 24 75 19 7 57 96 92 66 14 85 65 58 44 100 57 85 35 99 5 80 68 58 
80 19 99 84 68 23 53 52 95 44 70 8 52 51 66 68 57 82 77 27 50 26 75 25 32 66 80 8 44 29 58 29 31 82 28 99 21 65 53 96 35 27 56 99 71 59 17 26 63 17 82 7 86 71 44 58 93 75 98 8 30 63 40 22 91 45 54 89 52 60 7 92 42 63 36 55 67 52 45 91 55 100 58 17 87 96 10 28 61 56 33 73 51 1 82 95 81 27 46 70 37 16 58 70 47 44 70 9 12 7 58 63 54 89 5 40 64 30 50 49 30 17 60 97 62 95 59 24 61 23 78 69 69 29 64 32 69 92 72 43 49 69 16 8 86 89 45 28 62 49 
87 70 62 54 48 9 37 46 21 75 71 57 73 55 89 47 55 94 79 3 12 32 7 96 92 33 56 64 2 63 75 34 16 74 29 52 9 3 40 43 81 26 83 30 98 47 26 94 39 22 27 98 13 26 60 51 57 76 66 29 58 14 19 18 54 16 56 85 27 97 95 15 2 42 67 7 26 3 23 82 69 86 56 13 80 2 41 34 32 99 43 40 27 54 14 94 61 64 48 45 11 76 80 89 68 32 9 42 99 86 16 74 56 54 21 78 84 43 7 94 32 18 65 5 93 60 92 62 22 42 7 93 85 57 57 90 80 60 51 77 61 99 3 89 2 93 92 38 45 11 
97 46 34 98 18 25 89 70 31 25 80 45 97 48 75 88 82 32 61 70 65 26 85 36 3 81 89 77 80 34 55 74 99 85 70 24 57 76 51 63 85 40 36 76 5 2 9 73 34 11 38 42 14 41 80 94 17 45 100 2 85 29 56 68 18 96 65 38 7 97 33 75 80 68 99 26 43 39 69 54 81 17 45 21 45 13 69 10 100 18 46 92 22 16 71 81 10 83 74 5 54 30 83 60 50 36 16 60 40 72 12 99 15 12 85 49 56 41 2 100 85 11 62 73 28 51 89 7 82 100 13 22 69 13 71 37 61 49 81 6 1 9 58 39 92 72 73 10 71 87 
68 84 75 44 83 48 38 8 54 19 66 97 96 4 2 99 53 16 63 79 87 27 20 3 79 78 9 45 56 100 13 97 7 61 27 7 15 67 63 49 84 68 40 73 17 96 34 100 75 42 13 63 54 15 2 87 82 78 49 56 90 87 2 8 41 28 25 60 53 38 100 46 2 16 52 39 23 40 39 93 59 19 58 38 66 47 8 17 64 82 41 10 71 72 8 23 66 9 41 88 2 49 44 87 69 99 23 93 20 76 67 72 4 35 13 52 100 98 96 9 69 9 10 15 65 12 68 7 32 91 73 45 2 70 41 9 57 79 50 17 23 16 79 71 64 61 75 96 89 44 
19 36 4 88 12 98 81 13 9 99 21 96 86 5 80 88 34 2 89 27 62 61 48 34 70 37 57 3 17 44 85 71 22 86 74 25 37 50 98 69 41 42 10 23 38 12 92 79 8 98 78 73 81 87 19 59 70 13 36 71 85 69 52 23 71 39 57 23 1 46 88 2 37 29 24 49 84 7 92 78 98 53 16 2 69 87 4 62 67 26 31 82 75 28 92 38 99 68 39 31 10 9 70 25 42 9 10 80 32 24 31 28 77 63 44 46 84 81 20 11 27 51 31 19 88 4 65 41 3 100 75 100 35 54 60 90 90 33 65 41 100 78 33 1 100 72 17 12 57 94 
7
1 136 18 73 81 47 45 
15
70 60 14 104 146 78 53 85 12 36 52 123 83 131 124 
19
107 43 40 25 15 121 33 136 22 23 19 150 24 115 46 61 92 52 79 
8
125 87 149 95 9 28 80 148 
4
130 96 150 132 
5
33 118 124 129 145 
15
54 5 112 59 128 77 87 109 62 19 117 136 56 48 80 
6
96 69 84 99 135 125 
9
72 88 117 2 101 79 118 133 116 
6
38 134 41 50 78 35 
20
26 15 113 112 147 143 145 116 82 137 7 110 94 114 72 53 34 111 36 49 
3
130 107 4 
20
44 64 96 82 1 104 11 107 8 57 46 91 24 98 33 32 110 114 63 9 
8
132 109 78 68 28 69 123 97 
10
106 3 54 83 1 60 84 5 74 109 
4
98 64 113 136 
13
125 5 54 55 139 51 47 77 3 36 70 114 96 
10
126 123 82 23 35 46 105 9 90 147 
3
83 129 138 
15
114 103 88 136 137 81 95 96 109 87 64 73 144 99 89 
2
104 65 
11
20 50 93 9 89 148 51 78 13 79 86 
18
2 18 3 116 100 29 101 67 83 62 88 33 65 72 86 26 9 150 
18
144 118 76 24 127 80 138 88 5 71 46 139 128 9 11 86 42 34 
9
95 90 132 46 7 73 30 35 83 
11
143 42 67 113 73 112 39 136 87 80 2 
8
51 121 133 148 100 56 102 70 
20
59 72 73 148 89 25 52 139 77 146 132 30 85 43 49 41 122 129 4 2 
19
111 8 99 60 90 88 141 12 85 146 112 57 129 61 15 116 31 18 50 
12
33 116 49 19 15 90 142 81 16 129 4 87 

