150 30 
6
94 25 42 3 72 71 49 61 11 70 95 32 93 50 21 66 84 7 26 21 75 85 83 82 7 11 67 95 90 94 6 46 49 13 68 64 70 32 88 52 15 7 35 59 74 100 6 20 77 68 47 5 84 17 84 75 22 11 43 5 65 46 18 72 51 45 81 86 27 43 16 10 39 87 7 100 83 19 51 39 2 11 58 45 51 28 56 63 59 81 49 19 58 83 30 36 10 26 3 99 17 7 49 30 58 3 50 54 87 94 84 42 21 53 38 15 16 8 52 67 25 9 1 78 29 93 81 25 33 51 36 99 72 40 33 60 3 25 100 99 77 91 78 13 89 57 56 87 99 63 
21 9 79 99 73 21 2 22 12 26 24 22 10 58 46 71 40 50 9 51 30 55 94 70 32 27 66 55 75 62 49 99 51 71 13 89 65 74 67 5 74 74 57 84 26 97 54 53 36 15 16 27 47 69 8 12 96 75 38 50 4 50 39 83 76 52 77 9 100 100 1 38 7 92 1 50 36 48 97 48 56 96 71 60 45 74 28 89 18 80 48 22 71 1 72 2 57 51 66 79 49 58 68 96 54 45 15 94 52 19 59 1 60 17 16 67 48 32 46 25 95 50 68 69 78 24 93 89 100 90 53 16 92 59 29 13 7 83 82 33 74 20 73 81 34 10 58 73 32 45 
51 98 92 43 39 33 90 20 26 17 46 84 92 46 31 84 71 95 15 76 65 62 45 100 96 11 13 7 51 87 87 97 22 23 14 95 34 83 93 95 25 74 12 91 15 16 76 55 4 33 62 37 44 58 61 38 28 53 69 9 39 17 28 38 1 52 44 57 28 61 75 97 62 55 88 25 9 42 8 36 29 23 74 39 18 48 40 23 98 31 53 66 57 91 87 52 25 35 64 79 48 68 6 33 95 9 32 93 56 1 41 75 46 10 97 87 31 86 38 11 48 2 47 74 95 10 73 77 27 60 59 97 42 27 51 86 45 91 31 91 89 3 24 51 6 50 77 14 89 69 
15 44 11 34 14 14 11 59 64 99 80 72 46 47 42 8 48 24 69 75 40 83 13 28 97 22 82 94 27 15 68 28 77 63 48 25 77 91 35 37 32 1 13 74 98 45 9 29 74 63 92 44 21 22 95 66 20 32 11 85 67 86 75 9 45 28 39 22 98 32 36 71 6 70 73 41 33 6 20 25 25 16 27 54 39 21 1 24 94 78 72 62 51 45 32 52 7 64 6 56 16 63 66 48 68 14 67 69 24 99 9 8 49 53 36 43 18 22 100 22 45 7 82 100 57 5 43 42 48 100 82 45 26 44 82 19 46 73 41 86 52 55 7 53 76 9 93 31 22 24 
16 7 95 34 11 71 86 85 32 42 39 36 52 88 82 67 89 94 16 51 30 18 59 44 12 98 98 51 82 1 33 90 99 67 72 10 4 56 29 87 35 20 23 38 7 64 38 2 26 31 21 93 60 89 9 87 91 53 42 57 70 52 66 2 7 85 2 48 44 21 91 93 76 84 85 42 70 59 31 90 48 18 93 17 18 8 78 16 38 28 11 37 39 41 82 26 41 7 6 86 81 88 78 5 97 84 20 81 19 55 2 25 41 89 97 96 6 30 65 70 29 54 94 45 42 18 63 32 93 57 9 96 92 96 69 20 40 25 2 2 96 46 57 14 63 27 56 56 35 98 
67 43 44 15 94 77 58 81 63 18 100 90 82 68 5 26 10 90 89 18 22 52 76 94 94 60 93 19 30 47 81 11 59 90 87 49 32 4 62 41 69 73 26 39 93 81 82 12 14 78 97 72 21 50 3 25 97 37 35 75 47 27 3 66 90 66 39 18 23 92 11 61 95 41 60 77 81 51 59 93 65 45 82 7 40 25 62 46 49 77 8 75 64 95 69 45 83 86 41 23 60 96 84 62 68 57 7 98 13 48 70 83 33 27 51 95 77 88 32 57 27 92 3 62 75 17 85 67 53 4 67 26 82 35 9 73 93 58 43 55 76 76 83 33 47 85 6 56 83 66 
5
123 58 47 37 30 
6
6 111 114 46 109 123 
15
63 138 77 148 119 18 69 26 4 15 142 121 91 53 1 
17
136 84 51 138 3 40 10 61 126 1 80 52 87 142 20 119 150 
16
32 143 80 101 99 138 50 46 118 60 21 12 108 133 141 148 
19
136 112 123 60 9 106 99 149 134 14 111 6 108 46 48 144 124 49 110 
4
148 84 46 29 
4
129 93 141 94 
20
137 133 115 27 6 99 14 43 132 145 102 83 74 118 56 49 128 124 58 87 
8
96 70 105 16 54 32 124 127 
20
94 61 130 31 147 69 43 126 149 84 97 46 114 145 53 115 109 41 80 111 
4
101 48 75 103 
8
8 110 54 103 70 76 43 89 
3
37 100 16 
15
1 149 58 14 15 67 11 43 136 85 22 82 83 101 96 
17
25 135 51 146 120 24 150 42 4 99 147 71 52 139 86 111 92 
7
19 50 85 61 57 116 1 
16
5 96 94 30 143 7 66 65 70 150 37 139 1 125 24 81 
12
131 20 93 82 8 105 102 2 51 69 32 24 
14
80 83 60 109 100 131 25 75 7 137 69 6 150 17 
3
86 2 67 
19
137 1 56 131 66 64 53 126 16 62 67 43 88 139 73 141 91 112 136 
5
57 55 144 39 114 
18
15 69 136 11 142 41 89 83 138 113 7 135 35 102 100 8 6 125 
5
113 116 108 87 52 
15
53 27 66 32 89 106 128 98 62 42 149 4 96 93 108 
8
108 90 30 146 44 9 107 138 
11
98 97 12 118 27 67 9 104 16 15 54 
10
79 136 120 91 68 4 70 93 36 102 
19
2 99 135 97 71 78 147 102 30 148 123 144 93 16 41 133 51 105 66 

