100 20 
6
13 68 24 83 95 41 89 42 89 62 18 35 27 35 81 98 94 94 47 95 1 59 59 43 44 51 8 26 90 11 99 82 85 6 82 87 64 6 33 94 40 37 99 99 43 90 87 69 41 55 73 88 56 69 37 13 16 39 64 68 89 17 50 25 77 66 24 76 62 45 69 94 29 3 81 41 73 94 36 2 32 83 88 37 77 50 82 88 28 30 47 38 11 38 99 76 73 93 4 78 
9 97 5 32 17 31 16 36 45 30 80 8 1 92 97 6 63 38 82 62 79 96 50 57 62 98 40 51 1 81 67 85 90 77 3 69 88 100 83 79 84 53 10 14 79 20 66 61 38 40 88 96 29 70 29 89 54 60 94 11 22 88 93 61 86 47 69 7 40 28 32 90 87 53 61 81 83 61 30 92 99 98 71 85 81 27 13 10 95 92 11 93 47 96 48 97 99 53 89 82 
17 21 91 33 45 9 95 84 1 26 3 58 43 41 54 69 20 19 50 44 74 23 74 60 27 87 33 35 16 47 95 33 48 14 93 30 2 65 22 78 82 49 3 76 22 81 63 75 87 77 86 32 32 44 3 80 41 66 59 67 78 87 28 86 75 100 17 37 23 22 84 63 38 59 58 11 4 53 79 84 16 4 90 44 34 45 5 4 29 17 73 39 65 56 38 87 9 88 63 83 
48 91 59 84 79 78 19 80 54 44 33 39 52 99 64 97 13 34 6 77 68 69 59 45 94 62 19 85 1 7 23 60 74 96 38 59 61 56 47 14 80 16 51 61 44 22 15 82 15 27 41 84 81 5 42 76 77 29 25 36 9 47 32 20 100 82 70 19 97 38 10 34 27 49 11 28 51 80 95 74 17 54 10 13 71 42 36 58 75 79 58 91 25 65 56 62 90 2 25 77 
81 51 84 88 92 55 43 72 66 4 60 73 84 56 95 1 43 57 75 14 12 87 17 12 61 90 9 94 59 32 26 31 75 28 85 70 1 63 86 19 21 72 85 18 63 83 93 45 33 60 90 36 47 77 2 36 41 63 66 24 30 68 97 60 63 89 96 26 51 85 56 71 53 2 21 6 81 10 95 68 5 77 23 97 92 85 66 70 39 26 26 14 89 55 59 49 96 44 74 63 
61 17 55 44 3 50 71 62 47 47 26 73 70 48 69 66 85 17 47 31 55 21 42 55 44 92 62 58 15 24 82 49 28 65 90 91 24 44 3 56 72 17 39 16 79 96 55 99 18 81 69 71 94 60 13 7 68 94 40 57 24 95 93 80 70 17 66 30 42 86 82 86 60 88 77 13 89 20 70 2 72 84 53 35 40 21 48 27 68 88 11 62 22 20 96 74 48 56 66 56 
10
73 22 33 15 5 55 59 72 54 45 
15
10 69 97 12 66 13 53 74 27 19 11 2 65 7 79 
17
98 14 15 58 47 24 46 95 32 13 39 89 86 7 63 54 88 
7
13 30 62 95 40 38 69 
17
18 3 14 62 7 28 52 49 70 45 64 11 88 40 1 83 51 
3
63 31 60 
10
45 68 36 49 17 73 9 14 1 64 
9
73 46 27 35 25 38 47 78 59 
7
12 69 70 77 34 9 100 
7
19 16 41 95 17 55 80 
17
62 97 22 44 36 28 70 3 46 58 99 83 17 49 2 87 48 
12
13 25 68 56 54 58 75 45 8 30 39 69 
9
42 89 11 75 78 15 8 35 100 
7
60 74 64 85 15 52 35 
2
36 92 
16
56 98 47 23 100 57 34 35 20 80 41 30 13 51 11 70 
11
95 3 22 48 92 69 21 99 72 41 19 
2
7 17 
14
27 14 38 18 3 88 20 26 66 37 41 39 95 99 
18
58 88 12 53 99 16 31 81 10 71 9 39 35 21 48 14 52 13 

