150 30 
6
62 94 32 99 71 53 80 54 19 63 65 75 28 98 40 8 56 7 99 33 31 49 14 93 38 1 65 33 68 18 85 42 23 22 12 27 56 5 3 13 11 43 28 50 93 16 4 65 72 39 73 89 90 55 15 61 79 93 46 38 69 66 81 33 61 12 1 20 13 50 35 47 21 4 92 74 100 36 78 34 83 26 18 25 66 91 28 2 5 84 69 79 13 66 10 26 23 68 22 95 90 90 37 41 79 94 67 53 91 1 91 61 55 38 81 87 52 39 82 69 46 57 2 21 62 71 74 7 1 53 45 10 85 50 56 59 32 34 29 20 71 65 43 3 55 94 43 75 93 54 
44 42 15 72 43 96 80 81 67 24 39 80 52 31 91 65 21 49 25 1 83 88 95 12 83 56 8 27 62 52 29 72 11 73 7 25 57 94 67 45 72 67 24 28 13 99 73 72 9 23 44 4 49 34 28 24 25 22 66 74 53 94 32 73 26 17 57 80 62 33 19 54 66 96 70 58 60 90 85 7 80 64 79 71 70 87 77 53 8 19 61 2 31 14 87 71 70 71 19 65 33 5 77 52 1 14 65 36 62 90 35 55 66 30 19 97 98 30 98 9 2 83 55 61 19 79 92 36 91 1 28 23 53 22 65 61 8 65 35 95 47 87 79 92 96 40 43 7 47 30 
46 75 95 75 52 8 96 17 62 79 86 11 60 96 25 41 30 64 51 44 13 98 46 50 47 19 35 37 78 77 54 59 51 46 65 28 38 23 60 72 17 99 96 54 19 39 47 22 30 29 45 49 95 91 53 10 70 72 67 69 42 12 93 54 44 35 62 69 42 93 81 77 87 23 83 19 12 33 53 69 83 22 66 2 35 39 90 24 74 40 25 42 16 35 98 3 42 15 79 34 67 33 97 81 70 60 27 33 31 13 16 88 96 37 72 87 1 71 56 40 32 32 15 10 96 8 25 19 11 27 40 60 7 75 8 25 71 22 12 14 83 69 68 12 22 2 57 29 8 80 
45 3 91 61 33 35 17 80 9 60 79 92 46 91 52 33 96 92 16 14 100 67 51 24 29 9 50 31 9 69 14 19 46 40 88 73 4 48 26 83 26 72 25 93 96 63 78 37 90 19 59 55 37 44 29 35 2 66 43 21 55 83 76 89 80 85 28 27 26 87 80 53 44 77 61 99 32 10 43 39 51 65 31 24 71 82 34 24 54 37 85 99 22 3 30 17 52 50 91 48 43 72 23 89 26 19 50 77 81 68 52 64 10 87 75 75 87 68 87 74 63 80 57 26 42 36 54 56 96 84 100 78 16 11 26 62 1 14 38 23 43 61 92 91 54 14 76 38 93 71 
88 12 93 88 16 67 72 43 42 94 41 81 56 42 26 31 85 4 73 47 59 14 52 9 15 41 99 45 66 48 18 5 55 9 50 21 4 33 17 25 28 80 34 79 9 56 62 16 2 53 58 28 86 66 69 44 59 76 27 11 49 89 32 35 3 16 9 65 5 21 56 24 29 15 51 84 21 85 23 44 80 86 12 81 16 36 48 83 90 43 3 43 76 28 75 17 94 35 36 60 99 64 77 69 28 54 5 12 38 8 22 62 15 9 88 82 13 42 29 31 58 41 88 37 31 97 10 7 46 32 88 74 91 44 42 56 7 54 43 71 32 7 72 63 44 14 88 32 17 28 
87 62 44 88 79 35 59 94 36 38 64 100 12 65 31 31 96 82 82 50 74 59 15 24 33 49 60 61 22 69 96 7 90 94 37 85 22 80 79 27 87 98 3 38 92 77 62 99 75 63 61 7 53 67 63 62 10 8 69 38 76 41 81 4 30 24 22 63 53 51 89 38 74 8 80 54 9 85 98 23 38 45 18 54 96 94 61 46 9 31 25 49 16 6 14 35 79 81 42 4 58 86 52 92 86 98 40 5 87 10 89 55 50 88 50 67 65 72 74 47 54 1 80 11 63 52 33 93 25 11 5 21 22 76 73 31 12 79 83 72 13 20 35 65 70 22 74 44 12 81 
16
33 51 58 137 8 88 135 49 46 3 139 13 45 9 74 5 
3
36 18 62 
7
38 74 45 50 24 20 44 
3
145 24 78 
19
8 97 87 89 53 88 118 94 138 81 2 75 129 11 16 36 77 60 127 
18
110 57 106 142 150 101 99 34 138 2 70 14 15 22 132 33 17 143 
14
27 75 3 148 91 35 78 2 65 120 24 77 13 147 
10
143 25 33 90 118 132 91 75 77 126 
14
55 34 51 29 80 4 95 6 104 103 137 54 82 121 
2
89 64 
15
12 118 57 102 94 74 79 82 139 147 103 42 47 2 98 
13
66 110 97 12 132 9 75 67 90 68 89 111 107 
17
85 146 128 131 65 22 50 20 89 12 72 94 35 64 137 140 19 
15
9 78 57 108 114 16 7 68 109 42 116 73 100 27 47 
14
43 98 62 18 93 66 69 134 102 85 14 8 5 27 
12
35 67 121 45 125 82 49 42 34 6 68 123 
5
8 51 94 89 128 
15
49 36 38 16 63 8 2 5 132 144 112 7 47 10 64 
16
105 23 119 27 29 85 132 122 46 128 67 102 68 130 36 28 
8
95 54 9 107 39 78 127 17 
3
100 46 82 
10
132 93 63 62 60 65 106 149 77 5 
20
91 88 70 34 78 57 66 24 104 29 65 122 45 98 94 72 118 146 50 68 
20
44 104 133 114 67 24 20 126 74 50 78 62 119 101 40 53 124 120 68 45 
4
136 108 109 53 
3
56 19 53 
11
120 27 91 85 54 43 55 45 37 99 110 
5
35 21 141 82 54 
5
48 82 21 70 58 
13
59 66 56 58 46 6 35 25 145 81 103 33 141 

