200 40 
6
42 4 49 94 53 14 15 91 31 91 58 18 1 13 11 30 36 52 49 77 50 97 99 32 43 14 91 18 94 52 99 13 35 51 94 14 78 29 84 23 40 93 67 63 63 82 69 80 19 79 27 14 92 75 97 88 40 71 61 38 73 76 47 80 67 70 25 12 73 60 2 53 15 7 4 37 22 57 28 19 60 69 32 76 66 39 42 2 73 75 42 88 30 47 64 71 96 95 3 53 77 72 82 12 45 63 37 97 27 69 81 66 63 48 36 83 74 45 25 59 72 68 67 48 80 26 49 5 85 67 39 76 15 35 37 92 100 17 14 3 36 6 58 42 34 20 47 86 1 20 97 19 41 38 67 40 25 13 42 71 64 63 19 39 10 3 90 66 72 43 93 36 59 45 10 52 31 85 17 32 22 10 91 34 39 47 50 14 85 14 16 96 11 98 8 27 69 27 1 48 
3 84 96 7 57 62 36 55 84 97 29 39 89 42 75 5 55 52 62 17 23 69 39 53 96 38 20 53 73 7 44 67 5 24 1 89 50 44 39 27 94 56 79 37 93 50 45 34 39 45 29 99 34 41 35 24 5 23 40 77 44 18 45 52 14 98 52 76 38 37 47 44 79 25 39 19 86 52 52 58 99 83 85 42 67 56 68 63 27 80 65 99 15 37 14 20 97 38 96 97 78 11 95 4 51 100 47 37 52 75 68 12 76 58 96 52 39 41 37 40 80 79 28 7 25 35 60 39 43 28 54 61 24 36 43 40 86 48 31 85 44 71 30 66 56 71 43 35 72 29 70 14 44 41 49 39 84 39 27 57 65 88 26 54 72 64 6 91 40 84 28 96 86 56 85 79 72 30 10 55 8 36 98 22 91 17 49 7 83 61 19 75 38 36 21 27 16 66 92 85 
4 31 47 21 16 15 83 39 12 44 48 3 88 77 6 2 15 95 8 69 97 74 40 55 81 45 31 96 55 84 94 86 44 85 9 82 95 68 15 26 83 25 6 30 2 39 82 59 92 14 48 34 62 76 97 55 11 97 96 91 1 6 48 54 54 48 64 5 33 83 14 99 9 5 67 3 87 49 35 62 58 55 63 42 70 18 63 77 20 40 71 88 47 77 37 21 9 87 30 78 44 16 27 54 65 28 86 15 58 7 92 59 79 38 78 73 40 95 74 47 98 11 84 88 28 60 72 68 29 26 28 42 63 1 74 96 15 33 8 55 54 38 67 9 15 15 17 24 86 84 98 99 81 90 40 80 95 28 74 65 67 32 19 77 42 14 7 23 92 12 50 79 28 8 6 55 78 95 18 52 13 38 52 46 20 37 54 10 63 72 2 73 91 93 47 28 93 33 68 60 
80 80 56 29 8 82 38 60 2 30 95 48 25 57 82 4 72 34 62 18 83 71 31 24 69 71 83 16 54 12 33 31 67 2 65 94 69 9 87 90 96 6 95 20 8 69 76 16 63 25 46 32 13 41 56 51 57 43 69 62 13 4 57 63 30 7 56 59 15 54 29 77 18 13 5 4 79 3 6 62 48 13 81 85 50 17 45 31 70 65 50 59 83 88 51 80 15 29 91 31 16 70 24 35 80 92 78 40 74 70 38 55 21 8 84 23 14 52 32 78 68 30 59 16 18 11 19 52 70 35 33 74 72 54 50 75 94 68 100 36 23 14 19 83 40 49 99 9 46 81 75 53 19 70 25 77 78 19 48 72 39 100 25 79 12 38 27 86 18 10 35 52 57 86 23 91 44 37 15 15 15 58 14 15 98 69 35 42 20 40 49 24 13 33 22 59 20 86 32 37 
77 73 60 79 31 91 75 34 16 48 2 44 90 64 1 47 75 70 95 56 56 89 16 97 94 65 39 40 6 89 79 25 43 73 41 61 19 81 29 73 19 36 88 2 83 86 100 64 2 57 99 33 40 22 83 60 100 24 36 56 9 82 55 23 55 52 35 89 49 35 34 24 37 96 12 12 39 51 74 33 41 15 56 54 77 97 83 28 19 86 47 26 67 44 30 70 40 52 74 90 2 10 52 56 26 90 77 34 29 50 46 26 17 82 66 96 30 55 49 89 56 9 19 80 7 9 44 79 37 26 43 53 72 37 49 19 4 11 12 84 75 51 22 13 39 42 8 34 32 50 76 56 36 48 37 41 49 88 46 70 100 7 19 60 59 93 40 90 81 61 70 99 71 30 71 5 99 59 53 67 52 77 39 48 37 69 29 35 76 22 17 36 100 67 96 81 85 38 69 93 
58 45 55 83 34 22 25 2 53 22 32 74 54 6 26 41 75 49 87 78 47 13 4 74 21 98 46 9 64 90 71 53 88 68 70 30 50 59 23 91 49 62 95 58 100 15 44 6 24 89 71 64 58 31 76 51 14 38 96 38 6 42 48 58 22 71 93 64 87 11 1 51 15 88 24 90 53 76 48 73 62 48 76 23 55 83 71 61 69 95 13 72 73 54 22 99 90 69 8 44 54 76 4 54 59 27 24 31 55 13 68 49 36 40 61 4 91 25 84 16 30 46 25 13 23 12 77 15 69 98 9 84 51 42 80 50 13 10 24 99 48 99 22 53 7 92 46 76 83 43 43 94 32 38 84 49 5 15 85 22 97 52 2 94 8 15 1 24 32 48 67 26 69 8 20 81 51 80 23 75 44 72 91 60 16 55 26 25 78 83 37 50 9 18 70 11 44 6 37 16 
2
39 92 
18
191 79 192 103 67 50 37 199 28 106 136 87 40 184 112 109 198 24 
10
66 191 31 78 126 192 186 158 130 47 
12
11 167 120 104 66 31 82 44 102 50 52 81 
20
139 174 194 23 2 141 117 140 145 177 20 64 24 138 126 93 135 11 154 45 
8
62 40 5 136 120 83 105 149 
17
17 2 35 40 8 151 81 191 70 180 62 133 66 73 126 76 52 
20
188 147 102 60 162 39 134 79 93 42 87 59 43 80 193 7 198 106 128 45 
8
68 96 140 153 200 39 141 169 
8
139 115 92 151 124 33 41 108 
18
145 165 3 6 96 164 38 104 173 120 188 182 10 112 28 62 146 198 
8
18 141 81 44 194 177 136 125 
14
65 94 89 133 57 196 195 19 128 174 111 66 127 41 
17
172 25 32 66 146 29 109 21 153 194 12 185 118 111 142 22 159 
20
104 26 94 48 169 82 12 59 107 4 148 66 170 43 114 63 164 127 61 87 
13
80 193 54 52 136 91 64 90 189 38 135 14 148 
20
44 85 16 174 19 191 118 140 177 139 195 198 160 134 33 37 54 196 136 52 
11
196 11 36 192 119 144 155 83 15 136 57 
13
27 15 104 63 150 181 21 73 148 98 55 51 161 
11
141 107 56 72 50 75 180 101 171 145 74 
20
52 125 126 103 175 60 94 71 33 36 44 31 197 62 37 79 13 102 159 163 
9
39 102 107 51 191 52 14 54 41 
7
116 146 76 117 87 186 168 
11
1 55 9 163 143 137 168 76 56 193 104 
16
163 116 30 102 88 138 190 115 28 133 195 72 37 171 144 74 
19
141 56 150 82 74 90 193 143 188 28 68 198 116 88 2 100 110 43 200 
12
125 80 19 21 81 93 143 158 77 50 2 20 
2
40 100 
12
13 198 83 1 45 150 154 155 144 107 26 22 
12
72 196 103 13 53 128 84 78 140 99 111 107 
2
145 136 
17
51 34 58 115 75 79 63 140 134 180 145 87 192 48 190 107 99 
18
21 170 35 91 99 189 148 74 172 18 162 190 16 177 116 137 187 8 
15
174 2 33 75 166 169 56 134 119 109 74 3 97 193 94 
12
140 183 195 22 173 192 69 88 50 152 135 117 
11
59 149 61 109 115 15 168 84 33 137 150 
7
95 57 54 72 67 124 61 
11
195 167 5 151 49 26 54 37 169 118 57 
8
118 50 124 159 107 180 130 93 
16
195 69 160 110 30 92 156 24 80 57 8 22 18 147 121 75 

