200 40 
6
18 74 62 69 14 86 80 56 13 3 2 34 3 88 7 31 66 49 72 9 65 93 16 45 60 29 55 24 70 25 87 39 9 46 27 15 79 100 4 37 7 71 64 26 43 6 39 12 8 20 94 49 53 5 13 72 18 95 60 48 84 80 86 30 97 37 30 84 34 90 58 76 42 18 60 73 57 89 7 70 37 2 33 10 37 22 29 14 9 37 26 50 28 61 59 88 13 36 91 15 24 82 97 58 69 21 65 12 8 29 30 72 66 5 81 28 35 41 10 51 37 92 47 46 97 86 55 64 92 5 67 56 64 84 59 86 77 67 38 6 64 20 6 57 4 81 7 34 80 37 99 34 17 82 84 14 25 3 42 57 47 17 81 86 14 63 52 37 75 24 46 31 94 31 28 97 46 96 43 63 17 75 63 47 14 93 88 34 24 90 43 6 9 52 70 76 57 39 1 36 
80 48 69 54 58 96 72 35 70 6 61 28 50 66 78 7 18 25 78 29 62 15 72 55 92 67 29 41 89 39 20 15 65 43 32 52 43 68 98 5 77 5 15 47 75 46 14 48 15 13 62 76 53 48 67 31 62 62 7 27 49 52 60 20 19 21 18 59 31 99 4 39 55 22 81 83 62 96 46 86 71 23 100 46 18 26 42 79 65 46 50 35 55 85 56 29 33 31 18 8 49 52 57 22 55 62 27 41 71 92 30 51 30 64 24 80 96 3 37 94 4 63 63 62 35 46 44 98 56 95 22 77 85 82 75 97 3 52 80 74 67 66 63 57 66 24 29 93 67 99 18 49 25 11 6 82 66 24 97 87 30 5 20 79 52 80 73 88 2 51 39 48 19 25 64 69 31 88 31 68 24 11 69 32 78 55 85 20 96 99 52 93 62 19 8 9 18 49 11 40 
8 34 68 71 16 6 29 77 81 75 49 54 33 80 62 12 35 62 53 63 15 24 3 95 75 42 89 34 30 46 67 77 68 7 67 83 24 20 5 81 80 2 56 75 4 40 99 23 14 64 27 35 78 70 7 70 78 61 76 41 27 81 20 65 31 43 52 97 45 66 82 19 59 66 74 44 16 57 86 63 100 40 65 28 49 31 70 28 61 11 78 71 100 70 6 85 97 56 45 55 6 6 14 86 44 49 3 59 37 36 59 36 90 65 74 1 98 80 5 97 35 83 9 80 78 93 45 54 4 4 14 38 94 22 27 91 92 33 80 30 17 39 91 28 15 89 80 73 85 32 79 91 45 14 58 25 23 52 33 19 60 29 92 1 27 80 36 85 57 39 85 99 10 38 97 63 44 34 12 6 76 42 5 41 52 12 82 61 44 41 88 78 47 18 38 27 58 14 49 35 
87 5 40 49 49 19 80 25 34 12 71 19 52 81 78 40 78 49 72 78 51 69 87 40 30 52 35 27 21 56 39 71 7 56 74 19 50 28 86 31 3 54 87 74 93 92 90 94 42 12 69 1 73 42 12 24 24 38 17 79 12 65 17 52 57 48 68 37 78 20 29 28 28 42 34 41 13 95 14 69 71 29 72 12 35 83 14 22 32 53 2 61 63 66 30 12 21 84 91 67 29 24 72 33 14 22 66 77 37 37 9 62 50 58 54 59 51 6 21 75 75 8 43 35 13 65 67 32 36 62 55 99 19 90 12 28 80 30 65 69 45 100 56 49 40 88 74 29 90 25 74 52 29 16 13 34 7 83 6 40 82 81 70 91 25 58 51 51 45 6 51 7 49 50 68 53 63 44 34 21 53 16 20 49 75 51 1 79 73 39 8 50 87 10 15 92 62 8 69 14 
47 50 20 82 44 69 36 50 74 65 49 5 52 79 49 15 73 9 45 32 7 34 29 73 8 28 44 64 28 45 75 61 28 86 61 3 90 67 35 93 36 90 9 7 83 63 75 93 100 44 66 21 75 54 37 91 38 89 92 85 6 29 6 37 53 96 100 31 100 88 84 25 97 59 78 4 15 67 44 13 47 69 2 29 27 6 99 46 73 56 15 55 65 4 58 40 34 34 74 77 24 89 58 8 78 58 82 5 69 48 23 7 23 30 91 71 37 91 55 53 4 20 62 2 86 8 15 33 60 82 1 50 97 99 71 10 27 88 70 49 72 40 49 84 52 64 75 90 9 2 91 8 18 75 45 63 99 92 13 34 56 25 84 83 81 58 20 58 72 34 87 57 50 96 12 66 41 78 59 59 45 42 60 35 41 10 77 51 57 89 81 45 29 59 74 24 51 96 35 74 
72 80 29 53 32 77 47 2 27 54 10 26 62 60 21 100 92 10 36 94 72 60 32 5 19 87 11 44 40 56 53 26 15 72 86 11 18 81 24 99 15 75 34 72 66 30 17 67 84 23 47 43 1 44 36 71 66 86 96 13 27 8 95 74 65 52 61 12 85 94 51 47 26 99 68 29 44 33 4 97 36 82 28 1 96 8 84 38 31 62 70 59 39 9 70 92 27 43 44 31 14 72 16 8 4 93 86 50 69 45 41 65 88 64 63 63 60 40 76 6 38 28 28 78 53 52 26 79 72 61 79 5 79 99 99 2 69 87 1 14 89 48 10 50 14 26 2 90 84 14 50 17 21 65 10 36 93 25 85 34 5 14 42 26 74 91 23 63 34 16 22 84 33 29 70 3 52 5 96 21 95 49 64 82 75 5 5 69 9 80 89 72 45 72 44 92 59 11 23 5 
4
57 187 162 50 
12
42 113 140 186 156 176 182 13 8 174 181 196 
12
169 147 182 13 16 102 113 45 50 12 126 48 
19
33 101 73 130 171 78 50 173 192 25 105 118 14 24 177 162 74 20 90 
20
51 77 166 194 200 173 63 180 83 190 65 80 178 116 151 123 113 119 21 117 
17
43 23 101 42 41 80 44 103 180 143 156 40 53 33 64 39 123 
16
94 153 86 36 101 68 32 122 41 29 14 196 44 91 48 145 
5
117 132 35 74 128 
16
141 56 26 29 7 16 28 106 67 136 78 104 156 71 130 48 
4
162 22 156 73 
10
74 94 110 48 80 160 96 93 1 119 
13
141 39 113 81 127 89 50 136 194 62 121 33 107 
13
94 5 4 80 25 113 72 151 27 45 142 172 92 
3
171 65 17 
10
169 34 9 132 54 162 198 36 50 73 
16
143 138 43 35 62 96 56 39 142 120 1 106 97 59 27 29 
2
115 116 
10
15 37 151 11 114 30 54 116 51 34 
4
50 96 182 70 
4
156 136 183 147 
18
120 156 159 136 147 96 149 116 44 6 157 200 132 10 90 125 169 108 
9
178 32 39 97 186 15 108 193 143 
5
105 84 90 182 49 
19
83 136 82 12 70 182 48 20 17 194 54 97 153 183 49 10 8 44 52 
15
109 190 173 182 128 91 134 151 112 107 27 68 144 153 63 
12
185 164 93 75 37 137 180 31 123 168 184 135 
20
19 127 176 186 155 192 139 131 166 111 179 196 79 12 169 51 27 96 72 26 
19
159 90 64 7 125 14 50 63 139 105 185 161 192 41 148 122 29 75 35 
16
173 16 5 101 166 145 21 15 189 131 151 54 72 178 157 143 
4
43 74 137 29 
8
173 95 166 22 21 56 168 182 
17
180 188 51 131 150 184 66 190 141 82 108 134 45 198 50 10 169 
20
57 70 101 184 129 107 88 131 124 89 161 150 195 84 155 179 50 103 100 17 
16
17 18 89 29 24 160 35 5 107 99 177 142 176 190 131 128 
7
191 109 74 2 84 171 79 
2
84 143 
13
76 65 95 92 36 46 102 145 27 24 107 123 146 
13
67 62 140 63 79 158 84 99 98 116 7 196 100 
7
48 151 53 133 25 145 183 
6
117 29 26 48 92 179 

