200 40 
6
64 9 100 4 65 9 13 83 22 51 41 36 28 4 73 16 69 90 52 31 36 69 83 58 77 100 92 72 82 36 52 76 66 38 29 59 89 1 2 36 94 10 89 82 47 50 43 44 83 3 15 1 4 44 40 36 61 13 41 13 67 52 62 51 88 55 25 43 56 53 98 33 95 1 23 81 20 3 46 61 5 55 33 26 5 34 23 29 13 24 100 24 1 21 24 30 55 60 82 97 21 35 11 53 61 55 46 53 95 54 70 16 61 28 52 59 57 94 75 57 6 71 19 99 57 76 94 4 75 1 87 38 88 90 100 53 73 69 8 83 75 58 59 91 51 95 56 94 48 61 93 85 19 64 31 80 49 2 15 9 5 74 65 73 82 68 84 9 25 100 84 76 23 44 96 79 89 29 28 25 24 51 75 24 75 46 97 79 96 23 22 5 81 69 51 41 71 49 39 63 
18 3 78 40 80 58 38 60 77 33 41 92 55 58 8 68 21 32 74 42 83 6 28 68 29 44 95 97 20 58 55 65 72 95 25 4 2 99 64 100 62 96 78 59 14 71 18 33 100 24 19 37 20 46 50 32 76 21 69 51 82 91 39 100 64 12 70 53 4 47 72 53 93 47 91 61 73 10 59 21 72 14 26 1 57 82 9 16 77 94 54 11 87 49 66 30 86 2 37 31 88 99 42 14 19 86 64 59 49 92 43 84 75 26 37 80 10 84 74 70 34 22 16 41 19 41 24 18 84 15 40 60 86 23 68 9 72 62 66 31 12 25 56 74 27 37 28 28 52 86 35 5 66 79 47 71 53 10 92 74 22 84 39 90 25 51 57 42 20 16 23 27 58 76 47 72 62 8 42 92 91 5 67 5 5 57 5 23 65 95 15 20 87 87 7 51 70 99 75 16 
82 72 14 73 40 67 37 13 38 48 40 18 1 75 73 68 100 16 22 82 11 86 87 70 49 99 24 71 16 57 80 66 55 51 65 23 89 86 27 59 80 55 55 33 20 31 80 89 78 72 72 97 63 89 25 11 77 47 35 3 73 97 93 79 97 80 70 75 6 68 100 76 19 12 97 25 84 84 32 75 97 14 49 68 12 3 12 38 25 90 25 45 64 57 100 48 32 54 52 7 69 42 92 35 16 47 30 20 37 87 24 96 70 50 31 94 7 7 2 63 41 68 54 75 37 12 89 94 16 9 49 67 2 1 82 89 73 11 74 69 69 79 69 31 17 30 97 60 22 56 83 4 73 68 71 77 84 33 94 17 39 41 66 45 36 34 89 78 51 23 59 87 28 44 4 77 61 64 44 2 44 18 72 68 73 91 87 94 94 96 21 42 94 18 52 65 56 37 18 65 
40 2 26 54 6 29 87 98 58 39 98 63 89 4 17 31 87 42 12 92 7 32 32 3 22 87 31 31 6 93 13 89 9 19 99 66 75 42 60 27 53 86 8 7 58 11 91 42 52 64 66 61 7 71 27 29 16 17 45 71 30 78 2 26 43 42 56 43 97 31 91 29 46 79 90 7 14 17 96 97 48 17 13 67 19 32 14 49 100 59 92 17 44 97 14 95 65 27 74 71 87 53 47 81 54 10 38 27 90 81 87 93 99 39 30 84 93 38 15 50 9 40 12 84 80 91 71 94 79 40 58 14 91 53 83 1 51 98 25 20 55 74 57 72 8 54 98 15 22 94 27 66 59 38 95 99 12 98 90 13 46 74 54 76 94 34 51 76 28 59 28 23 90 69 100 87 74 94 96 53 30 6 19 50 59 89 7 66 20 45 57 19 16 78 28 78 33 80 34 90 
20 2 9 16 54 56 85 67 62 21 17 9 26 56 99 46 20 20 53 64 49 3 42 85 30 52 40 94 83 50 84 62 32 19 69 71 44 50 17 81 5 87 3 76 40 11 53 47 8 64 75 77 67 84 4 94 23 45 76 4 51 80 37 69 93 87 13 27 68 28 1 14 30 75 31 6 25 22 89 5 78 99 89 33 50 49 67 1 17 24 23 80 6 86 95 68 93 3 86 9 38 8 1 44 58 22 59 22 45 23 98 78 94 70 74 71 23 18 45 16 57 14 75 3 51 84 43 60 45 36 59 90 55 52 56 33 75 20 20 68 99 88 56 28 27 49 83 100 88 50 70 30 16 49 57 66 50 21 8 36 94 66 37 9 10 6 6 99 20 2 49 83 79 56 82 91 6 23 54 85 48 52 17 36 15 43 61 87 69 47 86 1 96 28 39 30 26 38 89 13 
49 72 39 9 99 95 4 86 90 8 18 84 98 1 88 17 87 38 25 29 64 16 54 97 16 75 81 6 22 26 39 43 51 75 76 15 71 98 61 4 62 57 41 35 38 45 89 98 90 60 51 31 98 84 76 84 89 72 91 68 15 46 40 94 83 41 34 56 68 76 31 16 83 42 78 17 81 39 85 21 11 17 34 41 18 16 12 12 48 55 41 24 82 66 65 40 65 84 58 34 16 59 84 78 88 50 87 60 6 57 4 79 46 60 24 42 24 14 97 1 28 15 51 11 74 82 81 20 62 65 18 39 13 95 99 59 74 7 86 5 47 38 1 43 24 95 57 39 69 18 84 16 88 33 24 6 24 34 84 66 50 88 48 36 97 10 49 88 84 89 7 42 21 29 57 44 11 95 76 44 13 37 92 56 21 89 1 37 31 26 7 28 92 77 71 98 22 31 66 1 
2
58 45 
8
192 37 74 7 51 32 151 141 
14
119 116 14 103 5 32 33 149 44 125 115 84 193 171 
16
44 90 123 110 10 91 170 177 66 14 42 120 32 165 16 80 
12
193 173 43 3 115 40 34 18 124 17 137 81 
7
149 2 54 177 118 103 124 
15
139 182 95 73 129 128 68 157 45 82 159 97 3 85 123 
20
196 141 106 132 19 16 180 188 144 137 155 111 27 171 186 117 124 128 192 140 
20
178 109 127 112 99 180 183 120 60 40 161 24 14 176 68 123 185 101 90 50 
14
183 199 187 200 150 31 91 119 125 59 166 128 155 176 
11
154 100 5 43 76 63 68 169 33 193 197 
18
160 66 148 184 113 154 139 43 165 152 163 20 60 25 49 191 103 129 
9
9 174 134 139 39 160 28 19 11 
8
138 191 166 186 130 192 181 82 
11
100 62 69 115 38 149 175 171 46 65 151 
10
170 45 159 197 165 106 185 1 34 59 
14
187 31 13 114 164 117 152 23 58 180 93 194 132 131 
16
104 113 115 116 160 122 58 197 47 38 172 196 132 146 41 51 
14
93 25 63 181 26 65 163 64 128 186 118 5 106 133 
11
84 187 23 163 63 199 156 34 157 175 5 
12
151 142 109 92 91 180 125 89 66 53 15 176 
13
135 98 182 123 70 69 56 188 93 195 116 7 42 
19
42 10 115 88 84 62 64 44 43 41 189 172 190 65 164 197 46 149 133 
13
43 119 98 122 19 63 74 20 176 134 117 29 146 
18
63 114 36 105 143 95 12 101 5 172 90 69 111 66 11 14 142 146 
12
102 88 69 87 160 42 94 184 126 165 178 67 
19
20 198 128 175 179 50 172 186 88 103 10 181 51 161 68 135 169 98 96 
19
99 23 35 195 52 153 129 173 79 95 126 107 49 198 59 76 134 172 191 
19
104 39 44 129 108 97 110 138 67 65 200 85 26 7 46 146 29 134 64 
10
91 12 146 120 156 85 11 28 141 173 
13
15 154 84 47 172 37 181 2 134 27 133 138 121 
8
122 80 120 3 57 138 150 21 
19
81 177 180 106 38 142 159 152 20 35 83 115 77 160 6 164 187 171 78 
10
162 140 5 138 152 129 59 33 19 161 
19
54 6 63 132 87 162 182 2 14 140 79 186 115 135 48 47 80 152 88 
10
45 127 134 158 34 65 174 83 29 88 
3
108 131 24 
3
75 142 96 
12
106 132 116 118 41 122 2 166 149 150 63 151 
9
108 39 193 44 145 60 59 15 146 

