200 40 
6
33 33 74 75 15 42 4 63 10 15 71 95 25 15 76 75 88 42 89 2 81 81 34 21 7 83 51 49 86 76 55 48 64 77 19 82 77 21 23 16 93 53 51 15 21 85 94 100 69 14 8 79 3 17 86 41 55 11 43 74 90 80 46 9 20 42 39 75 21 75 33 43 22 48 25 71 18 70 29 30 22 7 70 3 53 63 96 4 6 8 1 69 54 26 87 14 94 59 63 6 14 88 60 82 73 52 93 98 3 5 60 1 55 83 84 67 24 2 21 88 56 3 100 48 95 29 77 50 32 78 64 82 99 81 70 31 82 48 13 94 96 25 95 61 14 62 21 40 74 34 89 9 30 19 29 12 1 78 12 40 2 45 43 64 70 78 69 20 23 13 32 57 94 54 99 8 4 46 23 15 40 15 85 13 26 11 16 4 66 64 41 12 87 22 55 69 19 48 98 93 
49 9 25 4 32 44 59 48 38 42 92 6 80 22 5 43 37 59 76 40 36 55 12 11 28 69 85 81 13 65 81 19 93 95 75 13 77 44 77 3 52 28 27 74 98 65 47 40 15 83 86 79 55 29 7 30 91 57 49 72 97 89 36 18 1 80 46 84 74 29 99 9 80 10 31 46 16 14 67 9 88 26 85 81 70 37 12 4 39 89 97 63 29 9 79 72 32 42 82 11 76 1 82 59 94 16 20 28 41 5 59 92 75 98 71 94 44 59 33 93 65 12 62 58 62 88 84 88 59 63 45 96 84 46 18 65 85 59 1 84 75 89 45 92 67 51 20 67 42 38 5 8 88 77 84 52 70 13 32 44 21 17 9 2 36 37 67 16 76 81 38 55 43 59 6 67 35 75 65 43 69 25 90 22 86 90 57 17 86 31 87 54 33 14 7 90 71 92 63 69 
65 27 87 77 10 47 50 75 66 19 100 14 45 72 85 60 59 85 14 57 4 12 37 61 47 49 43 75 86 65 66 42 7 19 31 37 48 72 88 60 70 13 79 100 45 74 49 71 8 79 19 36 54 20 35 53 64 51 39 44 11 81 27 9 56 56 17 8 87 61 42 100 47 91 49 40 22 19 6 96 69 17 97 14 26 89 90 36 55 55 76 59 100 43 96 43 36 49 90 83 17 53 94 66 28 62 77 99 62 42 33 56 25 85 29 2 61 15 45 26 3 15 97 20 35 20 81 88 5 33 17 83 54 78 63 47 34 44 65 10 37 87 77 30 65 39 48 96 53 76 27 77 37 79 91 67 47 21 5 21 36 28 28 41 97 33 11 69 50 85 87 34 5 13 71 10 37 24 81 40 5 55 58 40 74 100 87 11 34 44 100 18 80 30 53 15 77 3 75 62 
47 29 22 33 38 88 66 60 10 68 90 84 11 86 78 59 78 71 63 9 31 27 5 99 23 90 27 7 71 49 87 8 60 21 52 43 54 70 78 1 85 70 34 28 82 56 70 27 72 6 80 16 80 100 83 29 24 58 20 48 25 62 68 16 73 8 93 15 79 53 25 67 65 82 27 58 32 6 62 88 97 53 39 57 66 18 87 22 73 22 35 57 59 52 42 1 43 44 64 85 13 61 7 13 68 49 30 62 57 42 34 29 7 92 35 46 32 95 35 83 69 22 29 59 82 61 29 36 74 63 73 54 51 23 87 3 4 50 33 2 49 51 19 75 3 99 70 71 63 10 30 67 47 70 2 85 7 53 82 11 88 82 58 23 43 10 87 85 69 21 42 97 89 8 88 93 95 75 53 89 21 74 69 33 54 51 39 1 33 83 24 63 36 12 95 18 48 48 43 42 
97 9 94 90 63 85 27 78 55 18 5 1 75 11 69 57 32 26 53 93 46 34 55 4 97 47 60 78 43 61 61 99 62 44 72 91 44 96 91 30 68 67 79 32 75 58 15 77 38 4 33 80 31 38 34 100 27 36 87 59 33 26 15 51 74 91 73 56 47 36 96 89 36 56 80 63 13 30 70 16 66 9 16 83 44 20 15 9 29 1 65 60 61 44 74 47 66 56 86 84 11 55 61 50 97 75 71 19 96 83 96 58 62 70 92 79 61 86 80 4 74 80 78 13 44 5 2 43 51 25 8 42 68 2 3 78 86 99 23 73 32 4 34 9 83 9 73 5 46 33 61 57 66 54 69 92 97 7 49 75 62 76 13 75 84 93 30 71 47 63 56 32 40 100 73 49 36 77 3 26 29 67 13 20 79 28 34 33 86 69 22 24 63 71 40 11 23 42 24 44 
22 80 63 71 78 78 27 32 2 56 63 61 94 95 66 36 97 12 76 53 100 34 89 77 79 98 61 66 27 71 29 86 55 51 66 84 93 32 50 9 15 39 24 15 87 60 18 66 28 10 46 52 2 94 61 31 13 76 40 48 54 96 3 79 13 65 40 80 2 55 91 3 12 21 86 26 8 44 1 29 86 92 76 67 38 49 17 49 93 65 3 2 75 71 18 58 45 20 19 96 56 55 13 17 99 87 42 5 94 88 90 94 49 10 96 23 71 22 67 52 65 54 4 57 30 45 83 64 40 26 33 72 67 33 60 79 62 62 82 76 84 33 27 25 16 78 62 88 79 83 30 99 15 17 57 52 72 50 55 28 69 97 9 74 50 49 21 37 38 71 11 21 47 88 7 28 29 63 5 57 70 46 64 14 57 59 7 62 22 18 11 58 74 1 2 98 7 24 67 37 
9
62 191 179 182 53 114 82 14 73 
4
184 152 42 199 
8
83 130 102 48 112 108 143 187 
19
19 185 114 174 41 146 38 54 120 198 26 117 40 42 14 176 149 175 183 
14
27 57 10 113 35 65 28 167 26 143 77 200 119 95 
18
41 64 112 191 106 179 170 190 140 4 147 56 80 110 46 15 129 125 
2
140 110 
4
128 192 76 142 
10
48 161 55 158 117 65 63 199 8 179 
12
123 134 97 153 79 70 73 200 146 15 24 4 
19
167 110 44 40 71 111 104 63 41 26 107 149 159 162 197 188 43 117 14 
14
183 30 101 111 53 14 118 27 88 173 91 138 194 182 
7
118 151 79 152 185 90 32 
16
54 70 121 61 116 63 124 86 22 56 160 138 134 198 176 159 
5
103 173 134 171 128 
19
120 101 30 116 142 85 164 141 18 95 167 88 91 8 84 50 46 25 68 
19
46 121 29 175 70 148 66 142 196 161 155 53 125 132 98 172 28 7 60 
2
31 29 
20
153 84 150 28 13 131 5 87 125 21 62 168 11 42 142 154 34 120 173 193 
7
178 28 57 172 7 163 144 
6
131 37 91 71 194 9 
3
5 62 32 
11
23 147 26 14 93 172 105 122 22 38 138 
9
97 28 14 41 66 174 87 69 113 
14
145 95 44 3 186 62 105 10 54 121 57 188 60 106 
5
51 151 96 75 139 
2
84 29 
6
185 44 78 111 160 104 
3
156 114 165 
11
76 61 91 65 6 177 153 3 183 163 173 
14
46 125 86 169 5 41 143 101 128 77 119 99 192 47 
7
111 121 57 146 71 83 133 
19
5 124 135 172 30 142 190 88 101 21 140 194 139 17 55 107 170 23 95 
20
181 75 139 14 34 177 102 153 191 164 6 17 156 196 182 22 104 179 100 88 
2
153 54 
13
58 13 130 167 23 114 25 193 174 73 183 37 177 
3
102 55 99 
20
133 188 106 134 1 73 180 189 59 56 50 187 12 95 145 132 176 70 65 193 
12
24 13 72 129 120 78 97 168 89 82 163 164 
13
158 63 145 102 120 95 155 26 135 129 73 162 200 

