200 40 
6
75 52 2 86 34 94 93 29 88 47 65 83 96 15 89 96 74 32 38 5 52 56 11 43 31 49 26 80 24 17 93 84 77 5 87 53 87 35 56 93 17 63 61 19 64 91 87 22 58 56 63 86 93 51 36 48 93 67 16 86 93 83 4 23 53 99 30 15 14 51 64 82 7 55 73 21 3 46 86 31 71 84 37 41 25 92 45 56 86 11 79 9 31 89 21 73 52 27 93 78 28 61 53 55 62 20 22 16 91 80 3 42 58 80 11 39 75 27 37 53 93 2 38 91 60 17 27 12 48 9 76 73 86 70 47 69 32 82 31 82 9 6 63 6 24 68 48 80 8 53 36 74 51 64 16 76 9 97 66 72 56 1 67 86 21 18 37 96 50 71 66 97 72 20 7 90 75 37 94 75 24 5 79 10 36 43 20 26 4 30 19 72 29 66 28 46 80 95 21 24 
3 4 80 96 46 18 100 53 84 32 36 62 5 57 29 62 50 9 95 23 62 89 8 15 10 60 25 29 68 68 84 17 22 5 43 90 49 37 4 44 48 17 28 74 20 46 10 7 70 55 94 26 67 14 31 45 60 71 76 87 16 51 77 7 44 2 97 79 50 81 54 34 33 14 89 45 55 29 1 77 77 16 81 2 98 17 96 68 66 60 8 82 57 24 81 45 63 45 4 60 67 32 48 19 52 73 85 88 48 67 42 33 57 28 2 27 33 10 9 47 13 69 50 21 40 60 23 84 21 81 80 91 85 86 75 55 60 19 75 52 86 2 25 28 51 28 27 11 56 11 47 7 47 39 42 46 71 41 80 6 81 53 89 81 13 77 65 25 51 74 71 63 94 3 35 11 40 37 78 41 24 30 62 80 75 42 72 39 34 81 38 81 13 24 49 25 86 15 20 66 
32 50 76 70 22 33 26 48 94 59 14 56 7 100 16 17 60 73 86 16 64 17 29 2 80 3 1 32 30 99 96 9 28 2 31 74 92 9 60 44 90 25 52 85 42 2 14 8 92 93 11 32 6 6 75 30 45 12 3 60 66 57 12 84 100 73 97 91 15 23 58 56 73 9 70 3 25 66 46 37 86 84 21 6 23 66 1 18 84 37 84 56 33 90 10 53 10 84 24 71 96 70 52 84 59 89 9 93 55 60 2 13 61 57 22 84 87 43 22 6 40 90 55 34 98 26 37 85 87 44 94 1 77 1 82 44 90 17 31 77 41 61 23 11 33 58 27 49 44 5 89 71 15 84 52 16 69 78 100 7 86 36 37 61 58 63 66 56 34 28 28 66 53 35 18 56 29 26 6 26 70 22 73 24 54 52 58 43 39 49 96 79 7 23 39 65 21 18 81 90 
61 41 41 82 96 82 20 31 68 6 52 35 86 38 8 42 83 6 64 67 68 25 13 14 61 79 73 88 74 41 4 69 20 89 85 94 84 17 68 72 79 61 85 65 89 66 63 84 8 55 12 22 61 50 14 85 87 65 69 57 15 68 9 2 7 29 73 6 20 77 92 8 15 1 3 90 57 35 35 45 74 80 74 7 88 98 53 2 88 98 71 36 94 89 29 42 64 31 40 26 44 26 3 99 50 25 29 57 53 62 60 27 96 20 6 94 9 54 76 41 54 19 2 9 21 22 39 34 34 9 24 5 83 31 21 91 71 62 49 29 20 49 54 96 80 73 57 13 42 12 84 51 12 1 46 6 10 20 62 10 1 89 68 82 65 17 40 59 97 38 7 53 95 31 81 99 72 91 41 49 23 3 2 43 56 95 78 11 26 26 60 64 64 28 82 30 100 14 96 14 
63 19 76 29 75 51 66 35 11 59 46 86 59 7 33 68 11 85 86 91 44 41 88 89 52 85 7 87 52 23 27 48 39 92 31 88 28 38 29 47 63 51 53 94 59 55 44 9 54 80 86 15 91 97 9 73 48 44 82 73 36 84 45 56 41 84 21 33 25 18 85 37 90 49 67 68 22 61 93 63 29 82 16 28 56 88 56 31 89 38 12 43 22 60 73 31 61 30 74 29 44 91 5 41 69 82 40 14 85 65 22 25 55 30 97 97 13 89 62 48 75 95 57 95 63 36 21 79 2 69 92 15 74 80 26 16 41 47 88 53 43 4 69 78 77 36 55 15 58 33 69 98 42 32 91 93 97 41 37 65 38 16 38 47 98 58 22 41 7 92 8 73 10 86 12 49 85 60 85 71 83 37 97 87 56 26 15 63 28 80 47 84 86 96 10 44 73 51 81 47 
82 45 56 52 90 53 17 18 91 90 76 51 69 44 91 8 80 43 77 84 95 55 2 88 72 14 16 2 19 29 8 5 75 89 12 83 41 61 38 54 32 45 82 33 72 8 77 79 6 15 66 67 36 69 39 37 6 44 78 46 41 97 21 94 6 17 35 36 95 96 83 14 45 8 3 90 26 34 86 63 40 78 29 7 12 22 86 91 52 3 70 59 54 86 87 91 14 44 52 17 19 6 18 65 63 68 72 20 95 32 74 62 68 43 17 42 80 73 34 79 65 40 11 35 25 69 77 56 61 54 53 92 11 22 30 56 84 95 42 52 55 7 71 24 33 75 14 82 10 4 91 32 36 32 89 55 96 81 81 47 26 89 23 52 47 98 82 11 57 19 1 73 34 89 6 31 87 81 69 93 70 20 33 14 67 20 76 2 63 4 35 90 75 77 88 67 89 27 6 64 
10
102 138 18 1 8 186 51 64 120 4 
4
156 181 68 116 
11
151 12 62 109 47 26 168 188 117 69 38 
11
193 141 109 165 164 195 47 87 69 175 75 
4
181 19 125 170 
10
55 4 100 61 76 199 184 171 64 170 
11
81 76 95 124 156 163 100 160 7 34 176 
9
198 135 144 66 114 191 82 171 57 
5
126 15 114 183 174 
16
57 180 45 114 30 183 63 111 50 134 147 34 176 122 199 182 
3
23 102 197 
19
181 45 166 168 174 7 48 14 108 11 46 26 94 117 38 177 100 51 98 
3
47 63 127 
6
132 160 64 112 94 90 
13
15 123 37 79 145 134 166 63 8 104 4 110 149 
14
126 15 24 167 48 145 8 56 130 136 158 175 45 9 
5
82 14 94 145 11 
2
28 189 
5
46 196 161 2 149 
8
170 121 34 122 166 77 48 165 
17
132 60 76 193 102 121 186 141 32 181 15 155 138 107 122 94 17 
19
163 29 108 14 78 107 151 178 26 141 137 184 72 114 27 168 64 105 8 
18
193 76 44 110 91 20 16 90 161 92 176 99 51 100 7 43 121 142 
14
23 154 72 82 1 71 40 168 174 152 146 118 52 114 
19
176 84 194 182 1 198 121 183 123 134 105 2 138 80 135 181 108 165 26 
5
14 184 139 74 40 
11
75 182 161 116 32 76 149 186 152 84 109 
8
154 155 118 176 84 136 6 9 
17
118 151 55 182 33 75 17 122 155 168 11 28 166 34 135 164 41 
17
138 68 107 176 192 77 63 104 20 75 13 189 165 92 33 88 7 
11
180 200 95 68 72 40 107 164 187 23 156 
2
196 74 
10
74 170 60 37 145 18 131 38 4 46 
11
160 58 117 119 179 36 113 176 78 33 26 
11
173 198 102 89 53 157 69 76 194 121 195 
5
111 9 124 22 84 
2
90 63 
14
56 116 38 70 158 105 51 135 197 106 49 142 136 30 
7
163 191 104 47 42 169 150 
4
26 136 197 179 

