200 40 
6
85 61 29 40 28 84 6 97 80 60 87 5 28 96 70 70 14 54 65 2 92 40 48 6 39 45 80 75 32 96 65 68 81 58 19 95 1 4 60 94 76 8 33 84 92 48 54 11 80 17 48 29 23 49 50 63 79 80 1 7 58 32 81 67 7 78 85 74 89 86 61 99 55 40 31 98 73 66 17 80 45 2 13 81 37 7 23 86 42 80 56 33 29 37 55 21 92 47 3 28 5 14 78 82 97 8 34 90 31 16 20 5 8 84 53 45 25 80 51 96 98 53 21 64 8 97 52 100 59 15 3 77 60 37 43 35 63 32 12 61 92 73 34 26 80 76 31 13 32 27 41 36 58 51 13 50 56 98 62 16 5 13 14 71 7 37 42 75 48 28 39 70 34 20 87 94 41 89 31 26 54 46 99 81 23 81 25 22 95 52 80 13 3 49 79 91 81 6 46 21 
76 46 44 26 29 62 83 82 50 26 84 80 29 83 62 53 63 38 73 11 25 62 26 29 48 32 7 76 23 4 75 35 95 33 8 42 14 31 56 73 35 50 80 77 98 81 33 49 71 71 66 4 16 2 48 87 94 47 92 55 53 34 20 31 50 73 77 73 98 8 21 54 84 75 60 81 96 67 69 11 69 5 97 18 53 48 21 82 22 98 88 67 85 7 55 68 50 60 62 16 87 14 14 94 27 96 95 40 1 45 60 42 31 12 59 97 26 2 95 8 62 74 78 3 23 53 92 3 18 48 79 60 91 24 44 81 24 74 80 81 85 18 35 29 23 67 62 52 50 92 86 6 54 11 8 65 99 95 33 98 32 2 5 100 21 83 69 43 88 50 77 55 50 4 68 36 47 53 38 76 10 25 4 53 42 19 60 32 26 93 86 49 40 32 94 33 76 62 29 25 
8 7 39 14 66 60 34 44 56 70 33 71 68 11 87 76 15 29 37 60 56 33 94 54 14 66 12 98 62 46 61 44 54 19 40 86 65 83 59 27 11 7 30 56 56 51 66 13 17 60 100 33 95 6 65 54 97 15 57 18 95 92 52 23 1 56 6 72 12 99 4 59 35 77 25 81 2 3 65 53 51 16 27 51 83 77 63 5 46 90 61 6 73 3 19 38 15 17 92 32 60 39 55 1 39 31 29 35 46 76 14 73 16 3 93 4 100 37 67 34 94 41 68 23 81 28 41 23 91 54 7 90 52 57 83 45 26 92 13 35 33 76 88 62 36 94 88 99 40 100 95 42 44 68 6 4 93 86 63 77 68 9 73 86 9 98 38 30 11 25 96 28 68 94 57 43 17 80 7 61 84 21 11 7 40 65 61 19 30 73 37 94 26 45 78 2 93 96 35 50 
82 17 67 78 27 24 71 64 6 99 85 75 76 58 55 59 39 63 30 2 63 20 17 4 100 31 74 100 43 17 65 32 92 77 82 41 66 11 9 77 45 42 9 92 34 33 85 99 41 23 52 89 58 69 70 56 34 11 100 56 63 45 17 51 4 60 54 86 71 38 51 32 48 57 60 26 73 58 5 93 63 21 92 49 65 41 26 64 49 79 75 31 42 56 69 87 56 81 60 54 9 18 83 84 25 20 30 83 97 12 30 88 31 88 13 42 51 25 36 68 56 1 59 44 67 58 77 84 38 72 51 34 17 96 28 1 68 38 91 16 50 82 72 4 34 35 78 6 69 3 42 54 58 46 16 75 64 54 32 68 20 23 60 97 27 52 69 77 75 1 91 21 18 36 88 69 74 44 78 84 57 22 38 71 26 94 87 79 25 13 63 65 72 2 91 38 87 20 57 90 
64 63 43 73 63 37 47 4 46 37 89 95 28 70 9 100 1 6 9 51 93 20 6 18 51 31 100 81 5 54 34 31 5 7 78 12 24 92 38 41 85 22 22 17 52 86 76 27 94 42 31 99 43 27 78 83 79 96 68 10 22 65 81 53 51 70 85 45 22 46 1 76 52 96 57 33 29 84 28 74 38 93 98 76 14 86 41 59 77 86 45 83 28 45 89 10 29 63 74 22 34 30 15 87 42 47 99 32 14 16 10 79 28 82 69 36 62 48 68 96 57 69 49 92 37 51 17 39 46 84 10 44 41 44 50 29 14 30 24 94 29 98 29 72 41 62 48 53 11 61 100 73 74 7 92 52 44 71 98 34 38 67 16 7 4 24 16 55 66 11 41 90 1 84 68 1 29 9 22 77 23 93 59 25 2 59 63 100 91 98 40 87 16 29 84 91 93 55 89 32 
17 94 96 44 82 26 20 99 26 31 29 84 85 32 3 15 70 54 15 90 63 70 98 48 48 39 49 88 87 8 65 80 39 77 31 21 11 68 45 57 65 31 26 85 75 57 8 30 32 66 42 70 94 43 14 89 67 68 32 59 56 21 75 34 41 54 9 45 12 98 14 44 16 15 26 9 78 99 87 49 63 8 92 81 26 20 82 97 39 85 66 17 29 86 30 70 36 58 30 52 16 49 100 41 68 25 19 21 32 22 11 96 6 80 41 19 70 44 76 13 14 77 15 30 88 97 45 18 91 12 27 25 76 27 66 81 18 35 97 100 29 64 82 71 51 27 32 22 44 98 90 47 53 11 52 32 81 32 17 84 37 81 81 77 86 46 22 18 91 65 3 78 38 72 72 82 60 63 19 54 98 45 4 22 6 83 35 10 71 68 55 5 94 33 1 31 53 51 20 60 
10
34 40 120 41 2 37 141 171 186 85 
8
133 86 146 22 77 136 16 112 
7
119 102 126 88 41 55 43 
5
196 159 192 15 60 
6
198 138 133 171 88 15 
16
102 32 146 158 152 170 172 67 143 157 29 180 38 20 119 95 
17
71 97 188 80 119 113 92 181 114 78 36 75 74 195 100 144 81 
17
56 71 83 1 132 100 24 25 23 50 69 14 10 190 124 114 42 
4
60 59 192 181 
7
41 37 122 120 26 116 19 
17
43 44 110 80 121 132 131 128 143 129 67 150 63 2 71 99 50 
10
193 144 75 191 45 74 65 125 179 196 
20
146 98 57 83 1 56 80 13 142 70 52 141 3 178 155 33 95 88 30 122 
4
161 175 79 158 
9
96 113 178 173 144 17 159 39 44 
7
70 23 21 20 185 84 26 
12
73 6 12 81 179 99 11 8 162 13 164 133 
6
164 70 197 153 76 112 
18
18 173 131 145 122 101 107 141 111 28 187 138 90 115 38 25 190 102 
15
87 161 162 115 38 54 31 198 40 9 127 65 175 67 149 
10
4 52 87 43 71 169 20 150 6 194 
8
93 53 95 190 126 15 56 145 
3
83 113 124 
16
4 74 43 189 180 195 32 102 118 67 137 124 25 179 77 182 
2
94 65 
13
186 22 200 184 26 37 147 62 44 174 35 166 131 
10
124 142 174 200 150 12 88 93 44 35 
11
190 113 7 199 16 5 8 136 182 68 109 
3
147 155 165 
9
65 184 78 76 100 150 101 166 81 
13
124 175 186 176 45 7 144 152 171 75 14 69 27 
9
171 19 86 162 122 72 137 128 36 
12
150 114 49 160 11 77 161 62 129 76 75 65 
11
42 9 103 121 142 40 170 184 123 100 101 
5
88 190 26 94 69 
12
160 70 136 143 65 197 38 84 26 54 190 165 
15
77 179 190 40 176 95 139 150 152 174 18 186 171 75 151 
17
135 192 176 188 130 142 117 46 122 42 90 100 172 195 76 114 19 
7
62 170 126 58 117 29 64 
13
55 94 87 86 102 194 170 36 65 20 114 175 7 

