200 40 
6
9 27 8 8 5 46 39 56 96 81 40 78 84 24 64 68 92 85 45 2 85 4 17 30 67 78 44 89 62 36 42 7 35 65 74 93 77 88 33 42 3 76 12 63 56 38 4 33 38 53 87 53 49 76 75 58 5 59 80 4 49 34 8 93 38 26 78 90 23 67 32 66 91 82 69 4 91 88 8 22 28 86 65 60 88 31 86 34 8 37 2 19 78 9 64 49 57 85 27 25 57 13 14 31 50 71 58 82 54 23 84 42 63 79 91 74 58 91 84 1 98 8 51 92 72 69 80 67 2 56 50 94 33 4 1 86 16 98 41 19 63 94 29 33 29 46 25 86 26 51 1 16 6 51 38 41 40 48 6 24 29 88 89 53 43 86 20 90 74 54 38 4 77 72 59 85 39 84 14 61 21 81 28 39 4 43 50 100 62 60 99 65 64 66 90 9 10 82 40 53 
10 22 51 85 91 16 58 82 91 30 3 68 58 31 88 83 48 26 38 60 23 56 37 19 15 73 42 81 19 70 98 19 8 56 7 50 48 13 83 4 24 37 35 72 87 33 20 15 9 13 13 78 12 44 90 47 21 95 41 8 58 42 80 4 81 50 100 58 60 98 77 97 94 52 38 93 24 97 19 72 51 14 30 35 87 74 55 33 38 22 98 5 69 58 97 40 95 22 92 57 8 40 14 35 17 91 89 28 80 47 27 14 4 1 97 48 69 87 87 60 97 93 18 79 1 36 27 92 96 56 7 26 28 81 45 40 91 68 82 25 79 97 14 31 64 18 84 54 34 94 5 3 9 16 20 22 36 95 8 11 27 97 5 5 86 42 55 34 11 87 89 68 14 62 35 33 68 10 14 10 31 42 48 24 35 45 12 46 40 18 15 50 100 81 48 60 37 13 79 21 
74 5 19 98 30 54 77 10 100 33 93 51 56 92 65 81 82 94 100 87 7 64 59 52 23 79 42 1 19 21 15 65 12 27 61 7 55 15 49 3 63 53 72 3 25 61 20 5 57 32 52 79 26 21 72 38 74 47 26 15 97 2 26 1 25 78 62 68 77 13 58 85 89 86 97 65 3 81 44 32 70 58 9 30 73 13 13 1 85 89 4 93 63 68 55 8 3 16 50 88 60 79 69 29 87 49 91 49 53 22 63 55 78 100 1 83 41 2 29 45 29 34 62 26 64 44 23 59 68 58 20 10 35 18 47 40 74 97 73 95 38 94 80 59 78 17 61 22 30 47 89 20 60 17 83 52 77 76 32 66 70 16 44 51 11 55 59 76 3 49 16 8 82 50 67 87 83 92 100 88 80 41 4 36 57 63 78 62 45 48 90 19 9 63 91 63 79 62 23 51 
67 48 48 82 50 68 10 42 85 78 73 45 61 33 48 23 49 32 34 55 86 83 73 59 95 34 64 22 17 91 95 18 86 51 17 35 31 38 89 27 51 5 35 95 64 34 54 40 32 12 59 1 40 20 78 12 35 48 100 91 97 16 42 54 77 63 55 63 22 28 46 52 44 53 13 7 24 96 12 91 24 17 73 99 5 19 81 59 6 46 30 3 68 65 77 8 30 30 39 63 87 9 85 1 38 24 25 12 5 81 50 73 55 87 33 49 37 62 17 82 80 81 52 91 4 79 41 63 47 9 50 28 20 69 30 81 100 73 12 12 11 16 9 67 68 39 55 76 83 28 93 91 38 98 10 38 70 48 65 13 74 68 37 52 43 93 58 28 85 75 71 30 49 48 36 29 88 81 87 40 56 98 90 66 73 83 77 28 12 91 44 42 94 76 88 65 97 14 91 10 
51 23 27 67 54 95 58 36 97 68 33 22 39 20 28 92 63 51 35 99 44 44 31 67 30 89 19 53 6 22 17 2 56 24 17 28 38 31 22 8 12 98 11 73 7 84 58 14 76 87 51 71 91 1 84 77 17 44 81 53 69 61 46 21 11 38 76 10 73 43 38 27 51 70 42 9 46 38 40 47 13 88 82 52 74 20 51 91 51 43 2 81 24 59 52 89 45 63 62 65 8 3 56 10 69 61 13 52 77 10 97 2 74 90 15 36 93 41 80 29 49 79 35 11 71 83 22 66 88 35 49 12 16 44 97 68 97 16 98 73 13 21 73 77 3 75 77 77 68 17 40 65 67 51 26 66 65 67 22 62 48 39 90 67 51 47 83 32 68 79 1 27 46 64 46 11 45 85 70 82 38 75 81 77 59 65 65 27 78 43 27 91 83 89 29 14 20 38 36 82 
61 25 21 16 14 18 23 19 82 100 2 7 44 24 14 16 79 11 81 19 70 84 92 43 2 88 52 29 24 56 99 28 74 71 22 4 2 1 69 10 8 94 94 19 67 40 20 71 31 37 84 76 1 73 98 85 34 70 19 63 84 40 9 10 55 37 37 57 11 27 40 46 30 17 81 7 87 77 4 57 35 22 89 4 8 97 15 80 58 40 69 25 50 32 95 37 79 47 3 27 56 72 67 8 96 84 10 25 8 73 46 11 2 40 6 97 35 88 69 72 9 85 90 68 46 56 48 54 72 36 63 23 24 45 36 12 51 99 92 73 35 99 46 72 2 93 91 32 96 24 73 9 12 99 91 10 14 47 17 99 13 37 35 99 11 27 34 61 37 56 57 53 10 46 46 19 32 64 43 44 33 79 95 75 98 38 27 21 82 88 5 2 18 80 99 41 61 53 77 31 
11
38 14 177 34 117 71 134 1 167 112 65 
11
162 115 66 173 120 165 128 142 76 83 27 
6
91 53 183 150 127 148 
8
72 16 74 123 50 149 107 140 
11
42 28 131 49 47 78 52 97 129 103 6 
10
18 30 75 78 160 41 9 14 113 12 
20
12 137 121 3 53 183 145 144 158 76 179 132 58 92 81 21 39 108 19 138 
16
32 170 200 93 132 194 174 157 22 2 1 115 52 18 92 180 
8
49 14 34 177 24 158 66 60 
13
103 20 35 119 52 112 47 176 158 57 25 104 196 
15
143 142 138 25 144 9 78 119 187 2 58 79 10 3 114 
16
53 119 115 85 1 33 93 9 133 134 132 176 166 113 71 180 
5
59 85 11 30 165 
18
81 39 137 64 40 154 78 148 195 63 91 112 197 140 52 159 48 171 
15
28 165 86 5 77 54 2 72 102 149 140 29 46 125 186 
7
91 191 28 190 148 186 4 
12
189 163 22 180 129 155 21 23 169 50 10 38 
2
29 85 
4
126 60 5 173 
11
108 70 56 47 13 10 101 49 181 154 129 
2
106 9 
10
17 68 99 53 15 90 114 28 156 166 
18
27 2 60 164 133 154 168 134 140 73 132 88 23 174 91 127 47 130 
6
146 112 41 63 48 28 
11
82 96 132 21 105 32 36 54 191 109 22 
9
55 11 49 1 94 103 189 62 73 
6
186 128 1 58 78 94 
6
140 76 138 90 134 187 
14
16 183 48 5 101 70 181 179 1 52 89 185 65 192 
18
23 56 81 13 52 95 70 143 167 191 116 170 161 77 80 150 8 20 
6
129 80 30 45 34 101 
12
118 147 71 68 49 171 191 80 149 52 156 28 
9
98 139 37 200 162 144 8 17 199 
15
52 114 59 18 95 173 51 21 98 90 73 108 140 62 47 
16
80 153 97 187 64 100 185 55 177 196 112 35 127 190 150 52 
16
186 150 153 65 28 181 132 190 164 197 145 113 107 62 178 140 
20
23 126 88 52 69 109 155 12 196 146 30 45 169 40 9 17 117 7 123 141 
4
122 59 3 54 
4
158 170 97 146 
10
121 94 68 138 177 159 19 95 25 57 

