200 40 
6
31 97 56 56 65 61 36 59 62 84 94 57 50 88 75 81 88 97 15 20 51 71 46 98 93 71 63 50 42 75 61 5 3 58 81 28 95 22 7 14 1 41 80 87 38 33 39 87 31 42 98 84 80 1 68 66 34 10 11 21 58 63 78 63 98 56 32 15 84 36 39 91 20 35 11 5 80 27 29 33 60 45 31 64 43 76 60 32 56 100 72 62 15 19 49 77 26 43 84 45 85 22 28 24 88 100 13 71 93 59 62 29 12 7 8 11 84 41 61 73 87 74 9 61 67 2 85 42 2 12 57 21 11 55 93 11 29 80 73 79 48 17 64 54 6 56 81 66 22 91 33 65 76 58 64 13 88 14 53 65 56 15 40 70 71 9 80 40 46 74 81 73 21 52 90 29 24 96 95 29 55 48 86 22 5 49 94 87 5 58 59 48 40 88 5 82 1 85 49 83 
80 1 52 24 35 49 73 11 98 31 71 3 32 29 16 32 21 6 97 97 65 70 27 30 64 79 59 49 57 79 36 48 74 79 61 57 60 54 72 55 15 67 81 23 39 69 94 11 65 20 24 42 84 82 82 79 75 3 24 59 42 58 41 61 41 39 99 84 93 38 40 14 9 12 17 90 5 4 8 66 74 42 9 44 14 15 100 17 71 18 3 66 2 12 15 86 83 36 64 78 88 7 6 3 8 44 94 72 86 16 41 60 14 22 77 30 84 65 68 23 36 17 27 76 38 15 77 91 37 22 38 70 63 67 53 68 49 12 55 22 65 58 53 47 48 4 97 61 4 100 76 66 85 11 29 80 14 49 4 18 70 48 17 36 89 10 21 12 11 38 22 7 25 51 13 46 82 76 93 100 51 5 69 38 7 36 13 24 32 94 73 33 79 81 32 83 50 43 26 13 
90 67 8 68 18 88 65 24 94 75 2 82 86 38 81 24 44 76 65 66 80 27 60 89 99 36 92 77 27 76 43 91 66 21 80 32 14 56 77 80 5 13 27 58 66 23 16 11 84 1 21 85 17 32 93 13 61 95 60 34 98 69 51 47 14 88 8 68 29 73 39 92 27 50 81 43 16 95 95 76 39 28 80 25 49 28 40 13 74 100 27 20 61 74 69 58 32 70 13 62 45 84 94 99 76 1 69 93 24 18 3 36 35 16 19 19 7 30 11 30 3 75 63 27 27 6 5 79 74 11 11 71 41 38 2 66 97 75 18 39 17 58 96 34 46 9 71 81 89 44 74 30 18 7 32 58 67 86 39 37 29 26 26 32 29 80 51 25 60 27 1 25 78 97 64 77 59 1 80 95 87 66 14 63 38 27 46 77 84 69 45 48 19 23 6 11 46 62 7 31 
83 97 95 6 48 25 30 41 80 14 32 61 4 18 9 77 76 77 4 59 97 7 51 89 39 8 68 94 50 99 2 46 16 29 19 96 29 74 49 68 66 53 5 73 47 8 16 89 81 43 32 16 87 95 73 87 73 69 64 94 68 34 11 61 41 63 30 38 11 62 39 77 22 67 60 36 87 36 15 16 30 94 72 69 8 53 89 82 60 23 28 71 30 59 83 61 80 18 70 45 80 39 80 52 59 56 95 70 58 30 72 77 62 14 87 89 2 98 32 56 70 12 74 42 18 46 79 1 58 76 87 90 39 15 93 44 26 54 84 93 60 29 63 90 11 50 76 90 56 16 80 56 40 100 69 30 6 89 81 8 24 70 98 62 78 43 63 99 59 42 60 92 43 21 21 79 17 36 17 20 81 62 75 38 17 41 40 35 20 9 88 81 45 41 51 1 52 100 73 45 
53 53 68 23 80 48 68 32 19 37 35 17 31 94 36 35 13 44 39 66 42 42 96 97 72 59 16 33 88 23 41 70 69 78 56 13 93 29 17 59 79 27 48 89 31 85 19 100 40 90 63 85 29 77 81 68 42 22 65 92 44 92 93 34 96 87 27 73 26 15 20 91 46 41 43 97 83 66 8 45 78 81 95 49 30 44 11 52 15 24 26 63 93 45 39 3 46 34 38 59 45 43 5 38 90 39 81 10 31 19 37 50 60 27 25 51 87 65 100 28 16 84 49 50 94 32 10 83 45 33 44 85 27 88 7 9 40 71 34 97 80 45 86 25 36 3 5 27 30 49 24 60 91 98 89 61 35 44 1 43 89 55 69 12 43 29 16 38 47 36 25 57 4 4 35 93 89 47 63 56 23 9 38 90 57 36 26 53 88 26 80 69 76 58 21 77 70 83 64 44 
47 16 61 7 61 10 74 26 63 67 32 80 34 60 52 19 92 50 79 48 50 27 31 48 25 66 79 85 73 78 34 71 23 78 65 75 66 46 25 93 22 10 21 85 95 14 42 61 94 14 67 79 58 70 87 23 33 54 76 61 64 83 29 50 13 41 22 40 1 27 81 52 71 75 76 14 18 1 94 91 31 7 88 7 24 91 27 45 31 100 5 82 20 69 69 10 4 94 61 41 51 87 41 55 11 77 16 60 86 98 65 42 50 93 31 86 81 47 10 10 32 59 44 46 58 14 60 9 23 48 33 83 44 60 1 64 86 60 51 8 51 100 5 35 91 17 98 8 76 5 76 73 9 17 34 59 10 9 81 39 72 29 81 50 70 35 2 51 42 35 98 15 46 35 11 68 18 65 29 80 12 53 92 72 99 78 23 8 84 81 32 17 65 91 8 65 95 56 86 16 
8
75 118 72 145 32 178 108 120 
14
78 95 167 172 27 29 170 159 11 30 162 4 135 38 
4
131 19 156 132 
6
136 97 32 196 166 189 
20
63 29 17 32 150 113 176 151 141 56 156 186 162 139 93 13 31 138 145 96 
6
116 31 93 167 183 130 
3
47 90 104 
11
28 12 194 151 60 127 185 7 149 188 179 
4
130 148 170 44 
8
76 22 158 28 164 39 38 43 
8
7 142 32 161 185 59 164 184 
4
178 41 142 30 
11
45 55 47 167 154 12 4 78 27 124 28 
9
40 58 157 94 156 162 64 82 111 
6
123 131 121 104 190 59 
7
111 83 3 4 1 39 145 
3
101 118 95 
6
143 3 13 75 55 63 
7
104 115 187 109 11 102 141 
4
8 164 114 165 
16
27 190 181 88 94 146 134 64 29 17 171 51 47 149 154 106 
6
33 163 19 31 127 68 
10
128 75 45 168 142 110 59 143 148 185 
4
142 10 46 133 
13
70 130 162 131 154 106 99 19 116 68 194 176 185 
4
156 111 8 167 
13
11 49 52 78 4 173 143 177 102 9 93 48 1 
19
127 22 188 160 62 40 181 91 186 150 159 31 6 148 190 87 50 196 156 
11
32 193 196 183 67 127 64 76 135 17 11 
12
10 173 86 198 127 34 47 181 19 153 76 111 
17
76 185 83 167 194 124 165 38 44 119 75 6 114 41 128 29 183 
8
199 109 92 189 170 139 29 79 
2
74 1 
6
25 158 65 19 47 3 
9
163 13 26 193 96 189 55 81 70 
17
72 114 164 20 117 101 73 163 130 128 198 41 118 8 88 46 115 
13
42 137 151 120 59 194 53 165 179 22 138 39 8 
8
90 77 145 8 16 174 194 135 
2
146 92 
17
46 83 192 124 85 176 88 18 128 35 34 24 33 154 185 116 74 

