200 40 
6
57 22 32 18 56 72 72 26 75 100 5 73 74 71 46 89 19 61 26 10 72 20 30 46 25 19 61 91 22 89 80 38 7 100 94 53 68 20 19 41 47 93 8 95 73 29 60 74 14 42 81 97 54 76 49 5 81 83 42 36 94 48 2 100 98 63 93 68 99 54 97 9 90 58 6 4 59 95 11 71 66 97 44 79 28 70 82 60 15 70 91 37 13 12 100 47 39 3 15 14 7 69 7 9 36 71 14 93 89 15 29 94 61 45 83 50 78 34 89 57 45 75 27 88 50 10 2 2 3 75 40 19 82 25 81 11 25 79 17 91 33 7 25 56 20 16 7 84 55 97 50 14 94 67 47 78 77 94 24 50 86 45 69 29 48 69 69 54 75 17 30 62 73 96 8 67 75 40 66 58 43 25 75 74 35 87 49 50 7 7 20 28 21 74 48 87 69 37 43 50 
20 69 52 45 60 3 27 78 91 73 29 18 28 38 30 90 53 16 100 56 38 68 67 51 19 35 29 83 32 22 29 100 29 59 26 59 76 15 41 94 95 62 17 79 29 73 86 41 54 6 91 59 41 73 96 92 20 4 11 81 3 1 12 16 99 95 52 17 98 30 41 38 36 48 13 87 49 56 61 42 47 59 12 48 70 58 7 46 22 98 85 25 47 11 44 65 5 86 53 77 91 16 39 57 97 8 57 73 72 93 14 60 25 87 62 80 70 98 25 81 48 63 1 81 53 76 11 31 59 8 30 37 97 4 12 52 71 16 97 98 23 95 44 97 77 6 84 77 74 8 29 74 21 49 9 46 78 3 34 85 60 33 45 13 43 71 85 21 4 56 27 53 28 12 13 48 54 35 42 78 79 47 4 72 44 14 85 77 62 7 46 77 15 99 73 42 98 69 20 7 
90 95 24 27 53 42 58 65 9 29 80 50 92 2 46 24 99 20 86 44 71 56 85 87 49 39 10 66 98 77 40 26 82 98 19 43 21 12 73 58 33 72 4 64 40 28 88 2 16 97 53 3 44 52 57 73 18 48 8 54 72 33 25 12 97 41 51 76 3 42 67 46 68 39 96 65 18 2 22 52 85 90 85 40 1 59 17 78 67 17 26 23 33 7 27 23 24 90 30 48 3 73 41 82 1 14 93 99 91 12 15 1 15 18 64 12 18 79 22 27 92 80 82 36 38 76 37 5 62 42 62 9 44 31 87 46 54 54 77 21 52 89 34 33 31 20 12 71 68 99 20 22 46 38 100 17 78 78 87 55 53 41 92 50 28 78 3 80 55 58 88 89 87 39 56 89 32 81 79 17 25 46 72 23 50 100 13 40 62 50 50 94 34 68 97 94 63 60 91 59 
2 7 43 24 67 49 65 78 55 82 49 69 57 69 75 15 21 77 53 35 38 93 28 85 17 34 41 28 49 52 30 52 23 48 18 39 80 17 14 19 10 75 98 96 21 79 53 50 49 59 33 32 36 15 47 2 98 29 61 41 46 73 96 22 54 45 85 73 57 46 21 100 84 15 83 36 34 19 87 70 81 34 18 1 6 65 2 23 18 48 96 48 36 33 64 61 4 25 6 13 93 98 48 72 54 77 84 82 21 91 8 26 79 17 15 45 12 20 86 48 33 42 38 72 71 40 51 4 69 11 79 86 80 9 37 80 7 36 49 98 97 25 99 24 78 50 69 86 33 15 97 35 99 46 40 51 21 82 18 1 50 43 26 97 11 22 19 57 96 59 80 11 99 71 71 25 8 96 61 98 96 59 21 3 5 35 61 31 66 26 63 40 3 82 27 10 93 16 55 67 
42 54 17 63 83 45 36 31 30 33 96 72 91 44 100 84 43 72 46 98 27 29 46 15 26 9 53 29 76 2 42 48 28 92 32 76 75 32 76 71 77 97 54 16 100 20 74 68 5 96 50 52 93 91 46 33 89 61 14 13 3 83 71 9 36 18 98 9 31 68 9 94 31 42 3 12 71 36 99 58 55 51 32 49 28 78 70 41 54 42 62 84 13 45 16 24 62 45 51 4 79 46 77 53 42 90 88 11 1 55 62 83 69 31 30 73 31 61 47 96 73 41 44 96 66 28 6 79 77 88 25 67 64 62 39 74 21 16 92 41 77 33 33 30 28 57 53 67 71 23 49 27 1 4 85 59 19 89 88 29 73 78 64 16 39 27 76 64 35 85 67 23 34 50 86 28 79 52 12 38 86 93 57 32 48 35 2 9 20 6 57 26 16 80 95 8 4 93 78 76 
10 15 32 90 11 78 35 1 32 4 30 40 89 58 45 6 26 2 80 2 32 31 68 61 32 64 29 37 94 16 32 85 88 83 49 87 72 57 65 100 77 24 85 93 80 80 6 61 64 89 26 45 12 26 32 40 31 87 98 30 68 45 31 89 82 79 26 62 10 56 41 52 91 18 57 8 42 96 91 76 43 37 32 68 32 9 62 92 59 98 97 45 54 100 37 53 28 65 56 11 23 17 82 27 40 93 50 81 96 85 75 79 8 44 84 15 70 9 9 12 37 49 99 89 51 4 87 84 91 67 92 78 64 72 62 54 99 45 64 63 19 11 95 90 26 86 29 20 14 39 17 75 42 74 93 65 52 60 48 86 97 44 92 66 26 11 82 80 91 20 83 73 70 12 87 82 71 100 5 87 91 15 61 8 99 94 99 25 82 19 28 79 73 28 8 96 11 43 91 24 
11
86 3 21 143 55 169 152 13 132 174 105 
8
185 64 153 80 158 152 13 146 
12
20 45 168 120 145 133 149 114 53 197 107 147 
2
58 163 
7
90 38 44 166 70 141 98 
7
110 150 67 126 48 20 180 
17
46 7 142 120 158 88 177 42 24 167 136 150 28 33 95 138 102 
19
63 188 7 94 99 173 121 119 103 192 67 111 45 126 142 12 148 90 69 
15
65 186 67 148 56 142 45 35 50 84 90 22 17 187 76 
2
103 137 
20
156 139 132 168 38 77 91 52 104 154 80 123 19 111 138 42 23 130 109 101 
20
44 31 110 118 46 148 174 190 153 97 155 133 58 98 104 188 73 66 95 156 
10
82 119 150 34 135 64 134 178 71 12 
14
72 162 147 121 130 77 17 172 139 84 60 3 111 198 
16
195 40 173 110 85 151 80 58 89 140 48 88 9 86 97 35 
5
139 187 21 128 9 
10
70 137 171 4 29 114 66 189 90 101 
7
76 51 133 136 117 4 28 
12
180 28 57 154 51 157 150 27 186 62 184 4 
4
8 74 200 131 
7
183 44 157 130 151 168 97 
7
56 144 91 121 86 129 157 
12
117 71 116 60 46 8 36 19 140 137 183 177 
4
185 67 112 197 
20
128 20 168 158 185 62 136 36 59 4 90 86 7 151 186 133 14 147 156 104 
16
139 94 25 65 160 60 81 161 159 70 59 67 163 74 56 117 
11
59 44 108 186 66 92 30 127 24 121 193 
6
112 70 103 108 109 52 
12
63 172 59 179 141 26 56 6 100 8 74 160 
3
186 183 86 
2
85 63 
18
169 193 124 128 93 90 31 130 48 75 200 45 147 27 58 133 142 160 
5
128 9 171 15 58 
18
51 158 55 172 47 186 195 36 8 116 15 59 127 19 194 98 132 190 
20
32 16 131 200 108 180 17 63 113 23 115 183 5 25 149 79 55 147 196 146 
10
87 165 126 124 49 82 26 7 190 2 
6
98 110 82 68 122 7 
15
12 152 76 199 182 132 134 183 96 22 17 106 63 170 200 
18
152 93 183 171 192 165 76 63 40 97 180 61 185 155 82 69 16 64 
5
36 156 29 138 24 

