200 40 
6
28 42 84 4 98 9 96 11 87 46 92 59 80 24 46 81 90 15 100 1 89 59 83 59 63 3 79 20 20 16 60 42 19 75 8 51 55 58 80 26 49 24 79 7 54 66 9 99 41 98 1 24 66 24 23 22 80 72 28 58 3 38 8 11 78 66 40 43 67 95 5 20 21 37 75 58 28 55 66 32 2 29 36 5 9 12 39 52 95 92 44 27 8 65 66 45 18 14 19 25 74 38 31 82 28 75 87 58 69 15 49 2 63 76 36 53 25 10 58 70 44 54 12 88 90 34 67 82 98 30 12 1 4 5 77 48 76 90 35 74 11 85 66 76 11 10 15 50 87 44 16 41 49 2 11 15 10 89 62 17 1 23 14 11 95 54 44 67 59 6 88 84 90 44 35 73 12 29 68 15 38 50 10 19 70 50 85 64 36 43 53 49 28 22 84 69 27 86 51 48 
52 60 28 36 38 61 2 58 60 41 92 93 99 45 37 15 21 59 54 89 84 23 14 17 65 10 63 95 38 40 19 1 85 64 32 86 84 45 19 7 57 29 57 90 37 90 76 84 65 25 75 4 25 59 71 40 71 98 79 15 64 70 69 56 23 75 15 23 10 83 85 87 4 66 58 68 97 51 32 8 74 31 72 23 21 5 64 70 80 73 82 22 83 75 22 25 54 99 26 28 79 52 74 51 65 94 2 74 6 48 94 13 70 57 39 45 15 12 13 53 43 88 100 87 88 83 51 6 43 66 55 37 15 16 52 95 88 72 2 16 3 27 15 25 65 86 60 35 82 37 36 90 5 83 58 24 70 10 93 4 19 2 34 52 51 69 69 67 54 90 48 29 83 48 2 30 86 27 27 92 92 25 5 52 37 70 13 14 32 82 37 72 85 76 25 45 51 68 54 87 
12 20 94 89 53 94 63 89 100 60 10 3 17 61 80 52 70 55 93 16 98 15 41 44 37 46 8 80 35 21 54 65 81 17 21 93 77 76 21 16 57 68 45 9 95 42 45 44 1 67 64 15 42 19 38 71 89 61 72 25 20 70 42 43 28 50 36 60 43 19 54 26 44 91 26 8 62 66 51 70 5 81 6 94 13 64 83 2 56 64 33 41 39 60 66 42 88 84 9 58 20 35 59 17 21 78 71 98 34 74 11 88 62 73 100 92 52 88 8 38 59 43 69 93 81 5 61 22 57 54 51 26 41 68 7 82 30 79 65 4 14 79 1 43 73 71 5 10 97 68 16 42 54 57 97 98 69 13 100 76 90 11 83 87 86 54 45 62 34 37 32 22 48 12 61 82 23 49 10 45 70 30 48 10 4 20 73 74 86 5 97 65 97 37 31 32 6 94 70 41 
29 85 2 2 74 44 86 5 63 59 91 52 1 22 81 71 8 54 23 3 19 1 22 77 76 3 70 93 34 18 63 2 68 55 72 80 37 77 40 98 19 7 88 98 85 20 68 7 44 6 60 90 26 16 37 56 5 64 79 81 4 85 40 53 35 3 25 32 44 40 75 91 24 75 80 94 71 94 17 48 12 80 26 65 85 21 64 63 3 25 71 22 35 87 15 51 5 25 12 53 65 82 67 91 36 54 81 11 15 19 66 53 93 81 54 17 68 76 40 93 67 7 13 84 21 12 88 75 13 6 4 57 43 39 37 21 84 38 22 4 78 10 66 72 73 67 46 64 83 83 50 23 4 36 12 5 27 31 31 81 85 8 48 47 84 88 29 9 74 36 84 15 29 55 22 13 49 25 1 44 21 45 53 51 25 14 80 10 4 45 55 34 91 62 2 2 83 75 30 34 
18 7 12 1 24 49 72 45 17 1 64 61 97 70 82 35 27 84 30 74 1 33 7 58 98 62 82 31 92 40 2 55 50 36 5 96 20 31 77 26 83 34 53 78 6 28 33 60 100 82 82 44 88 71 48 5 95 41 66 11 43 55 18 86 56 20 58 92 55 57 23 48 18 54 96 97 16 51 15 39 12 6 95 3 52 14 83 37 67 9 59 4 95 11 84 93 86 94 29 33 91 54 16 5 24 27 61 10 64 91 37 40 61 9 64 37 19 28 85 64 99 96 96 87 41 17 79 63 5 26 50 14 56 80 43 77 6 98 94 31 15 9 80 13 93 30 59 99 32 85 62 44 56 23 42 57 13 88 18 91 40 11 41 24 9 67 89 7 30 11 59 54 73 64 99 70 6 29 8 5 70 82 97 51 74 55 8 51 83 30 57 38 27 45 55 73 7 70 73 18 
18 79 35 95 62 12 46 91 23 13 41 57 24 69 18 44 26 71 12 42 76 19 22 58 42 91 44 93 27 82 29 48 57 52 62 40 97 95 2 93 40 87 94 19 97 60 73 28 83 84 17 72 72 16 39 2 54 73 64 24 65 98 83 73 85 74 53 69 54 17 88 3 7 42 28 7 50 87 43 59 16 81 92 28 98 76 12 61 20 62 41 54 12 29 88 31 9 48 56 29 61 99 87 78 27 71 17 68 51 22 5 82 67 73 46 29 28 54 96 48 68 90 60 36 28 5 18 33 43 48 23 40 85 22 33 5 16 23 33 29 7 70 11 75 68 69 94 100 64 23 71 42 39 15 77 78 94 41 75 7 15 70 26 79 20 56 52 100 34 3 52 38 22 76 78 47 98 7 36 46 97 51 83 90 22 46 78 81 50 74 28 45 14 73 75 27 62 84 39 9 
12
28 25 107 103 73 187 128 126 184 181 50 183 
13
176 189 7 10 51 144 8 95 43 25 154 163 24 
12
89 46 94 191 154 183 140 165 195 76 9 25 
11
73 152 157 147 111 96 75 176 65 13 121 
8
159 47 188 26 83 168 134 15 
20
119 164 35 142 192 116 18 129 136 24 144 165 148 81 170 197 67 104 96 12 
15
180 143 162 196 199 2 197 108 116 57 59 133 55 14 66 
16
69 189 12 134 106 5 19 197 131 135 67 40 188 103 165 187 
17
30 193 20 145 117 127 76 112 149 187 87 154 3 126 38 166 103 
17
111 142 181 41 197 22 23 63 105 62 155 82 139 122 101 49 10 
9
181 180 63 142 108 112 125 81 86 
11
18 71 88 126 159 61 37 124 184 120 65 
12
4 69 55 70 181 3 160 164 119 124 179 27 
16
199 166 191 104 52 157 44 25 16 57 41 183 193 36 11 103 
16
122 20 160 175 184 64 137 1 48 185 178 157 19 168 156 99 
4
111 48 122 138 
15
3 193 173 32 53 6 171 12 159 26 35 137 61 187 166 
7
15 155 199 14 41 3 162 
8
11 3 82 121 76 169 197 1 
12
142 45 121 136 180 127 89 133 137 60 84 146 
10
146 200 87 70 89 50 153 125 133 120 
19
157 190 51 52 86 200 18 104 21 16 106 9 145 144 197 196 123 185 131 
8
19 123 178 194 111 149 87 86 
15
43 199 187 129 157 186 24 147 1 162 6 27 29 171 172 
5
42 158 97 125 15 
10
121 95 125 50 131 39 99 24 57 193 
5
21 144 79 194 145 
19
134 51 143 72 45 19 57 34 12 165 112 55 182 175 119 91 144 199 118 
15
39 47 113 186 182 198 25 121 16 130 55 26 6 10 94 
10
133 74 169 174 58 155 10 109 141 84 
6
131 115 166 84 174 158 
6
45 175 142 11 96 152 
17
37 185 84 8 184 85 97 15 114 3 194 186 196 188 157 183 53 
14
48 73 35 71 180 190 81 108 41 70 184 145 78 141 
8
19 161 5 118 4 171 192 131 
8
66 99 199 85 97 87 117 43 
19
39 167 83 131 7 16 136 8 28 87 77 34 93 180 30 140 127 37 114 
12
151 173 93 69 182 128 131 74 60 45 142 47 
5
195 128 38 151 92 
19
23 12 109 118 145 132 25 98 85 126 166 172 152 55 123 2 14 108 142 

