100 20 
4
61 37 77 79 3 14 100 45 10 24 21 55 52 26 36 94 36 47 69 68 100 16 92 83 56 28 73 100 99 34 1 30 72 94 12 11 46 93 97 7 63 82 41 40 72 35 59 30 6 81 51 66 88 71 6 27 67 34 58 61 77 55 75 19 48 84 88 78 2 65 17 81 23 45 13 74 37 83 99 75 94 78 79 22 31 32 74 53 67 70 67 22 83 44 64 43 71 60 32 71 
54 84 28 33 28 3 32 63 50 70 75 70 95 30 76 70 19 66 90 99 11 16 4 86 39 35 3 3 55 47 73 6 16 92 72 35 30 69 63 17 76 59 59 20 13 3 9 2 57 20 82 70 55 7 79 32 52 46 50 28 82 81 30 68 13 66 21 42 60 72 65 76 58 56 77 52 80 46 98 22 22 7 25 2 54 56 86 98 15 9 41 95 68 76 15 39 67 17 54 86 
20 97 11 93 23 40 50 47 63 48 63 52 100 92 1 17 20 40 60 81 20 100 86 3 45 69 6 89 2 68 7 58 65 48 96 59 38 18 4 4 72 26 84 44 95 98 30 95 72 96 8 77 89 7 88 25 16 85 54 32 69 39 25 6 98 93 67 62 4 83 51 81 41 84 51 68 17 53 28 44 58 100 22 11 32 3 13 2 1 41 26 57 4 80 30 78 2 96 9 51 
77 31 88 83 15 70 15 74 39 11 67 73 24 82 72 25 47 9 31 56 85 91 99 80 97 82 16 4 21 25 61 55 76 90 76 2 48 3 54 27 43 96 35 46 30 43 42 62 53 77 11 48 78 19 12 52 87 87 45 100 98 55 47 15 58 37 3 20 55 53 58 78 34 64 65 75 58 28 44 78 58 62 65 10 33 27 54 13 65 22 77 66 84 70 15 50 90 27 62 40 
15
69 45 5 72 17 64 96 37 4 25 35 71 42 87 26 
9
75 14 61 72 30 20 55 35 36 
12
48 71 79 43 66 27 80 74 16 96 95 91 
12
97 67 52 53 8 74 22 100 98 29 69 33 
6
83 69 26 91 87 61 
2
96 71 
14
14 81 70 22 16 10 50 35 90 85 17 36 29 30 
9
75 65 100 83 28 48 92 6 19 
3
30 58 44 
3
20 50 33 
14
29 8 21 70 7 15 99 1 34 77 58 51 26 44 
5
78 94 46 26 88 
16
94 41 76 59 86 49 14 60 12 19 24 20 15 46 35 69 
11
78 36 13 6 10 18 55 49 38 58 90 
7
31 99 51 79 41 5 20 
14
77 25 49 45 69 44 87 31 80 33 15 3 61 75 
2
80 35 
11
43 85 66 57 21 23 54 11 80 7 99 
7
34 9 53 82 29 66 20 
18
15 63 83 100 87 69 7 84 61 25 35 10 44 68 18 41 23 8 

