175 35 
4
62 51 74 21 71 59 75 73 36 25 61 46 92 5 93 35 58 80 66 54 40 66 97 56 81 63 88 68 61 45 90 99 95 31 44 31 6 89 32 85 69 20 42 75 22 90 90 51 86 22 12 54 22 37 98 71 89 88 42 63 69 35 59 43 8 9 1 71 46 39 34 67 87 15 13 43 3 2 41 33 9 10 42 83 52 32 81 58 7 60 9 52 1 97 25 35 19 36 89 69 32 94 14 6 11 68 65 49 85 14 82 75 71 86 41 33 25 17 67 29 20 18 99 80 52 42 94 69 25 45 78 86 80 55 62 21 30 98 76 15 10 53 98 10 25 50 76 65 94 56 62 22 28 35 12 49 41 30 41 55 30 69 67 70 79 41 12 4 2 46 16 35 98 81 81 
80 25 14 81 3 80 54 65 70 29 42 88 9 26 28 66 92 98 40 4 51 45 55 75 56 27 51 94 55 10 52 93 58 81 88 56 35 76 47 93 94 14 97 1 77 74 36 5 24 58 89 46 13 36 45 67 41 45 78 62 29 48 5 80 41 56 55 18 37 100 85 66 67 69 92 67 62 72 50 1 61 99 39 45 80 90 83 78 97 4 100 70 58 79 89 88 60 23 17 47 4 36 4 68 85 43 43 81 83 4 62 35 59 52 7 71 60 49 31 77 95 8 17 2 65 68 81 12 33 88 40 30 51 82 64 64 33 18 30 87 77 58 53 26 28 4 19 7 15 13 35 68 80 44 53 91 27 65 90 69 40 60 14 18 82 43 58 14 79 72 47 53 36 76 43 
37 33 26 63 67 31 19 40 95 95 1 64 18 56 71 100 20 72 50 42 100 25 92 84 16 22 60 75 96 83 84 13 80 65 86 75 13 3 59 94 30 35 57 82 70 15 40 16 38 96 26 88 74 42 70 61 79 46 90 25 46 74 65 39 30 20 23 52 9 66 14 78 23 44 13 77 48 52 35 92 58 58 62 71 13 20 47 57 30 70 9 24 66 44 65 95 38 85 64 20 95 21 5 99 60 46 43 14 90 28 39 53 55 13 100 49 37 40 90 95 89 73 61 94 60 57 8 7 96 21 24 26 65 19 29 5 79 15 40 75 97 48 100 34 81 31 88 75 71 12 43 15 10 22 8 73 35 22 75 2 74 66 52 11 99 42 44 6 77 15 63 19 97 99 53 
59 22 87 20 72 52 65 96 91 30 26 57 47 87 76 57 36 93 19 81 37 83 46 65 16 47 19 69 80 36 50 46 40 3 49 50 26 78 16 93 20 49 34 98 29 6 47 86 55 20 95 67 40 17 33 91 15 92 99 26 51 20 48 55 25 29 80 44 83 9 54 56 51 63 19 93 1 26 16 69 17 48 91 68 5 63 57 38 42 77 17 9 54 82 62 42 59 68 5 31 65 65 34 72 1 11 63 97 58 45 84 16 72 6 8 82 50 39 74 81 71 20 52 35 12 28 21 96 15 75 26 30 15 65 75 100 87 74 90 13 47 41 45 92 43 27 4 90 21 13 1 97 92 23 98 92 2 51 93 85 38 69 48 44 97 85 91 73 38 64 90 9 80 21 91 
20
80 98 88 60 57 132 44 152 110 171 42 163 77 11 69 71 79 141 117 49 
19
5 73 99 91 154 3 151 148 69 30 33 59 14 160 78 97 133 126 10 
9
130 129 20 167 89 78 170 111 175 
7
116 34 164 14 115 101 71 
7
30 2 168 33 101 39 158 
17
60 138 120 12 28 2 26 34 64 83 137 67 147 3 164 56 22 
7
47 107 127 61 99 52 91 
10
101 108 54 20 122 58 111 39 86 123 
4
143 31 169 20 
13
5 81 94 149 75 143 105 21 140 1 128 60 167 
12
22 110 165 149 109 37 133 146 11 157 92 52 
16
16 51 154 77 2 80 171 57 143 123 39 175 3 65 122 146 
14
131 154 85 4 16 89 51 35 31 46 175 59 25 47 
4
77 35 141 134 
8
138 132 31 78 65 148 117 25 
8
88 84 105 143 83 109 172 68 
11
58 56 41 95 128 67 156 53 32 54 87 
19
69 16 79 98 1 118 137 160 122 14 165 123 127 91 101 84 19 131 59 
20
35 96 95 88 8 92 6 67 34 45 11 101 5 100 102 22 81 73 106 80 
19
29 65 138 109 93 135 62 21 165 17 13 48 27 151 95 158 53 106 24 
20
45 173 1 20 166 51 33 64 24 48 156 132 3 68 6 144 145 65 76 7 
3
41 74 78 
4
63 158 86 107 
8
117 174 171 104 80 168 127 145 
2
84 127 
10
78 100 158 140 125 31 96 160 79 70 
7
76 143 119 32 3 29 15 
15
83 14 115 75 64 102 77 17 132 27 59 105 169 112 18 
12
157 169 102 79 175 133 153 35 100 125 15 145 
11
162 101 60 107 18 8 115 95 136 94 33 
11
54 170 78 85 68 131 139 48 116 61 21 
13
40 171 44 125 113 98 105 94 128 27 41 34 10 
3
166 55 145 
4
115 157 160 49 
10
61 147 54 115 73 138 15 39 19 158 

