150 30 
4
53 66 16 87 23 72 19 98 66 49 48 54 83 40 24 60 87 56 14 22 58 47 76 46 15 72 83 47 30 5 16 79 90 43 29 19 29 58 5 98 75 75 10 15 31 29 79 50 32 58 33 80 30 14 62 86 50 99 43 7 89 9 66 80 21 19 21 92 91 79 40 91 88 72 91 32 43 26 98 41 25 72 44 66 20 60 63 9 78 9 8 4 58 60 21 83 88 71 45 43 87 24 32 98 59 70 21 55 51 35 64 2 36 34 100 19 99 10 97 68 72 80 27 60 92 25 23 95 84 30 93 82 89 48 89 16 8 31 39 28 34 34 4 100 34 25 56 50 44 30 
88 40 82 3 81 48 14 24 39 33 5 37 98 41 26 1 65 14 24 71 24 29 100 77 9 32 64 45 71 41 11 81 3 69 42 90 34 26 63 15 81 67 65 66 27 86 23 12 14 57 62 76 91 33 49 97 83 33 22 39 12 49 29 78 65 67 56 14 10 78 95 68 34 58 12 85 78 66 82 97 85 60 23 41 38 65 30 99 38 82 1 54 41 96 14 19 89 43 84 40 71 66 15 27 78 92 15 7 8 66 49 15 91 17 63 87 95 76 2 22 100 69 22 19 37 12 34 38 51 34 37 48 17 30 42 58 53 53 27 11 71 43 44 93 32 11 34 91 97 19 
53 11 71 35 63 59 100 16 48 50 3 68 9 48 7 12 62 99 52 80 55 15 10 7 32 4 81 7 68 23 96 88 25 24 10 20 83 14 36 8 80 97 78 35 91 86 86 32 45 18 27 62 86 90 48 41 38 47 87 43 40 36 64 76 97 17 91 77 92 78 79 6 66 56 85 19 13 19 47 17 39 98 17 56 87 24 51 61 71 85 86 88 21 31 55 100 45 82 71 4 96 11 90 78 82 81 11 85 37 37 66 64 61 2 85 87 81 93 88 29 39 83 57 10 92 25 36 42 52 100 33 80 19 35 7 45 87 58 51 72 72 67 55 7 72 52 4 81 48 35 
42 52 41 19 35 66 5 37 1 4 75 97 63 18 46 45 42 19 38 28 53 65 46 31 58 56 35 35 69 40 57 10 28 70 48 79 52 32 56 35 57 72 85 37 43 72 74 77 10 3 39 59 97 23 61 44 74 37 46 17 49 70 66 42 47 55 50 9 87 6 4 27 34 59 15 53 66 84 16 79 30 75 92 79 96 28 50 11 49 80 60 12 49 76 59 63 64 26 30 51 63 6 37 42 43 39 18 60 85 39 64 32 83 70 86 100 14 19 43 17 7 30 75 61 96 33 37 47 22 17 26 78 7 94 33 66 47 27 79 76 64 56 27 86 53 9 100 49 30 97 
16
50 80 32 104 17 137 65 94 4 77 27 62 6 36 136 125 
11
118 108 73 103 116 5 124 51 107 82 23 
8
121 76 61 3 116 7 114 42 
5
93 56 57 135 53 
17
19 94 68 13 145 36 141 125 75 116 30 70 27 53 150 35 131 
8
132 68 31 21 116 112 46 36 
5
116 52 64 4 54 
13
34 143 1 5 136 89 127 148 39 42 130 60 20 
14
71 70 115 139 136 90 73 22 29 13 103 131 114 6 
19
17 112 23 5 149 117 130 12 47 45 71 29 109 140 70 128 126 133 30 
19
127 16 80 87 95 52 135 40 44 112 5 128 25 99 42 82 137 143 114 
12
8 115 64 97 107 28 104 141 143 39 76 23 
6
8 110 6 93 88 105 
17
2 6 66 1 95 129 40 79 32 76 143 67 78 61 101 72 62 
2
46 93 
15
62 37 97 7 38 122 145 77 25 34 127 142 59 76 35 
3
2 92 47 
18
135 65 147 51 122 74 146 37 36 88 115 140 109 41 45 69 92 7 
4
148 100 85 66 
9
115 84 104 29 4 31 97 145 61 
9
69 103 36 136 91 128 125 105 35 
9
15 53 32 69 118 35 104 42 51 
3
99 37 13 
15
121 129 90 40 132 118 104 111 56 68 75 25 114 109 74 
13
102 130 61 126 147 86 119 46 45 56 84 26 105 
17
41 143 112 40 139 35 137 17 31 123 91 78 68 131 53 23 82 
5
77 145 80 24 46 
7
13 16 138 126 141 134 133 
7
143 138 21 125 31 145 51 
9
97 93 59 111 13 125 69 103 82 

