150 30 
4
1 79 83 32 26 39 85 85 37 73 77 43 76 67 65 45 39 70 29 38 49 60 45 73 90 30 61 68 51 33 17 31 81 51 64 47 56 74 98 78 30 71 73 81 6 29 64 64 77 2 22 16 88 46 52 26 48 65 23 44 71 9 29 65 34 66 48 37 90 94 63 59 98 89 69 83 54 23 64 66 43 54 18 40 29 78 15 30 61 47 69 37 20 54 73 10 34 49 53 10 79 44 54 88 20 70 65 99 42 24 9 45 68 33 51 62 18 83 32 15 95 44 2 52 42 24 78 12 92 25 3 4 38 17 77 79 2 68 12 54 54 4 77 12 92 47 60 20 85 56 
95 62 4 68 95 12 19 64 29 70 17 53 30 4 71 92 17 16 19 36 18 58 69 31 72 73 18 62 89 41 66 66 57 31 67 9 67 12 25 48 33 38 6 28 69 90 51 93 91 21 11 16 12 64 75 29 3 54 51 46 23 81 12 49 43 69 77 78 65 4 11 14 9 33 32 39 18 9 43 8 6 66 62 72 29 53 82 21 96 97 7 56 48 20 9 52 77 21 90 84 46 39 3 51 40 34 61 20 12 76 27 37 100 20 57 30 51 56 68 1 46 6 70 7 20 4 84 78 27 34 75 81 69 12 78 92 7 13 85 67 90 26 5 84 23 37 16 11 69 21 
56 40 49 91 100 9 10 83 22 29 31 64 49 21 50 16 44 31 65 96 99 98 8 17 60 45 2 98 21 98 71 4 51 99 58 10 59 28 30 26 75 81 19 81 72 92 6 41 96 42 16 31 82 35 51 97 43 45 53 96 54 48 9 62 21 64 42 27 94 53 90 80 91 47 18 52 32 3 83 58 16 83 20 87 84 55 30 51 85 90 51 19 1 92 9 35 5 44 83 78 14 1 90 71 5 68 75 3 93 33 76 83 40 55 53 31 84 70 45 81 55 98 48 51 42 21 15 61 98 37 47 12 78 11 62 30 39 20 97 24 6 22 28 63 53 3 40 73 50 12 
64 49 56 73 98 76 57 3 13 59 100 18 14 15 37 70 19 16 8 8 88 81 61 98 64 95 74 46 27 84 65 77 7 24 28 53 88 68 39 35 6 47 91 9 16 32 27 96 30 90 99 59 47 83 59 14 46 14 31 14 69 37 44 91 62 2 82 15 12 45 81 48 59 58 38 41 56 100 31 7 21 95 72 88 94 77 91 33 79 47 45 54 4 79 54 88 86 37 21 83 21 61 17 41 27 34 11 63 10 15 42 33 75 96 1 3 71 44 64 93 33 28 22 4 65 15 82 44 70 3 30 88 57 11 36 10 28 25 11 31 60 93 49 94 42 44 81 19 64 53 
11
113 118 147 82 122 58 87 67 91 8 77 
7
127 132 107 32 50 24 130 
17
137 48 12 59 111 53 11 92 126 139 147 107 8 116 65 133 38 
5
90 137 97 17 71 
8
72 37 42 117 93 73 16 92 
5
139 118 75 137 43 
17
115 28 56 5 132 57 63 17 1 87 91 136 105 45 23 29 142 
4
41 20 92 100 
20
150 65 67 121 80 23 54 91 109 14 114 39 38 13 149 133 92 1 10 68 
17
1 44 133 28 90 138 129 76 135 111 68 2 25 22 74 57 80 
2
148 45 
11
56 21 124 33 73 103 137 86 131 26 34 
20
66 46 26 106 62 54 81 142 51 27 18 84 24 40 25 20 137 100 15 102 
4
53 34 27 81 
6
113 41 127 51 42 137 
8
82 142 38 92 42 89 144 14 
20
33 73 52 144 113 87 127 101 48 130 125 58 65 12 91 70 30 138 129 114 
7
2 59 42 109 67 90 46 
13
119 65 120 43 13 63 34 68 98 86 53 15 73 
12
48 29 2 90 128 119 81 127 143 97 8 47 
4
94 117 51 4 
7
38 87 120 5 105 144 132 
11
137 105 150 76 26 58 136 12 131 80 1 
3
93 88 48 
11
21 129 77 23 121 126 137 67 46 6 40 
11
52 141 119 113 60 99 86 104 50 149 41 
7
19 21 48 16 3 117 20 
15
130 53 134 113 43 8 52 100 120 48 86 59 87 44 122 
20
36 51 138 107 108 49 22 146 84 122 85 80 78 121 75 53 76 52 47 6 
11
146 46 98 44 39 75 81 63 26 30 14 

