100 20 
4
97 88 36 63 20 22 25 86 21 74 86 52 68 49 95 14 40 66 50 74 14 11 74 45 54 88 97 93 90 8 38 98 95 38 79 49 99 90 73 55 45 15 83 46 32 85 43 49 89 86 65 25 63 81 80 71 1 29 18 51 50 30 87 2 8 88 73 22 90 30 43 41 49 74 73 72 29 28 84 99 91 10 59 42 46 62 82 93 100 78 80 100 65 96 69 97 97 1 16 32 
12 56 80 3 93 69 44 63 69 30 57 36 39 33 31 42 7 80 95 40 85 37 28 49 3 78 47 43 88 8 40 85 33 99 61 98 97 81 44 69 70 100 20 26 77 89 62 68 71 3 85 8 66 23 7 5 58 55 43 17 9 86 93 14 86 94 44 23 42 10 73 55 71 57 61 50 43 2 46 31 94 41 26 9 85 32 84 73 58 74 6 96 70 16 87 29 92 65 67 27 
64 63 56 28 58 95 16 20 20 83 1 24 66 81 85 36 74 65 24 26 47 97 7 33 94 15 13 83 53 81 74 46 7 94 34 84 70 8 78 45 72 69 46 12 56 94 18 89 90 88 61 91 80 71 82 76 25 64 83 28 84 69 52 94 2 98 74 49 56 65 88 12 21 33 12 21 64 39 51 58 81 44 32 34 7 44 69 79 87 25 92 99 2 23 82 60 41 91 29 66 
20 17 23 83 38 84 36 78 41 88 39 46 28 41 45 19 73 28 95 87 87 36 66 70 23 41 29 56 63 71 82 21 73 52 15 28 62 39 40 76 32 20 1 41 43 89 26 54 37 87 61 48 36 89 3 28 22 94 12 76 87 97 7 90 38 64 73 25 57 1 43 61 20 53 60 39 57 49 44 19 58 79 95 82 42 42 5 93 93 87 4 82 45 53 2 22 41 37 32 86 
8
74 94 25 32 61 22 100 43 
8
69 35 31 77 87 86 90 74 
16
97 58 21 49 11 33 90 72 26 94 48 22 63 71 1 18 
10
28 13 49 69 23 6 17 73 24 39 
5
97 15 67 71 27 
19
75 20 90 26 8 83 48 9 21 4 74 40 42 99 58 70 62 36 22 
12
79 52 7 51 10 2 93 98 78 28 53 18 
13
20 96 29 77 46 73 21 61 87 47 33 91 38 
11
32 36 51 64 53 47 61 68 89 13 17 
20
85 94 41 59 73 71 99 12 46 38 30 27 87 23 53 34 2 83 95 36 
13
1 95 45 62 68 37 87 47 66 77 52 73 65 
3
63 13 72 
17
42 91 71 19 69 93 54 55 34 100 23 72 74 87 92 38 85 
6
1 11 40 60 55 82 
20
74 66 1 63 32 94 39 81 34 29 80 35 89 56 41 95 7 42 93 55 
7
68 76 9 57 84 21 34 
14
45 85 86 1 68 40 3 30 100 21 75 48 18 65 
2
8 99 
3
92 27 86 
14
46 54 65 73 70 47 40 19 8 99 3 95 96 67 

