100 20 
4
100 45 85 1 93 15 35 7 33 51 20 77 13 30 22 15 6 37 8 60 14 37 27 21 24 74 21 46 4 63 30 68 60 88 85 93 79 53 70 41 83 20 22 25 10 19 95 92 29 81 81 95 52 79 84 47 7 93 46 26 33 10 85 58 64 95 59 6 95 65 5 45 26 43 41 89 63 14 54 47 88 34 80 68 6 65 10 38 24 7 95 72 90 5 68 61 70 11 79 85 
90 26 69 74 75 68 28 70 84 77 22 14 3 46 98 24 3 14 52 69 87 16 67 78 5 98 97 22 38 85 44 27 45 80 16 85 24 25 97 12 76 17 4 34 77 15 50 52 25 39 21 86 63 20 35 29 33 38 27 14 58 34 33 14 54 31 90 18 44 48 92 60 89 51 30 91 8 18 99 57 97 89 93 41 84 36 43 17 53 8 16 74 38 77 2 83 31 48 4 53 
55 38 3 47 46 96 3 46 22 49 35 43 59 34 88 72 65 34 62 71 65 84 36 34 42 51 12 38 63 8 48 100 84 2 92 9 57 47 28 3 5 14 35 72 51 6 86 17 46 66 21 38 65 93 97 23 81 37 24 77 68 8 40 48 10 51 86 73 75 7 89 33 93 64 66 51 33 8 32 91 13 70 12 67 37 51 93 68 16 34 20 25 20 97 61 14 59 49 66 79 
33 86 69 88 2 27 72 49 74 56 11 89 74 27 19 86 62 43 80 4 78 80 45 26 70 44 99 52 44 36 31 9 66 23 8 98 22 83 90 54 7 97 7 92 40 88 20 88 67 39 15 82 80 53 42 72 11 95 97 16 56 92 55 54 22 54 92 10 49 9 10 2 62 80 6 59 42 32 50 49 76 11 91 94 57 78 8 22 79 79 74 52 2 78 80 85 86 53 15 93 
11
34 64 69 83 81 8 32 47 4 15 93 
12
84 82 10 96 97 1 51 29 99 45 2 19 
15
5 39 10 34 85 100 86 41 80 23 70 20 14 33 59 
20
42 13 29 12 85 80 16 86 17 61 37 69 3 89 71 57 100 55 98 50 
9
47 49 61 87 31 17 16 74 91 
6
55 77 6 83 95 33 
14
15 54 31 35 37 100 57 69 78 39 84 43 62 32 
10
12 9 39 51 11 83 23 81 92 46 
6
33 61 14 8 38 73 
18
70 88 15 48 42 59 86 97 24 65 35 96 60 100 46 87 72 43 
11
46 31 86 78 95 75 63 70 73 30 38 
11
3 49 90 77 60 4 80 14 58 79 76 
20
93 19 8 7 76 79 72 35 11 1 16 82 58 46 31 81 95 9 60 49 
2
10 62 
14
87 49 32 48 78 10 54 7 75 5 22 97 20 28 
3
57 18 78 
12
46 94 41 92 40 85 30 68 49 91 2 50 
16
23 5 80 3 71 41 72 20 79 60 70 18 94 97 19 86 
20
13 52 4 92 55 36 59 60 47 27 25 94 87 79 6 43 31 40 88 97 
2
84 56 

