100 20 
4
82 22 70 52 46 89 100 88 99 30 29 52 52 91 55 62 6 49 2 44 89 61 27 28 97 63 62 30 16 73 26 79 29 15 87 18 37 17 41 85 19 86 12 29 38 28 47 82 77 56 89 47 62 76 1 10 26 80 50 24 17 19 58 67 48 85 74 8 59 92 90 19 36 70 75 26 79 4 59 4 13 50 46 32 29 14 51 58 40 32 22 84 60 70 21 42 11 27 82 82 
99 47 35 2 38 75 85 14 53 52 61 51 73 64 65 90 8 60 93 100 38 53 96 84 5 14 18 49 12 8 69 52 54 66 75 58 69 77 17 36 17 51 74 85 2 98 70 88 46 57 56 36 55 34 22 52 76 13 49 73 4 46 39 37 85 28 45 5 49 49 51 79 93 52 78 63 80 40 35 87 77 26 28 91 95 64 100 69 6 37 79 90 47 11 63 39 25 58 15 62 
91 43 16 10 89 72 31 89 67 100 2 81 23 31 10 51 96 4 33 21 72 32 83 61 63 78 16 80 96 27 18 32 57 84 23 72 77 58 29 84 94 89 9 94 43 76 86 51 85 47 89 72 90 46 86 9 33 29 78 46 41 30 72 97 95 53 24 56 8 45 45 26 2 69 51 12 8 100 78 22 99 91 51 63 4 55 53 81 32 92 51 41 73 76 37 30 5 40 25 80 
38 54 99 82 72 29 73 12 97 6 64 20 84 62 20 30 57 34 91 66 32 57 80 44 31 93 76 38 92 63 16 85 4 70 80 50 98 28 38 16 70 77 37 20 84 14 39 53 52 81 83 66 26 11 93 13 83 43 88 76 5 47 92 1 6 84 5 90 80 16 4 6 6 18 26 55 65 41 73 99 41 61 65 51 41 46 64 23 59 65 16 42 74 6 6 43 69 16 97 56 
5
62 3 55 18 59 
11
42 3 85 27 90 80 58 43 8 95 2 
19
63 72 24 33 88 100 68 10 69 16 29 58 4 42 71 62 46 40 57 
4
8 77 53 79 
11
68 94 51 44 22 80 23 40 41 89 96 
12
70 47 38 49 60 37 15 16 68 17 80 81 
7
82 66 80 15 13 30 17 
17
74 78 100 65 40 84 68 70 45 50 28 52 72 2 30 54 58 
17
10 46 84 18 11 69 83 50 42 77 60 45 54 33 22 71 34 
20
21 38 78 87 54 74 19 22 32 62 91 23 10 41 64 86 37 51 59 82 
3
15 57 41 
15
96 36 12 71 88 39 67 20 57 98 77 99 72 44 51 
17
11 79 27 32 87 68 41 4 93 38 62 86 36 70 65 40 46 
16
49 60 78 100 97 59 83 90 99 50 2 28 96 46 37 51 
13
53 14 75 73 92 98 28 72 19 22 18 3 8 
9
38 26 52 63 79 41 50 40 17 
15
9 14 13 84 58 100 28 31 94 18 93 95 73 70 41 
4
43 41 55 34 
4
26 52 60 55 
16
95 78 67 55 84 34 98 17 48 24 30 18 38 35 88 56 

