150 30 
4
99 21 80 81 53 1 25 77 90 17 8 58 96 15 22 6 27 73 72 79 20 64 57 63 85 32 7 46 84 94 10 98 45 45 79 85 70 64 90 61 91 33 46 16 14 76 59 100 54 92 8 20 67 85 5 79 19 14 17 78 26 74 96 42 46 54 51 84 20 44 66 82 11 23 70 73 75 92 44 74 61 60 39 31 35 74 46 17 82 21 40 13 29 70 96 19 13 63 38 68 43 42 64 34 58 21 49 54 5 57 82 19 50 66 36 95 97 92 70 63 31 40 84 48 91 42 31 100 71 53 56 17 55 30 26 77 32 25 67 57 8 14 26 97 64 68 32 87 17 77 
27 15 58 61 23 88 78 22 43 71 92 69 37 41 76 48 79 92 73 84 43 23 37 54 45 34 52 35 16 60 50 26 1 26 9 93 79 8 68 77 34 92 77 14 51 55 1 56 74 54 16 59 36 90 44 40 97 79 7 97 84 29 21 49 97 57 29 55 59 11 77 17 32 41 55 61 50 89 38 72 51 94 55 66 30 52 77 76 56 22 36 14 35 67 69 73 44 84 39 3 21 32 98 49 18 87 32 44 53 10 48 80 45 94 99 94 90 17 67 73 72 78 32 78 33 28 79 75 58 14 65 75 5 31 87 95 32 59 72 73 67 68 60 26 32 54 97 90 31 21 
87 19 73 19 56 30 10 42 99 57 51 69 59 71 30 8 69 10 29 78 78 73 48 95 21 50 55 97 94 64 20 42 93 85 5 25 59 35 95 36 65 63 78 61 24 2 39 100 11 3 53 92 75 5 61 98 33 68 9 4 14 36 33 15 57 17 97 27 93 81 56 46 8 42 7 8 49 77 68 33 82 92 62 46 55 38 63 35 19 31 23 40 73 10 43 48 91 62 61 85 18 21 52 80 51 38 13 99 52 57 46 7 57 69 20 97 30 99 70 38 43 85 4 56 59 41 53 71 50 93 27 61 32 98 16 9 3 25 63 8 74 33 98 76 49 32 99 53 70 81 
74 63 30 47 38 48 47 79 72 37 6 44 6 64 11 39 80 94 73 89 87 58 10 36 3 2 13 95 41 27 20 74 45 88 30 23 20 38 6 69 92 60 50 84 74 55 55 42 47 56 80 42 39 66 84 92 89 54 3 96 8 43 4 80 75 16 17 9 8 19 70 47 72 36 99 24 60 65 47 86 67 23 66 77 74 71 26 60 67 40 60 15 37 18 100 32 60 62 86 11 74 41 34 6 89 22 43 58 43 80 21 93 15 78 28 2 57 21 92 6 21 4 29 95 61 15 22 14 80 73 58 38 91 13 64 63 99 2 95 81 82 16 27 62 85 57 51 46 8 57 
9
59 149 78 8 15 143 131 72 10 
20
40 132 4 24 70 90 136 18 38 79 75 29 14 131 124 122 25 148 135 31 
17
142 29 5 145 135 74 33 147 39 79 51 53 57 24 129 1 120 
6
39 72 52 93 27 57 
7
22 87 95 76 5 101 148 
12
69 18 143 94 16 20 116 134 70 11 75 74 
6
73 11 80 51 69 23 
18
134 27 36 67 101 24 120 52 31 29 103 53 79 91 25 51 23 7 
13
11 67 3 66 13 130 126 77 107 78 41 55 124 
10
27 25 102 115 21 35 74 77 95 111 
18
27 50 41 13 139 6 46 47 94 150 128 126 113 96 88 119 73 131 
18
75 25 121 87 129 99 104 40 54 34 66 58 24 47 20 12 84 114 
15
34 133 70 75 33 13 107 69 150 120 130 148 138 108 12 
9
60 27 134 8 92 25 79 65 12 
17
130 4 70 47 32 2 86 63 115 48 93 66 54 128 88 94 143 
2
47 55 
6
62 57 117 10 113 124 
12
111 12 136 33 77 2 89 82 20 118 133 128 
18
81 91 58 24 87 123 104 48 28 55 131 134 105 146 83 130 132 52 
9
111 65 55 146 64 112 13 147 108 
18
136 127 62 6 35 129 45 138 8 97 93 112 118 2 121 140 148 33 
2
140 100 
4
45 50 133 13 
13
1 105 150 77 23 19 30 108 82 111 42 52 107 
12
4 79 51 82 55 53 150 24 148 56 81 50 
6
46 141 91 8 71 138 
17
100 86 7 97 121 15 147 68 99 116 4 126 94 88 87 21 12 
16
97 102 112 65 14 105 94 146 98 23 37 9 70 2 134 138 
18
41 100 13 121 143 77 44 107 34 115 61 134 9 50 110 127 46 87 
19
147 81 123 57 2 35 70 16 10 6 86 131 42 59 74 90 128 114 38 

