150 30 
4
71 50 85 20 33 17 76 83 87 62 40 12 2 40 1 15 60 1 34 61 94 43 80 4 8 100 64 42 43 75 76 56 17 72 25 80 91 6 14 98 19 14 6 70 57 41 9 74 88 31 67 94 82 72 78 80 63 96 84 29 80 16 14 6 49 62 98 29 51 47 93 66 71 46 47 79 56 92 65 10 39 74 46 89 14 10 30 47 61 62 85 90 74 29 16 3 48 35 23 40 98 22 37 100 49 20 50 46 6 15 13 95 81 19 87 34 49 67 61 19 33 96 92 81 2 18 23 15 86 37 98 98 73 83 20 88 58 99 21 5 72 8 55 9 100 24 27 89 6 54 
84 69 29 61 12 21 28 7 34 19 73 72 68 45 75 70 70 53 30 27 47 91 50 72 1 40 78 37 46 21 12 29 78 7 22 18 86 42 8 6 85 83 39 81 36 26 73 44 54 16 18 66 42 4 87 32 57 78 47 92 16 60 20 5 73 73 60 11 13 56 97 47 69 4 82 21 78 75 60 89 24 2 69 27 27 90 75 33 42 88 59 2 28 38 47 65 65 87 45 22 48 39 53 63 64 19 9 78 39 15 53 7 6 3 12 34 90 100 25 56 28 61 15 88 75 95 68 74 41 28 10 99 7 9 32 34 2 50 36 82 80 48 59 20 35 57 34 37 58 20 
62 70 7 79 13 83 28 57 50 100 93 1 35 92 23 29 77 15 12 69 73 41 85 92 67 15 76 4 7 15 11 24 67 97 31 64 51 47 6 75 2 63 86 96 44 83 92 57 87 68 40 81 71 41 83 29 20 72 53 98 51 83 57 47 49 95 23 88 85 43 85 61 83 23 1 80 94 2 38 9 92 3 2 91 70 99 38 98 51 29 66 50 57 28 90 29 26 85 83 100 31 1 41 34 4 38 64 24 80 8 23 93 19 3 8 81 52 5 37 49 63 53 39 7 15 63 8 21 70 7 94 29 7 50 92 48 72 50 56 96 100 33 46 41 77 21 23 34 25 2 
81 69 79 75 25 43 22 27 47 54 56 30 97 52 46 70 9 70 83 23 98 89 33 24 84 44 9 50 40 61 49 45 42 1 5 84 71 75 55 94 19 32 100 23 27 49 20 7 39 81 70 36 86 97 91 97 78 22 85 61 54 83 5 4 15 18 72 9 27 80 34 3 66 94 47 31 39 43 29 41 74 43 32 34 94 60 5 37 83 2 62 22 64 17 17 72 38 79 29 91 63 27 87 30 79 16 30 39 89 58 8 36 69 49 61 4 86 37 84 61 97 46 24 91 94 91 87 69 43 65 4 28 35 97 99 48 8 46 73 81 30 95 78 15 98 47 20 21 12 49 
3
143 62 73 
6
39 141 48 101 120 106 
13
132 39 40 129 143 63 4 118 96 27 58 88 145 
3
37 55 30 
6
65 121 66 128 146 15 
13
51 68 37 137 150 4 135 45 6 144 134 84 34 
9
127 102 89 12 109 136 122 72 110 
11
119 97 123 41 141 72 42 83 46 48 44 
8
32 7 54 102 4 52 97 104 
2
92 49 
3
29 134 75 
15
77 146 97 10 64 41 66 135 115 62 34 104 65 120 48 
4
21 22 117 29 
19
103 96 150 117 110 35 72 140 18 44 34 4 64 17 138 85 133 54 51 
3
87 36 13 
16
128 16 98 123 105 126 106 86 51 92 13 14 125 108 135 46 
3
121 140 66 
13
61 70 129 149 14 67 10 65 150 112 123 55 79 
3
5 124 144 
6
61 48 105 108 144 88 
11
46 133 52 120 51 14 106 108 68 57 104 
4
39 42 59 117 
6
3 138 41 78 55 65 
8
42 38 118 19 127 10 8 62 
18
78 106 29 69 7 82 70 131 46 98 20 84 148 93 112 117 34 68 
5
12 147 135 150 118 
4
145 73 105 118 
14
84 70 47 30 75 66 63 46 34 80 50 119 124 21 
9
121 46 63 54 79 13 57 148 34 
12
30 49 25 50 61 14 62 27 123 125 10 28 

