100 20 
4
93 39 10 94 47 53 20 22 61 39 92 38 94 79 72 63 90 41 26 68 35 93 56 76 9 49 59 60 32 95 89 1 77 16 65 82 59 38 57 34 68 20 70 21 62 15 91 19 94 18 1 41 79 44 98 83 19 59 14 66 75 46 75 90 80 27 84 42 27 68 91 81 71 31 87 91 78 70 69 40 92 45 95 33 77 41 70 32 35 31 84 13 47 9 86 35 58 45 89 53 
10 59 68 52 47 88 74 39 33 98 60 39 65 17 84 31 20 44 74 19 28 26 45 52 87 5 3 4 60 3 77 82 57 91 82 99 47 92 74 85 65 56 60 53 63 53 35 15 34 10 23 80 71 85 83 14 53 80 65 53 46 5 27 25 58 68 96 37 8 66 49 4 31 78 38 68 74 96 20 22 38 38 12 72 77 44 60 11 91 73 54 84 71 11 60 73 94 53 96 50 
79 92 41 22 92 42 75 51 50 73 61 86 72 30 97 100 39 64 79 77 44 41 56 90 41 53 9 11 78 85 61 60 51 14 94 77 60 26 84 88 43 98 37 47 100 89 33 35 43 94 3 99 8 68 36 81 63 93 27 52 41 94 6 98 18 98 55 46 34 9 23 35 49 53 29 14 98 79 99 94 28 83 57 91 97 86 72 92 66 52 90 92 19 99 77 37 24 66 36 33 
98 33 88 56 74 82 16 32 67 51 77 38 62 49 71 55 47 66 41 22 30 22 39 95 16 40 50 96 46 23 88 28 57 90 99 87 66 93 30 75 95 76 15 53 25 96 91 14 91 46 39 80 25 94 4 97 78 59 50 83 13 44 5 77 71 69 69 64 74 70 49 80 70 46 59 20 73 54 30 16 95 50 47 3 34 100 79 81 62 71 60 50 66 22 22 10 72 80 38 8 
10
38 95 85 70 42 28 49 9 88 7 
2
23 47 
13
34 42 19 43 46 2 28 59 13 62 73 9 95 
16
87 57 13 85 78 99 50 45 34 24 56 94 19 40 90 21 
5
70 37 39 13 31 
20
58 51 14 29 28 36 50 78 32 38 89 57 43 62 85 42 84 69 82 95 
4
54 1 93 96 
2
84 66 
9
86 4 27 89 93 99 91 18 63 
15
9 1 42 72 78 60 36 79 57 97 33 92 22 76 28 
13
86 1 39 47 5 26 85 54 45 70 30 18 61 
10
53 52 1 5 79 72 47 49 68 56 
12
91 57 82 89 60 40 51 73 86 52 63 53 
7
41 9 6 15 46 35 2 
17
58 97 65 18 51 22 10 66 9 7 6 8 39 54 80 59 45 
3
78 89 66 
5
8 62 61 73 91 
12
2 32 26 70 39 43 31 19 7 68 38 10 
16
87 60 41 86 61 68 64 48 24 13 54 89 4 44 53 94 
17
15 34 87 90 86 72 52 69 6 97 37 35 91 80 51 62 45 

