100 20 
4
3 78 14 73 16 35 22 31 46 53 95 2 28 79 82 27 93 38 64 73 69 38 34 22 40 85 8 63 27 57 84 51 8 12 78 86 97 61 52 100 61 16 16 32 18 66 97 72 33 36 59 61 27 99 88 19 12 22 98 90 72 14 20 72 98 18 33 45 11 69 60 84 53 55 5 92 22 62 75 76 19 37 92 7 78 8 86 6 12 96 19 66 18 66 70 80 56 86 93 8 
48 87 56 68 89 1 44 68 58 43 34 27 93 86 58 72 43 59 40 17 36 1 95 48 14 99 40 19 21 73 14 48 81 79 4 40 20 50 33 63 48 77 24 91 44 72 24 69 30 95 19 19 6 18 60 92 18 78 14 61 34 48 54 46 15 62 24 16 13 60 8 10 55 17 95 28 56 53 10 99 44 3 92 61 56 95 68 38 17 2 83 29 91 16 32 80 87 90 70 33 
77 28 29 59 68 72 70 74 67 93 71 65 80 49 31 56 89 17 6 33 70 10 22 20 3 45 72 23 23 43 80 43 59 63 94 93 49 79 75 9 81 3 82 69 78 28 91 60 36 19 55 46 13 62 33 58 58 11 38 35 70 47 96 49 4 74 44 9 51 61 52 73 36 56 62 91 28 45 74 81 39 7 65 24 29 90 63 34 7 72 68 75 6 58 22 56 61 48 90 34 
74 59 37 73 63 4 50 44 44 6 32 2 27 77 58 21 1 94 57 70 72 38 100 14 69 7 71 71 46 19 66 15 72 26 36 51 78 29 32 26 32 88 48 89 18 90 47 15 64 17 71 95 79 73 26 45 43 84 80 24 48 6 1 25 19 44 24 3 57 63 27 90 44 54 63 60 31 61 69 29 82 17 93 6 42 99 56 19 82 86 45 4 90 98 57 96 81 72 40 13 
20
48 93 19 38 66 62 83 64 14 57 6 32 47 67 97 72 69 61 89 68 
9
31 92 35 30 46 58 11 34 68 
19
99 35 75 52 42 82 63 24 78 53 81 17 56 58 97 38 71 15 100 
18
49 83 39 82 28 16 40 68 45 60 31 22 46 85 96 14 62 50 
16
80 89 36 35 13 39 53 54 4 91 5 70 18 78 76 21 
18
64 9 40 68 2 38 88 75 45 47 67 70 72 62 49 74 19 20 
13
18 59 20 80 44 85 40 90 89 24 51 7 61 
7
37 47 99 84 17 95 33 
20
78 91 37 50 46 1 6 47 30 38 35 58 22 94 96 85 39 57 18 20 
14
85 84 81 54 98 28 8 29 75 32 58 6 80 35 
17
75 38 60 23 84 72 51 90 66 68 57 88 94 25 69 61 73 
11
64 47 69 85 89 86 2 31 96 33 8 
12
54 61 98 91 58 100 68 39 25 22 40 32 
11
41 47 75 58 6 91 74 44 3 96 35 
14
44 15 70 76 34 2 59 20 61 23 4 68 41 48 
6
71 22 66 69 14 98 
17
88 6 18 35 37 61 26 57 2 10 24 86 90 5 14 13 54 
20
49 23 9 33 28 22 43 37 4 70 20 99 81 67 44 19 83 100 80 90 
14
58 16 12 84 33 93 2 64 80 86 63 92 4 29 
11
47 100 81 84 36 13 53 91 90 12 97 

