175 35 
4
39 13 52 73 90 89 49 46 93 53 47 33 72 29 68 71 1 61 97 93 84 14 41 22 13 97 7 51 6 33 39 17 36 1 86 58 70 12 72 77 60 52 54 67 14 51 16 29 88 60 25 59 68 41 41 70 11 40 7 1 35 99 84 29 56 62 63 59 30 29 22 43 90 81 91 27 43 55 91 92 53 42 33 48 63 83 71 44 41 64 15 34 48 38 74 8 25 70 73 87 80 85 97 90 29 65 41 5 66 77 100 93 75 76 88 19 60 72 88 55 17 47 18 94 15 44 55 84 60 73 52 51 33 25 92 47 23 98 45 51 96 44 42 2 55 6 77 85 70 11 65 64 5 32 81 95 68 44 99 58 65 94 96 14 72 83 4 92 73 17 86 17 51 6 64 
80 94 29 87 41 96 6 11 12 34 92 55 35 67 60 32 80 84 85 14 92 85 32 53 38 2 34 46 44 6 29 80 100 29 90 29 93 80 29 12 83 7 99 22 83 72 17 62 97 73 20 90 99 24 34 92 47 36 29 5 87 12 51 94 87 10 41 85 38 83 62 54 51 58 6 59 36 46 90 83 32 20 50 34 6 24 1 54 73 79 96 3 48 96 20 47 84 66 60 32 38 17 6 63 99 82 93 23 2 48 52 52 42 69 88 19 37 30 80 40 8 31 55 15 57 100 76 5 49 26 52 79 21 17 45 54 41 23 12 11 95 78 36 62 5 71 58 62 94 16 92 43 21 11 37 84 51 25 53 97 95 78 3 33 90 99 61 53 2 82 48 95 15 2 22 
97 5 99 18 46 42 74 75 40 4 62 66 84 79 44 4 22 37 42 1 34 20 54 7 47 40 98 82 49 4 4 100 28 97 98 20 49 47 12 66 93 62 8 32 8 11 81 69 65 84 36 38 31 98 77 98 46 55 19 68 67 6 28 79 54 92 33 76 35 41 67 92 40 83 79 61 63 91 58 73 18 25 26 37 93 16 95 86 93 69 33 67 49 19 83 86 52 61 10 79 27 10 91 39 91 69 54 23 76 36 16 80 35 42 66 36 10 83 44 6 63 66 29 94 27 68 49 85 25 95 66 100 55 85 54 70 93 41 60 94 27 64 47 25 39 28 71 73 59 10 83 50 50 95 74 99 44 28 89 58 14 14 84 28 99 31 65 65 46 29 95 50 5 36 39 
64 53 93 51 7 9 38 20 37 32 53 52 28 21 62 65 32 54 17 18 47 29 13 87 54 77 26 60 10 27 51 5 71 100 98 16 37 4 52 65 61 29 15 95 11 10 56 82 10 32 44 32 31 69 38 56 76 54 69 77 64 84 3 82 39 43 80 74 42 38 83 78 98 30 17 16 35 39 97 40 10 6 30 22 51 53 93 72 37 77 88 64 20 78 62 83 100 96 54 60 21 48 14 26 29 55 11 96 5 69 56 15 83 34 67 19 83 42 75 52 6 55 85 19 60 91 6 48 81 40 49 54 30 66 73 83 7 15 56 10 11 4 100 88 60 73 66 44 61 20 7 35 56 20 64 43 18 28 77 24 72 22 75 15 16 39 18 33 31 100 23 38 8 97 10 
14
61 89 147 73 148 131 114 84 10 132 85 50 22 94 
20
117 137 41 101 126 150 70 46 173 160 154 110 31 45 143 122 105 30 145 164 
8
133 116 59 41 100 91 47 139 
5
57 153 120 95 172 
10
175 119 39 122 87 143 118 77 2 150 
18
2 95 53 50 169 3 23 78 55 136 174 5 119 11 172 45 118 36 
11
133 113 108 22 95 1 168 100 85 140 5 
15
62 112 18 43 42 40 114 134 72 84 147 24 25 99 37 
13
88 140 121 43 58 138 18 22 150 104 147 99 46 
4
7 114 152 95 
5
56 108 158 142 119 
5
79 96 107 109 48 
6
102 141 83 159 36 63 
6
163 123 27 160 60 150 
17
79 62 164 40 107 28 148 25 104 42 77 99 128 31 115 174 118 
20
40 172 162 37 115 48 25 160 107 141 66 146 24 56 69 1 105 139 111 94 
10
90 32 123 85 94 77 116 89 141 145 
19
145 159 58 173 146 14 84 30 96 75 82 136 135 42 61 35 90 148 125 
4
34 106 112 38 
12
110 131 38 171 59 18 58 71 115 68 75 164 
9
34 53 138 25 14 1 11 62 46 
10
32 16 2 87 116 115 81 98 28 80 
9
10 7 172 1 72 67 136 156 169 
11
7 32 28 59 63 71 146 138 104 76 26 
10
38 77 59 107 102 92 119 122 120 41 
19
88 20 110 24 112 125 52 79 111 163 169 90 6 113 70 25 164 46 69 
12
65 20 18 29 24 160 85 125 70 104 170 154 
18
43 127 101 59 94 8 32 161 44 171 4 61 21 169 36 103 16 91 
7
102 55 49 133 88 15 48 
11
24 5 78 149 99 108 64 110 21 111 85 
19
123 27 112 46 63 111 160 126 170 22 25 50 92 90 31 145 89 124 107 
9
17 168 131 14 124 160 115 146 10 
9
136 134 43 11 47 79 146 107 112 
12
15 134 141 157 86 30 163 58 16 43 160 51 
8
56 109 19 54 167 71 135 104 

