175 35 
4
29 67 47 23 37 2 4 37 23 68 82 15 61 88 65 89 19 8 15 78 58 65 41 16 73 88 48 90 8 3 25 83 92 17 33 92 28 45 31 70 51 74 82 21 77 50 93 30 32 63 18 2 75 74 15 30 70 1 18 23 67 73 21 61 8 31 72 29 10 96 40 9 28 76 10 93 81 5 13 10 4 10 98 83 50 51 87 74 62 14 57 66 38 61 50 85 16 29 77 50 88 51 26 53 61 51 74 84 30 78 13 63 36 3 27 10 6 43 78 19 3 96 15 75 14 32 30 39 1 82 4 73 57 77 69 88 11 17 59 45 4 82 71 47 34 43 4 35 56 40 98 61 48 68 30 3 25 95 78 77 52 91 35 83 32 18 79 95 6 10 13 1 71 11 15 
90 95 48 59 32 97 83 17 64 79 39 78 61 19 34 42 80 4 81 87 59 3 70 77 68 31 37 89 86 24 33 1 75 25 73 28 81 8 69 84 84 35 9 96 85 57 27 17 78 8 58 96 80 60 23 72 100 44 21 1 14 4 49 7 61 6 86 45 38 42 69 32 72 2 81 82 85 57 27 51 8 69 33 13 78 42 96 80 42 88 30 24 28 62 36 57 99 21 5 28 98 25 69 36 39 69 93 21 26 37 61 85 45 86 45 82 6 79 71 68 48 57 65 14 89 46 50 6 10 86 13 72 10 72 57 77 80 6 27 84 83 89 60 93 26 39 45 72 30 21 71 24 25 94 62 38 86 67 24 78 67 52 67 92 29 63 69 18 44 37 84 45 57 35 6 
98 14 83 92 4 77 88 19 5 22 80 90 95 50 23 16 15 96 3 86 5 78 60 77 21 71 83 23 39 21 32 6 47 82 90 88 6 24 83 69 89 56 33 26 19 7 90 26 63 40 38 100 3 51 41 52 20 9 22 40 22 19 51 6 22 35 71 72 33 87 33 67 12 65 95 7 46 4 72 25 74 83 3 8 44 100 96 83 65 52 87 16 28 24 59 62 98 52 2 60 58 39 24 13 1 68 61 17 15 68 23 61 20 49 38 67 38 21 57 25 52 72 1 96 97 84 55 3 91 59 65 72 37 24 96 84 91 17 52 23 15 94 28 70 13 18 76 86 41 24 49 17 99 27 100 33 97 5 61 32 9 20 11 49 35 81 15 19 10 43 8 77 27 30 95 
36 48 14 2 80 38 12 47 33 59 27 77 33 22 13 71 75 17 70 99 30 83 58 92 16 4 26 8 4 51 41 82 39 50 76 97 78 6 98 16 80 67 15 94 32 71 51 29 37 93 9 13 72 99 16 52 19 94 73 41 18 98 85 86 28 41 68 77 90 89 72 23 28 96 19 30 47 59 55 77 80 59 11 23 55 92 38 81 64 13 31 28 93 8 8 55 37 98 74 1 64 86 68 1 37 4 13 56 56 88 16 13 84 45 83 55 35 59 60 24 48 68 10 20 19 99 40 10 30 60 77 64 85 91 15 95 37 50 85 44 45 8 77 26 76 91 98 84 30 93 30 58 33 93 83 80 30 37 50 54 19 66 6 64 69 3 47 8 90 30 36 28 81 22 87 
20
133 15 65 24 23 124 121 28 78 60 61 159 70 118 53 84 117 27 109 51 
8
93 115 89 113 39 129 53 20 
15
9 25 163 100 157 105 32 22 164 31 41 67 152 90 29 
7
114 81 7 24 136 14 139 
13
81 110 72 155 20 138 130 161 39 59 156 10 54 
10
55 96 105 76 59 85 38 39 121 125 
18
73 3 26 116 45 169 141 155 135 128 142 146 22 150 132 157 25 4 
4
99 31 148 157 
9
97 96 125 16 36 174 104 169 123 
17
116 133 82 37 36 144 112 106 84 25 105 148 16 169 170 174 155 
5
46 98 94 168 134 
9
64 5 3 110 68 125 143 89 74 
10
175 65 81 110 174 109 71 32 59 157 
17
39 24 70 161 147 104 60 40 85 46 86 28 82 79 102 155 2 
17
3 5 29 40 152 129 47 9 48 173 157 102 164 26 151 78 120 
18
146 3 110 148 44 33 101 32 14 31 170 37 58 57 64 139 54 67 
19
68 130 92 76 91 100 74 96 53 142 40 172 171 138 170 156 139 160 56 
14
104 25 90 106 15 133 26 29 159 83 18 103 9 155 
15
101 79 170 52 153 81 147 55 106 13 32 105 31 142 107 
17
53 70 96 27 111 69 166 168 10 59 71 13 119 103 161 66 72 
3
45 159 4 
16
146 8 171 45 97 108 54 65 41 138 159 60 66 10 1 89 
3
69 146 103 
20
7 74 61 48 28 55 44 58 116 124 156 37 98 104 167 83 75 100 122 52 
2
127 65 
9
164 115 32 30 91 15 13 135 119 
9
112 67 158 116 81 76 135 131 104 
9
52 171 62 32 113 101 108 16 120 
16
148 128 117 173 169 9 53 73 126 74 149 17 171 70 21 51 
9
6 69 116 97 115 145 165 161 117 
20
95 136 8 14 21 109 40 165 64 20 77 85 162 170 78 123 80 150 51 139 
6
111 139 72 147 113 162 
19
145 45 81 133 16 125 40 157 35 163 174 94 84 80 129 175 66 169 149 
10
36 67 4 126 151 174 10 73 153 53 
6
151 49 31 62 2 53 

