175 35 
4
69 28 58 100 71 83 23 55 11 9 27 85 28 80 88 56 46 86 5 25 89 45 47 36 31 5 57 61 64 92 76 5 13 52 55 78 94 29 58 69 12 88 82 58 100 70 72 64 32 81 27 32 62 77 1 93 65 92 66 66 67 73 38 28 94 30 58 32 8 69 20 43 28 40 5 75 10 52 66 83 33 47 62 93 8 99 61 37 76 41 28 45 43 55 92 56 41 29 29 34 67 87 44 5 61 24 72 2 15 44 80 5 12 57 66 8 85 93 13 35 15 36 2 56 95 72 19 44 31 59 12 64 44 7 95 66 39 90 95 44 2 56 53 82 2 49 94 79 12 80 94 29 62 95 71 87 95 46 23 30 63 25 14 98 48 54 49 48 43 30 33 32 50 40 68 
60 66 10 18 27 60 35 65 4 39 73 27 8 86 72 44 27 93 64 29 30 81 53 26 61 20 82 26 37 13 53 95 6 59 21 86 93 98 99 62 55 80 4 54 22 38 66 4 92 46 85 86 65 28 44 66 92 19 17 77 20 8 92 84 52 77 23 92 18 18 1 48 36 54 63 32 80 45 57 5 89 40 76 14 70 3 7 59 34 95 63 72 64 12 90 68 55 15 96 80 67 24 43 3 59 83 34 38 47 66 83 62 11 47 70 12 89 34 95 34 48 66 62 53 22 54 78 21 18 85 47 68 80 62 49 38 94 51 47 6 91 7 31 64 88 16 64 50 35 53 39 17 90 83 67 6 28 56 47 87 41 80 12 13 98 69 93 82 68 26 48 55 2 1 89 
4 21 23 30 99 62 98 11 26 46 85 77 48 75 86 2 68 71 40 20 50 76 68 24 45 39 46 23 59 63 85 99 43 45 35 48 7 74 90 41 63 71 78 74 75 51 65 68 11 5 77 47 100 36 21 7 28 95 20 11 2 66 27 58 33 97 27 100 78 9 65 47 30 30 94 88 53 70 90 44 32 29 33 13 66 82 63 53 57 55 19 60 11 33 3 8 87 21 21 31 38 29 16 8 50 2 12 80 66 14 42 10 66 27 34 98 26 15 21 32 84 46 41 76 42 60 53 6 16 39 64 100 95 64 26 4 97 73 48 11 57 27 3 24 74 29 1 93 53 74 81 43 30 13 66 83 61 50 65 77 39 43 9 30 77 4 98 10 94 72 60 72 64 69 81 
74 24 5 13 21 48 97 48 92 22 8 44 84 33 11 43 90 31 9 7 38 9 80 96 71 11 51 93 73 25 53 80 97 27 76 16 81 43 47 71 67 22 83 37 13 58 48 93 74 81 27 15 98 54 69 96 61 30 50 99 7 20 45 80 66 44 91 17 7 99 12 39 62 3 25 24 37 17 56 33 51 96 87 24 91 31 58 3 55 24 1 22 16 41 30 48 54 41 6 59 16 94 41 42 39 42 52 74 8 63 64 71 69 25 55 30 75 47 85 68 38 27 42 10 27 73 92 26 26 31 98 62 34 59 36 23 3 94 76 74 12 92 44 5 21 81 62 22 71 50 96 20 13 27 88 28 39 45 66 13 2 13 2 92 23 79 57 88 42 67 71 33 18 48 45 
6
103 41 108 115 166 69 
4
103 154 172 57 
20
124 98 26 149 2 48 47 143 31 75 23 80 67 30 111 4 94 91 8 116 
15
143 69 172 13 113 48 57 119 125 80 120 148 160 130 24 
8
50 174 11 157 20 64 13 57 
8
163 25 74 93 2 154 172 44 
20
99 49 170 138 167 115 85 19 43 112 39 11 42 150 81 51 71 20 10 7 
13
108 89 153 76 106 83 142 98 129 79 46 104 58 
17
147 47 169 132 173 148 37 94 102 141 21 31 162 49 114 87 41 
12
169 144 119 105 6 43 145 115 16 58 53 141 
13
174 95 157 71 73 122 112 17 63 135 124 125 115 
12
46 105 131 7 113 81 54 82 133 174 43 159 
19
8 153 100 161 40 114 61 98 76 75 117 138 118 54 89 160 151 19 120 
14
9 125 37 88 80 64 21 95 19 58 32 36 124 39 
11
94 52 37 60 75 107 153 141 30 90 142 
15
5 100 8 136 32 151 97 127 160 70 131 69 146 149 98 
2
99 136 
13
144 55 135 25 65 130 127 97 168 70 17 6 124 
3
102 168 159 
19
41 55 135 132 1 27 117 28 72 12 69 105 91 151 68 130 160 9 15 
3
76 88 35 
19
43 121 19 157 173 117 90 53 95 41 136 164 170 131 32 30 1 26 54 
11
123 77 65 30 173 35 135 88 113 16 143 
4
153 37 114 88 
10
101 74 140 155 75 134 112 7 125 169 
3
150 66 103 
3
12 166 78 
18
150 71 171 25 107 86 87 61 38 4 45 146 134 8 64 142 100 24 
11
64 122 15 137 21 141 5 121 148 157 19 
11
75 25 66 154 45 136 101 15 128 153 85 
20
50 63 96 62 86 171 15 30 77 100 65 175 70 18 147 4 102 26 156 157 
6
133 147 130 73 61 11 
6
165 155 137 43 129 156 
3
62 154 30 
20
21 172 28 163 4 91 147 59 23 137 63 108 47 173 130 131 72 15 57 67 

