175 35 
4
84 49 52 66 61 53 40 72 83 51 12 18 13 79 43 4 22 5 43 60 69 21 42 40 53 19 29 44 38 62 62 14 10 63 35 94 89 60 45 42 14 59 54 61 38 23 44 91 58 31 65 7 23 92 29 10 90 49 45 70 5 73 15 84 3 46 96 50 63 28 95 87 13 11 91 94 38 34 4 33 83 92 12 57 81 18 76 64 25 13 8 1 91 85 76 22 24 15 68 64 71 12 41 46 89 99 15 17 50 20 52 60 58 37 43 39 78 83 8 83 40 84 66 17 16 56 16 74 93 55 95 68 100 94 4 82 3 15 34 86 71 60 35 83 69 56 41 91 23 89 65 19 93 100 18 46 3 77 55 38 96 88 41 54 95 6 64 72 31 83 94 90 8 50 9 
89 20 61 48 4 70 1 47 34 94 33 19 68 87 82 84 34 2 72 2 27 2 83 55 22 30 79 52 51 91 22 8 51 78 82 89 97 49 73 22 67 11 83 29 57 69 38 55 21 75 73 2 31 75 29 59 43 24 61 28 89 73 49 34 67 17 52 12 72 1 4 20 3 83 93 19 48 8 36 89 82 16 39 97 60 31 84 75 90 29 77 71 9 21 33 23 86 78 15 94 10 37 68 48 12 38 68 87 84 12 38 67 2 2 49 79 67 73 14 65 67 20 92 11 86 20 77 45 57 20 5 57 95 47 73 61 68 24 13 28 33 66 85 41 50 48 15 27 30 33 76 15 16 28 12 89 33 25 76 98 73 39 82 5 36 47 96 18 21 47 15 45 78 24 16 
12 84 87 50 29 70 72 33 54 71 6 10 70 30 67 32 75 64 65 21 33 99 76 61 86 40 39 10 90 62 66 27 91 78 94 60 80 45 79 66 48 3 2 76 26 97 20 88 81 25 99 60 94 14 74 70 15 13 53 53 70 87 49 11 34 48 95 29 28 2 25 43 58 100 59 40 91 71 92 17 51 17 70 8 21 100 45 74 64 47 94 93 36 18 76 77 45 22 51 80 11 22 26 97 2 74 34 31 63 49 54 49 13 20 12 37 25 69 21 85 58 70 91 83 9 61 64 82 83 48 98 89 46 93 53 28 14 30 54 45 97 40 21 78 30 18 4 89 81 43 64 21 50 22 5 25 86 55 28 45 40 69 91 33 37 47 35 18 88 98 4 58 22 80 20 
50 62 22 38 60 73 31 71 85 38 12 61 37 75 75 18 12 7 20 4 96 21 72 5 74 2 70 86 28 90 33 2 53 9 26 80 18 83 59 48 79 54 24 57 63 45 77 29 86 17 65 29 79 83 86 5 9 50 58 89 2 71 35 84 64 64 71 2 19 6 99 30 38 96 75 27 57 12 3 97 57 12 69 31 88 35 87 37 91 50 42 23 65 69 100 61 82 97 72 93 44 71 94 61 12 62 1 14 91 90 82 59 36 86 46 53 48 28 34 18 5 21 4 56 26 58 37 51 2 14 76 51 50 53 30 84 16 48 66 41 58 72 54 1 100 58 57 99 31 50 99 62 33 14 1 16 46 12 67 93 61 58 46 14 8 10 31 80 94 62 21 25 72 11 100 
16
116 60 165 18 28 19 25 123 3 44 34 161 131 105 21 139 
19
160 31 121 22 73 149 74 130 83 98 153 139 81 173 137 45 10 77 146 
12
103 81 58 64 46 170 78 131 116 80 62 160 
15
50 175 98 158 78 104 56 161 46 47 127 72 95 133 171 
7
14 134 92 50 45 167 30 
3
89 116 174 
15
82 162 73 27 100 95 122 48 21 46 90 117 159 120 38 
17
35 64 128 174 75 54 44 14 52 39 43 9 59 82 162 63 25 
2
113 93 
19
7 172 27 117 42 147 73 76 166 92 132 152 5 107 159 55 3 113 75 
15
89 131 26 78 124 122 154 92 14 35 36 31 3 2 49 
8
61 132 103 15 31 88 98 55 
17
84 96 17 115 116 173 36 164 123 160 107 87 144 35 86 27 172 
4
160 162 103 137 
18
65 79 108 144 92 1 24 165 154 99 90 87 152 27 81 19 175 115 
8
52 35 137 79 75 64 145 51 
4
116 45 114 106 
11
9 41 40 161 8 123 59 103 132 58 91 
17
111 77 132 126 172 133 55 59 18 158 15 31 51 151 83 145 56 
12
61 113 157 6 122 33 68 117 118 50 10 23 
9
35 67 60 127 115 61 110 154 120 
20
5 78 118 53 33 10 99 122 7 156 174 31 104 19 132 102 111 44 83 48 
3
72 138 142 
18
1 28 73 130 143 16 63 123 48 161 35 153 13 163 88 106 140 89 
4
42 76 47 31 
3
41 130 89 
7
47 97 16 147 159 124 74 
19
98 12 6 22 97 43 172 28 45 157 111 36 126 134 151 21 165 162 3 
14
7 86 142 125 97 99 114 81 82 94 64 164 127 141 
4
18 57 102 139 
3
120 59 2 
9
75 155 82 104 46 10 117 113 157 
5
87 153 5 85 78 
19
123 69 132 91 146 87 24 85 129 31 131 12 14 167 76 37 97 135 28 
11
101 45 92 28 11 132 129 104 158 116 145 

