175 35 
4
56 28 12 84 91 52 35 20 62 62 35 99 66 75 57 72 2 59 10 5 78 4 28 24 66 83 78 78 77 47 85 79 21 8 57 24 53 55 21 69 50 82 40 79 29 2 44 1 20 74 33 25 51 29 14 15 15 79 79 89 2 41 64 8 19 33 25 100 41 34 38 56 89 65 22 19 62 93 26 63 23 13 71 18 3 72 93 44 75 91 3 100 51 53 6 50 23 94 96 77 33 96 81 3 31 1 42 44 36 31 36 75 7 80 35 21 75 72 86 28 15 70 56 59 32 59 28 7 4 28 24 42 64 89 40 35 82 50 68 44 5 16 17 96 87 95 57 32 14 20 78 43 12 95 70 9 54 2 59 60 45 30 86 96 18 91 46 81 16 95 43 3 32 26 17 
85 76 4 15 79 67 4 68 55 71 32 81 49 32 81 84 35 23 51 18 7 55 34 17 25 39 45 10 43 16 67 58 88 36 58 94 100 8 38 87 19 63 47 32 61 41 51 90 18 80 36 9 98 32 38 47 22 73 10 97 61 39 68 9 34 35 94 78 74 42 91 36 83 20 98 99 56 38 50 23 55 41 32 18 79 94 26 72 89 37 57 91 36 97 42 52 40 9 4 13 65 57 86 54 24 67 75 54 91 35 50 16 2 64 27 48 88 53 42 13 72 71 49 84 32 64 97 15 29 35 46 99 30 49 30 13 68 99 55 5 40 93 6 56 84 26 48 28 37 60 67 27 62 3 56 88 54 65 53 72 7 29 61 72 71 85 32 27 62 75 61 16 66 65 100 
54 43 59 79 36 62 31 64 89 81 15 74 22 48 63 18 17 40 11 17 21 18 83 90 48 84 21 80 56 76 1 32 76 22 37 12 12 44 18 82 77 68 12 9 74 52 91 28 40 1 62 55 64 20 41 10 39 72 62 81 15 100 35 98 5 64 85 7 67 22 25 48 73 30 79 16 45 41 98 70 64 46 81 87 94 71 80 61 5 95 51 6 97 59 48 22 53 49 41 2 29 81 65 51 34 63 99 52 37 5 100 52 23 10 81 35 80 11 100 98 67 47 62 19 27 94 15 91 83 95 16 12 67 10 50 49 58 17 55 20 90 31 23 11 51 62 15 52 21 28 33 79 2 76 17 1 74 100 65 87 79 61 22 27 21 26 54 12 69 84 18 19 87 79 74 
58 57 55 42 92 66 51 24 54 11 49 93 9 7 84 4 77 86 72 95 96 44 87 78 42 31 34 36 82 4 32 1 81 38 11 80 97 36 35 6 36 93 69 11 39 37 1 72 50 72 65 95 16 78 32 12 87 57 90 95 16 29 50 64 84 41 77 26 54 95 89 43 63 51 34 53 51 46 23 85 9 1 4 69 73 60 86 29 92 88 18 21 77 39 83 36 78 32 82 97 85 26 80 69 95 82 30 89 47 84 13 37 79 30 86 72 72 32 12 87 69 31 70 85 12 12 65 68 6 78 84 94 91 1 57 24 44 97 26 11 45 55 10 38 52 28 11 15 41 61 3 5 46 93 54 22 94 70 98 42 82 14 8 6 4 45 79 63 36 97 71 71 46 8 67 
5
17 150 62 89 72 
8
76 36 98 21 50 169 147 6 
5
98 156 30 127 11 
6
85 96 167 175 64 54 
2
4 154 
19
5 39 3 165 129 34 37 112 74 43 54 21 56 70 60 51 159 80 120 
9
47 29 156 74 108 20 150 123 75 
15
165 170 93 35 115 136 142 139 74 40 126 137 106 75 9 
15
90 43 57 147 15 88 75 97 169 149 65 106 92 67 98 
13
82 91 167 69 10 148 7 127 84 83 48 117 38 
20
5 45 109 89 133 120 155 124 47 122 101 13 144 174 143 22 119 52 117 98 
19
118 50 51 154 96 102 119 70 172 18 12 147 161 7 97 158 46 133 75 
16
55 163 164 137 79 54 24 149 18 125 47 17 99 81 170 166 
16
19 87 45 97 140 165 114 163 69 153 95 72 12 144 148 164 
4
158 167 103 165 
10
57 134 136 27 144 165 108 91 4 104 
8
160 50 146 6 108 97 150 118 
3
15 95 77 
2
137 111 
7
159 106 70 19 146 69 108 
18
21 143 60 118 145 87 26 65 84 50 88 79 69 168 123 91 96 120 
14
62 124 80 44 34 144 126 137 115 37 127 139 24 49 
8
174 155 137 32 45 61 38 105 
16
52 163 73 39 103 42 142 100 90 53 17 106 8 139 88 41 
14
3 7 97 161 70 9 58 34 157 45 81 143 126 27 
10
16 43 66 20 74 102 5 175 2 91 
11
6 48 55 44 170 124 13 94 117 74 4 
4
11 14 79 165 
12
19 162 157 105 62 166 140 74 158 151 96 72 
2
53 109 
12
143 82 135 148 126 151 69 33 166 168 91 124 
3
50 98 61 
6
87 158 64 10 118 155 
15
82 65 62 117 61 155 73 75 72 56 31 69 89 157 38 
6
29 52 115 140 110 98 

