150 30 
4
88 81 14 4 19 85 79 52 38 30 32 100 19 36 40 65 89 25 86 3 83 97 88 36 40 97 49 43 60 97 17 26 24 48 34 87 88 94 26 59 13 21 44 79 28 45 6 75 97 55 58 59 75 30 38 92 26 34 89 78 70 72 25 39 74 83 13 85 4 59 10 67 17 93 80 77 51 85 59 9 6 83 48 39 64 16 13 35 86 71 63 11 38 39 17 12 86 43 83 30 23 51 40 17 26 54 37 57 82 20 9 57 30 42 19 40 49 49 18 60 89 45 30 63 71 68 84 8 63 79 56 53 90 15 74 26 70 50 15 15 95 69 33 75 67 14 99 94 2 49 
99 15 32 1 6 32 8 23 36 31 25 29 25 47 26 32 88 28 98 1 79 63 69 48 66 34 5 75 70 5 79 8 41 85 87 21 11 61 1 3 21 22 77 72 48 45 73 47 21 45 19 19 67 8 80 26 74 94 31 52 37 98 41 57 26 33 60 97 9 23 99 51 61 19 35 68 78 95 9 87 98 26 92 82 70 81 1 23 77 87 94 49 25 13 60 54 89 84 53 55 47 4 25 70 58 71 92 94 30 77 54 26 59 15 52 99 52 36 55 22 44 78 50 42 39 18 12 84 43 48 37 13 13 41 52 55 80 88 51 57 92 58 24 36 83 8 90 11 81 42 
66 85 43 45 59 95 56 82 33 97 24 51 57 37 71 81 96 83 61 79 36 49 45 64 76 20 94 45 45 83 93 94 49 19 50 29 42 22 11 87 19 15 2 94 19 40 14 52 60 13 25 49 46 100 57 80 17 20 94 31 95 18 10 50 89 87 53 84 4 38 50 30 24 63 95 11 93 54 39 21 78 79 3 65 13 62 71 19 4 13 11 97 8 64 3 87 53 88 63 45 29 34 12 34 9 13 93 71 87 23 97 10 8 32 13 6 77 40 29 21 57 64 84 28 30 31 97 14 76 78 36 22 67 65 53 84 12 14 92 85 2 59 40 28 72 28 83 79 14 7 
60 1 49 3 56 78 90 60 93 48 13 66 98 34 13 69 7 23 13 74 98 24 81 88 24 38 46 59 13 58 93 93 13 39 36 61 20 36 92 75 26 91 46 27 78 85 76 72 95 39 9 33 53 37 58 100 25 34 59 74 63 66 3 38 85 27 36 23 61 74 37 66 62 82 90 9 41 20 44 77 55 17 48 49 25 77 56 72 43 74 75 89 90 51 45 80 12 40 24 8 41 39 53 62 33 36 88 48 17 85 18 82 69 61 80 82 70 20 24 98 35 92 32 30 94 10 83 11 75 55 15 26 49 37 18 74 61 73 9 76 61 24 35 91 33 66 10 99 61 29 
12
11 93 127 143 78 18 74 139 26 2 113 48 
9
111 129 21 33 31 58 99 68 47 
2
57 70 
19
43 18 99 4 98 42 67 85 45 60 134 8 75 95 71 48 143 137 101 
7
59 143 47 138 85 105 38 
11
119 75 69 139 8 100 61 68 11 134 10 
12
131 49 30 27 128 119 39 42 29 4 107 58 
2
49 146 
19
33 68 139 27 40 129 19 64 10 24 26 13 72 76 82 148 128 57 51 
8
96 89 52 113 31 27 49 132 
18
112 81 84 135 147 137 113 101 100 98 20 42 22 67 48 118 130 38 
12
144 73 43 104 41 48 40 92 72 44 79 27 
6
47 62 98 137 76 136 
12
42 99 105 7 101 90 13 46 142 77 113 66 
6
146 55 144 132 41 78 
20
97 62 113 92 51 75 50 91 20 11 56 106 34 67 107 103 24 96 35 22 
20
123 130 148 8 131 129 17 76 18 96 102 29 105 22 134 101 64 94 75 70 
4
80 38 105 48 
6
20 115 105 11 94 78 
16
116 40 29 64 20 25 53 140 10 95 137 143 61 22 138 132 
3
58 60 105 
14
8 124 77 83 72 100 114 105 142 5 106 42 52 20 
5
39 93 126 28 34 
18
105 69 52 25 59 143 114 12 41 29 36 33 119 99 141 111 80 144 
7
149 92 21 102 117 9 107 
4
133 115 45 120 
18
137 101 108 36 21 49 142 24 134 136 106 34 131 93 10 1 126 47 
2
43 118 
15
37 149 41 29 90 28 19 9 10 117 48 8 45 64 20 
6
142 23 18 10 15 66 

