175 35 
4
79 31 63 23 93 54 37 87 18 6 16 100 76 30 65 76 72 15 89 48 98 77 32 18 87 71 4 41 45 14 81 5 73 98 41 68 8 46 2 29 54 42 62 84 55 84 16 62 46 79 26 54 21 32 12 40 52 35 64 66 82 3 8 50 36 12 15 73 3 12 91 76 38 50 5 67 100 14 63 32 51 32 11 37 79 9 55 52 65 52 100 45 31 73 93 32 99 72 66 5 83 28 54 3 38 69 65 85 93 63 55 47 23 69 82 29 71 69 97 89 19 8 18 71 87 51 28 32 54 44 59 6 4 85 80 89 67 55 31 25 30 64 13 61 62 92 87 51 51 16 31 30 16 68 84 82 82 9 18 72 79 52 17 74 87 86 100 6 90 47 76 4 62 45 72 
96 94 99 25 17 88 67 31 28 64 79 43 94 59 32 73 3 74 93 76 68 59 92 16 81 28 2 56 37 74 9 12 89 91 32 19 51 37 12 65 5 45 11 9 72 92 97 66 44 77 32 46 9 60 69 52 51 60 70 65 43 91 6 67 14 78 16 24 25 67 5 37 4 68 38 27 7 18 79 6 67 59 92 55 13 87 80 29 40 60 1 86 31 26 37 79 11 43 33 67 97 4 31 89 82 30 13 35 13 75 97 46 24 85 15 77 3 35 37 10 87 100 20 19 29 27 90 54 97 71 81 36 3 35 32 7 48 65 39 17 76 1 58 66 9 22 77 44 31 16 97 6 5 45 19 68 13 43 78 71 81 19 91 42 93 20 5 47 26 4 66 6 48 20 86 
71 55 96 28 57 22 27 29 8 98 98 13 72 15 89 93 27 23 35 1 49 39 19 17 25 7 65 83 71 25 89 33 44 76 64 22 15 30 41 32 81 91 20 95 16 96 96 90 73 34 81 97 1 60 6 4 99 94 87 7 66 49 27 27 46 56 97 99 43 23 68 4 5 47 82 99 46 32 7 54 12 19 24 95 82 74 8 100 56 72 67 32 97 12 5 21 15 10 68 53 96 68 6 46 36 10 7 61 42 55 46 74 28 41 26 80 58 53 51 55 85 64 64 15 92 82 95 89 39 61 44 63 80 1 81 14 47 79 8 56 13 52 8 60 50 52 65 51 85 76 18 90 63 81 23 75 66 87 66 40 64 98 2 93 82 51 39 17 93 9 89 20 4 43 14 
1 53 7 56 95 76 3 4 16 15 50 66 91 64 14 16 49 83 68 80 95 80 37 71 19 31 47 18 96 8 91 32 46 74 40 46 10 31 57 94 69 91 39 54 20 35 92 3 9 35 33 80 28 1 34 90 74 51 11 13 25 7 14 79 20 70 73 54 74 93 94 22 57 99 97 69 86 61 58 14 68 96 62 73 89 94 79 47 79 86 63 64 57 16 93 57 17 56 96 14 48 8 45 58 74 26 3 97 43 84 4 31 51 41 24 8 12 14 23 61 8 54 39 23 46 59 60 57 57 33 59 86 40 19 71 82 32 70 85 11 95 30 35 56 3 64 45 98 12 100 67 62 18 83 50 45 73 45 93 56 23 95 36 52 20 16 58 53 28 99 70 69 30 67 62 
20
133 166 47 170 83 34 104 58 119 118 64 127 9 171 57 89 87 5 126 128 
8
113 83 118 67 37 42 81 61 
11
20 9 8 162 117 35 72 135 3 15 77 
10
94 83 164 109 54 52 65 102 60 64 
19
97 35 73 70 114 69 53 132 41 116 48 94 111 6 164 20 96 162 43 
10
53 91 114 141 102 98 42 142 90 121 
18
168 51 85 116 147 151 57 53 91 167 144 38 46 33 1 34 115 7 
16
3 124 144 96 23 93 108 131 5 162 39 4 70 117 148 134 
17
11 109 138 164 101 167 38 133 163 98 55 53 78 69 103 81 6 
4
171 101 90 155 
20
132 26 70 46 122 24 160 111 155 80 148 61 158 49 16 81 42 50 97 150 
12
8 79 50 31 106 138 134 133 11 84 75 113 
12
120 105 88 60 26 53 48 64 36 171 86 100 
17
81 142 170 49 163 50 105 148 162 10 117 56 65 9 95 26 102 
6
86 156 159 136 54 5 
19
139 147 7 85 43 42 5 131 15 116 103 75 38 93 35 108 6 28 82 
14
129 103 78 136 20 97 116 57 158 175 28 168 74 46 
18
154 143 40 81 6 100 169 134 132 97 92 62 84 57 55 163 1 148 
13
128 85 165 56 143 159 1 37 69 52 42 127 44 
13
109 116 78 62 175 166 120 2 140 72 130 125 57 
10
174 172 160 95 39 116 132 103 45 27 
15
59 141 26 67 60 43 34 2 110 131 109 14 22 52 33 
19
7 17 52 36 143 93 107 25 150 43 31 96 92 71 62 154 6 127 91 
6
164 29 138 2 20 64 
6
27 156 175 91 87 13 
13
115 119 11 60 18 23 75 32 87 95 21 19 35 
13
111 7 12 32 8 26 155 66 140 166 16 6 50 
15
135 144 157 122 55 14 39 24 169 129 3 96 137 58 125 
17
145 34 158 96 82 75 67 156 116 151 59 13 84 132 124 111 64 
5
105 91 150 54 168 
14
151 98 118 160 7 22 86 53 45 122 161 158 96 93 
14
13 155 92 53 141 169 123 51 14 76 174 65 61 60 
14
16 127 169 11 132 47 87 94 170 30 110 104 174 56 
18
68 21 92 24 136 82 16 137 156 5 96 33 3 162 154 146 104 110 
5
139 20 63 8 77 

