100 20 
4
27 61 92 20 88 38 74 72 11 1 13 51 75 25 44 91 99 23 62 3 69 49 54 50 26 72 99 75 54 84 25 98 43 21 85 71 13 23 87 92 44 37 23 70 17 77 93 38 37 90 85 7 70 93 65 84 81 66 65 82 86 27 12 61 44 84 3 29 22 36 7 48 56 50 59 96 44 46 61 26 22 63 28 69 100 12 46 65 19 28 96 20 1 63 30 76 8 49 81 45 
100 27 24 11 40 97 56 54 69 2 73 13 1 6 47 3 37 66 95 32 86 55 32 42 61 5 89 44 24 77 76 48 10 90 26 55 60 44 8 28 53 23 36 84 49 9 54 78 80 9 15 38 34 4 64 59 47 35 65 6 5 37 6 51 13 19 75 86 69 56 70 77 70 75 4 90 41 84 30 79 50 35 62 24 26 21 100 46 34 77 27 53 79 74 31 25 98 48 43 40 
51 32 27 68 46 69 77 63 75 54 53 77 77 45 5 74 4 74 74 34 47 59 10 64 80 80 16 11 77 94 35 75 64 86 99 98 40 23 42 79 27 16 100 90 27 50 52 12 16 36 85 44 69 10 54 44 36 71 80 89 66 66 53 34 94 11 63 30 73 81 49 80 39 20 56 76 93 100 86 34 21 58 66 11 36 67 37 62 68 90 37 63 39 44 4 15 4 68 20 76 
64 88 37 91 39 12 36 47 81 8 40 82 24 21 9 1 49 16 32 2 8 10 88 82 88 30 49 85 21 22 38 38 5 18 42 73 41 51 52 47 21 37 96 77 96 75 48 53 85 6 34 17 67 73 71 70 15 74 94 98 44 85 13 97 53 28 26 9 17 58 25 93 72 90 6 27 34 66 59 24 60 15 62 66 84 72 98 82 77 55 54 89 50 36 25 73 18 20 27 18 
17
80 82 94 31 78 9 40 85 92 76 19 37 87 56 28 32 83 
10
87 14 54 69 31 19 91 42 23 8 
11
34 24 97 4 75 38 98 59 10 77 53 
14
83 14 72 10 84 63 23 58 65 74 54 52 70 19 
17
35 98 1 14 89 11 51 72 22 66 16 57 21 52 54 86 62 
2
78 52 
19
62 30 31 11 91 39 7 58 10 60 8 2 19 99 37 63 26 56 83 
15
10 25 6 44 41 32 64 52 66 36 15 47 89 75 81 
10
1 43 52 23 18 39 79 55 65 76 
19
3 97 13 96 71 36 54 98 57 16 91 17 9 10 32 49 40 80 58 
12
31 27 1 36 89 38 35 30 85 82 48 32 
12
27 67 61 68 40 10 35 11 96 85 31 75 
13
61 28 30 38 58 48 67 52 3 73 55 92 86 
12
90 78 37 88 55 59 65 6 81 63 79 91 
13
29 41 92 88 17 80 69 30 49 2 13 44 91 
5
90 24 33 43 82 
2
62 69 
16
47 24 54 72 13 64 91 32 67 76 95 68 84 42 34 33 
4
49 38 93 33 
4
13 22 35 6 

