150 30 
4
99 8 84 54 27 4 83 87 38 33 97 89 63 3 76 76 77 77 20 7 50 91 13 65 23 44 34 39 85 67 69 9 3 13 15 45 30 69 29 22 73 99 98 92 39 24 22 29 82 80 24 24 98 57 63 10 85 74 61 86 71 63 84 80 57 97 22 88 65 68 34 20 65 54 40 16 87 14 56 96 6 46 84 36 58 6 25 62 61 95 57 62 8 80 97 17 73 74 19 72 76 93 64 2 79 82 22 98 68 37 92 98 52 67 1 55 18 26 4 47 3 82 57 58 34 1 31 29 32 25 16 49 64 98 75 1 92 88 51 35 64 35 22 81 30 5 47 60 49 11 
35 8 8 56 71 82 59 53 10 27 29 31 60 41 13 36 26 36 80 60 50 52 53 62 26 38 73 1 11 47 3 36 36 40 8 45 26 51 28 74 92 14 22 27 96 23 72 12 50 83 13 12 18 66 26 24 80 74 90 57 41 93 8 35 95 24 64 82 30 11 56 29 73 59 51 22 57 49 96 14 94 23 28 74 17 20 49 33 44 36 27 79 8 73 41 70 66 100 19 100 72 6 34 79 93 90 9 82 81 32 100 2 38 86 78 71 28 96 68 75 76 98 73 28 18 61 23 88 97 51 38 81 96 69 77 27 72 90 42 14 36 88 2 55 59 10 47 48 85 38 
100 49 79 38 31 80 64 17 64 79 97 19 77 77 98 48 75 67 30 46 76 39 81 78 52 19 32 65 52 9 2 65 56 66 30 15 69 59 25 43 65 19 74 88 18 51 65 26 57 91 5 84 23 3 54 5 19 67 39 94 34 83 7 85 99 45 73 73 89 4 93 91 4 55 13 37 16 43 59 83 22 63 19 90 39 10 36 64 67 36 4 48 78 76 55 55 98 96 30 65 43 96 73 74 47 33 84 67 68 29 83 78 43 46 57 87 61 12 88 44 95 17 22 53 78 11 80 32 42 27 52 92 6 84 11 6 12 15 79 5 40 64 33 25 93 37 24 29 2 64 
29 28 67 83 37 61 20 89 71 10 31 70 85 51 51 21 23 2 59 9 7 78 60 55 30 83 19 11 62 42 63 9 83 23 43 52 21 69 95 63 50 2 34 96 9 25 37 92 79 53 80 17 80 45 13 71 26 60 9 73 43 29 13 74 60 96 92 16 94 75 22 88 83 78 28 76 53 93 10 97 25 2 95 36 81 11 41 79 38 11 56 34 48 76 48 98 93 41 60 80 83 38 80 19 91 50 98 4 89 98 85 93 16 81 8 86 82 14 90 37 80 6 25 7 12 95 80 12 99 29 66 87 84 92 13 100 83 64 34 39 43 89 78 93 4 84 26 58 72 7 
7
57 116 144 81 15 55 65 
7
141 56 130 144 15 136 126 
16
65 109 42 10 41 76 123 81 121 110 64 74 56 26 89 129 
7
13 28 75 59 47 49 95 
8
135 60 141 136 146 107 144 1 
3
130 112 70 
20
65 133 117 14 119 51 140 88 18 29 52 127 107 125 50 129 40 148 70 74 
13
7 91 77 150 45 9 1 51 143 36 123 54 127 
12
45 76 43 141 35 67 37 82 8 59 111 2 
13
62 66 83 75 51 55 138 42 57 119 120 91 74 
16
24 112 35 95 116 92 43 88 31 28 123 44 57 59 66 150 
14
73 42 136 12 57 43 149 126 109 35 30 20 3 37 
5
114 52 144 87 143 
20
134 120 128 110 5 84 119 2 41 52 15 82 75 95 121 92 132 27 24 122 
20
79 96 93 100 82 36 2 133 67 5 40 102 143 41 128 126 32 90 70 20 
14
127 65 90 145 118 81 73 82 98 25 55 69 1 104 
13
10 50 70 115 74 39 141 77 68 42 110 142 96 
17
58 102 133 29 115 75 33 16 85 32 127 19 76 81 148 65 137 
8
108 136 41 8 62 28 134 148 
2
77 66 
3
66 14 98 
8
43 10 20 118 68 128 64 15 
18
70 13 10 141 44 43 96 69 145 37 139 135 105 116 15 58 88 61 
7
6 80 44 117 103 5 70 
17
100 125 10 9 18 52 92 40 50 121 119 132 78 24 133 123 148 
3
30 109 57 
15
89 147 127 14 29 132 105 4 75 53 59 88 117 21 138 
15
50 147 146 63 84 44 74 91 31 143 26 72 119 142 106 
9
74 72 30 16 60 121 115 12 111 
12
96 56 32 101 110 65 132 22 122 31 53 125 

