175 35 
4
34 36 46 96 62 67 10 95 90 26 17 39 31 56 79 35 53 84 51 85 63 67 6 71 67 2 86 90 73 43 38 50 68 60 23 8 37 52 85 65 14 64 83 21 94 35 93 52 7 45 81 95 73 18 84 83 63 37 8 41 55 18 61 34 39 43 80 16 96 31 54 44 15 70 54 53 69 18 56 70 4 62 41 70 78 80 71 54 2 65 65 5 81 25 47 94 26 25 81 19 14 65 84 25 31 11 83 22 36 71 36 5 72 33 13 78 48 90 97 89 45 12 47 81 50 40 98 13 48 9 66 95 31 85 70 46 15 17 68 21 8 2 90 51 72 22 2 67 52 75 50 74 49 96 39 12 47 16 51 35 41 67 45 10 82 76 91 43 9 64 67 45 65 59 67 
4 80 32 28 34 15 80 42 38 12 11 44 54 30 79 77 15 69 70 15 54 35 82 31 36 69 30 15 87 68 6 27 4 19 42 92 39 67 82 6 85 56 97 22 64 9 91 24 61 36 72 73 67 29 13 38 5 62 83 82 48 13 52 44 37 24 99 91 69 48 36 44 54 4 20 51 40 74 44 42 53 81 23 50 92 75 18 18 31 58 61 91 8 2 34 31 81 51 21 93 15 81 94 85 56 49 15 49 94 32 11 49 79 47 87 81 97 11 59 29 2 77 7 19 97 10 81 76 14 44 53 46 30 58 12 60 39 59 43 59 87 31 53 25 88 69 28 83 28 24 46 79 52 32 4 63 51 7 67 17 59 9 48 25 25 31 21 30 41 39 22 7 48 34 95 
37 60 15 89 31 30 42 85 31 50 34 88 14 87 60 95 44 24 55 30 84 70 7 75 4 38 46 55 95 6 49 21 47 43 95 54 53 15 7 99 22 57 33 57 44 30 82 47 95 23 7 7 76 31 18 25 82 62 37 39 40 83 52 25 88 16 16 12 5 44 56 15 62 20 30 93 89 13 76 69 16 63 94 24 48 38 41 64 60 99 54 76 80 17 65 24 97 15 36 58 35 29 48 63 22 8 80 7 21 33 22 6 49 16 26 34 29 15 98 5 34 48 40 10 69 25 3 15 20 53 77 97 72 68 92 50 47 66 24 25 65 60 41 13 74 54 21 70 9 85 18 24 40 4 43 99 77 81 28 80 68 81 78 74 100 25 58 100 72 26 25 32 52 48 19 
93 35 32 33 96 2 74 45 34 88 46 38 43 28 83 90 56 87 16 57 91 81 96 100 72 78 28 73 65 55 64 66 20 65 93 2 78 75 36 94 18 69 85 23 13 70 32 57 41 74 92 30 3 24 32 90 23 11 93 90 45 59 96 47 70 22 63 68 73 40 22 39 23 23 54 3 9 30 78 85 43 94 54 14 45 86 76 45 54 12 89 74 28 77 98 40 1 82 19 12 45 58 88 12 99 62 7 57 71 99 5 87 39 50 22 24 97 35 80 38 12 40 97 16 25 100 98 82 83 57 38 49 81 78 6 59 52 69 17 96 95 100 100 100 92 6 35 30 69 4 22 32 18 71 69 33 89 29 2 13 69 95 78 5 52 76 58 87 32 76 43 99 49 29 61 
9
172 126 97 57 25 94 5 92 27 
6
70 132 153 4 55 41 
16
159 148 78 71 49 173 11 1 23 104 57 153 122 53 69 85 
12
88 170 25 165 172 11 79 156 142 68 148 44 
3
13 172 65 
20
28 125 146 128 155 5 105 175 157 39 9 163 62 17 118 36 168 117 141 139 
14
165 57 175 119 26 25 47 121 154 146 129 86 126 118 
20
54 81 137 47 96 48 169 74 68 150 131 141 36 37 30 77 79 128 45 34 
13
171 50 43 42 73 10 120 8 97 160 69 126 90 
17
80 84 95 144 106 48 171 60 174 54 166 143 52 149 156 14 170 
9
39 101 5 30 76 23 158 35 100 
18
22 100 10 139 116 124 77 60 46 143 35 73 107 91 142 57 153 70 
3
70 126 170 
11
85 170 43 164 159 54 13 115 96 99 20 
14
158 68 80 116 25 49 117 106 126 40 28 20 82 41 
18
137 131 50 34 3 71 66 45 28 5 107 104 157 95 74 62 2 25 
5
140 50 104 14 89 
12
1 106 51 8 155 58 2 96 167 150 22 20 
11
122 131 146 133 152 165 37 172 59 147 48 
12
19 78 167 3 97 67 30 51 162 151 128 169 
13
111 172 7 97 13 175 162 124 66 128 116 73 157 
18
52 42 34 68 40 127 86 150 167 44 161 123 87 73 67 10 158 9 
12
171 173 117 123 108 59 164 55 16 126 97 15 
6
159 165 76 166 143 32 
13
51 74 6 55 145 8 81 157 170 5 110 160 25 
18
93 24 128 9 6 27 59 53 165 41 71 170 99 132 102 151 122 109 
11
151 164 88 148 19 173 35 110 53 100 50 
18
12 92 6 121 174 34 80 140 36 4 160 19 65 117 102 162 5 105 
5
92 89 141 23 68 
18
91 53 42 31 120 121 122 60 111 105 73 38 81 132 123 32 172 39 
14
21 139 105 136 117 99 12 95 76 68 133 84 70 40 
19
93 83 18 44 165 31 130 36 163 166 17 119 102 64 100 7 62 27 13 
12
32 154 28 68 9 10 127 113 23 174 140 124 
8
148 52 5 129 51 109 24 103 
4
54 133 56 83 

