100 20 
4
25 5 89 61 47 85 94 26 31 80 3 47 49 77 44 89 48 3 41 40 86 35 70 3 3 34 12 76 28 20 95 14 50 99 80 29 95 88 79 52 61 96 51 90 14 54 31 43 5 23 73 16 26 8 14 84 82 29 43 97 15 26 1 81 8 11 15 28 14 13 71 86 76 75 57 39 8 80 75 4 11 89 10 65 89 78 75 39 56 85 20 97 6 21 72 68 75 23 73 62 
85 51 52 67 71 86 46 43 33 63 42 93 26 5 33 7 62 6 96 26 82 88 87 75 62 8 70 26 19 46 92 64 6 24 86 15 22 76 3 12 64 33 89 38 22 85 3 23 36 84 24 24 5 69 62 49 73 73 43 58 93 10 80 80 83 8 28 15 75 38 53 60 42 65 41 37 10 77 48 20 72 86 7 76 11 23 85 10 31 61 38 90 68 64 83 74 96 38 49 15 
7 51 71 32 34 98 91 73 13 91 96 92 46 17 70 59 76 58 58 56 65 42 40 82 99 31 70 8 70 78 68 67 14 90 16 7 72 23 50 72 7 77 1 50 21 27 62 84 21 66 27 98 86 29 58 30 83 40 50 66 42 83 37 53 75 12 79 73 60 96 77 38 62 8 50 17 43 65 1 62 68 71 35 78 54 31 90 67 85 30 99 16 45 76 7 51 84 27 73 44 
74 22 34 70 3 23 5 54 99 10 39 18 20 20 86 79 54 4 7 78 22 79 15 79 42 47 42 3 11 91 80 72 15 50 56 37 28 85 74 32 87 68 25 87 92 27 26 50 77 14 93 58 86 37 99 54 99 3 45 6 95 70 19 65 20 11 51 29 49 68 54 42 80 50 10 16 74 32 54 4 17 53 36 80 43 11 80 55 27 15 100 92 62 2 21 100 38 57 60 61 
8
58 27 7 15 20 99 38 23 
13
42 96 29 21 65 90 76 54 98 13 78 68 3 
18
99 55 91 79 39 98 81 8 41 64 96 21 6 15 26 60 1 76 
19
95 25 37 10 73 6 77 85 19 40 15 56 44 92 69 13 64 48 82 
9
45 28 60 10 70 94 15 32 61 
13
23 49 27 93 34 44 45 39 8 98 67 92 63 
8
40 25 32 24 33 60 29 42 
19
94 32 6 28 11 69 34 62 48 53 80 66 50 60 37 9 4 12 26 
5
67 49 22 43 7 
12
35 30 43 5 54 74 22 71 31 100 50 79 
11
64 57 50 54 40 17 47 29 27 42 71 
6
66 16 25 78 20 11 
4
47 62 90 24 
14
74 20 61 14 64 89 37 55 25 75 78 70 53 22 
2
99 30 
12
60 90 69 91 96 51 65 17 64 71 35 54 
15
89 31 86 58 78 10 12 85 17 64 22 48 20 67 71 
6
86 13 49 12 79 76 
10
22 79 1 70 14 95 42 65 51 25 
19
89 79 45 38 49 93 15 40 46 77 81 47 30 54 65 59 51 66 91 

