100 20 
4
13 29 86 81 30 95 82 29 60 13 87 98 35 55 72 91 64 70 31 49 30 45 5 60 73 93 14 84 4 70 5 32 91 36 97 10 9 89 95 25 29 94 82 19 67 76 99 16 36 69 91 77 30 2 50 47 41 43 55 54 85 23 65 43 3 55 84 13 56 41 69 7 97 31 73 73 92 21 91 81 4 61 63 88 82 91 39 4 52 36 70 71 36 60 29 41 3 51 1 41 
39 86 63 70 74 53 68 12 54 87 93 49 29 87 68 84 12 74 97 85 83 17 74 44 21 19 83 26 31 89 96 57 84 58 46 31 69 2 38 50 50 64 41 24 82 36 84 3 60 83 92 85 57 26 15 93 63 15 58 42 90 70 42 61 79 78 74 31 28 38 68 59 95 87 95 68 59 44 71 28 15 57 73 27 35 73 51 49 27 16 83 93 84 17 55 25 80 45 21 68 
23 47 96 5 50 55 12 83 37 56 79 21 39 88 92 100 54 75 96 20 61 88 37 92 54 48 39 7 37 74 93 26 31 59 48 11 67 53 98 21 15 70 93 80 47 7 23 7 38 97 37 39 39 43 15 13 31 41 92 56 32 4 50 43 66 89 6 46 89 99 84 28 74 89 61 81 45 62 92 25 34 21 29 98 30 56 34 48 62 26 71 18 99 13 15 7 70 85 93 82 
77 12 85 44 16 18 66 46 17 75 46 7 94 72 93 52 59 2 94 35 99 15 21 34 47 65 70 64 69 17 92 17 13 1 13 59 18 36 93 16 83 84 28 6 18 33 7 76 49 40 2 66 88 7 93 38 33 94 99 5 34 55 6 98 68 95 57 8 73 19 37 5 29 72 60 64 82 15 74 94 96 33 46 60 99 58 61 27 93 58 65 53 24 11 80 90 50 23 63 13 
11
46 11 3 97 89 17 21 30 100 98 92 
15
66 50 28 21 60 6 79 15 45 58 49 74 71 9 81 
19
25 43 55 72 83 60 18 84 26 37 85 75 23 74 42 79 7 73 22 
8
89 20 31 90 40 19 18 83 
16
72 8 96 66 68 19 35 33 2 94 5 47 74 26 30 60 
19
71 65 32 94 63 46 62 8 61 24 90 76 77 13 89 22 45 2 14 
3
89 61 4 
10
99 73 83 85 95 61 42 77 22 44 
18
25 21 38 83 43 72 11 70 92 42 87 59 26 18 5 13 48 9 
17
97 6 82 93 1 10 23 45 52 58 47 72 68 78 57 59 13 
11
11 69 10 22 67 24 81 42 64 84 98 
6
96 81 47 40 33 29 
3
95 13 54 
13
97 90 79 91 74 96 64 9 37 51 67 31 94 
20
9 49 43 46 30 32 64 29 85 60 2 45 88 19 16 33 13 47 7 6 
15
79 100 85 2 76 48 80 52 21 61 83 74 56 17 92 
16
84 58 49 48 3 5 42 98 62 14 34 47 52 96 76 57 
10
56 38 86 61 99 87 42 80 15 23 
3
30 37 45 
15
94 27 84 86 14 11 40 18 100 83 76 58 16 57 62 

