175 35 
4
28 69 19 61 90 94 63 45 11 6 61 60 79 56 6 53 50 57 86 34 51 46 36 4 52 68 60 93 16 88 25 60 96 87 82 26 68 61 76 39 37 44 39 26 41 3 59 16 60 81 4 80 16 58 24 47 75 80 66 90 47 77 39 68 3 52 20 17 75 53 23 76 96 34 9 45 90 3 11 49 14 1 69 72 11 19 100 74 28 51 57 42 82 17 36 73 3 9 42 54 41 84 17 49 14 78 54 79 61 60 62 100 31 68 12 64 24 87 95 53 44 40 76 62 90 62 49 95 96 63 46 8 60 83 10 81 73 56 42 77 3 77 55 74 55 91 42 80 10 20 10 33 1 76 12 95 70 71 63 31 73 61 19 44 75 91 4 48 92 70 47 83 45 26 14 
69 95 21 56 10 88 15 80 90 34 22 36 67 76 71 73 1 56 79 6 59 76 29 3 60 95 57 83 29 34 77 87 68 95 78 85 43 16 6 95 51 15 27 73 78 26 82 23 90 25 77 48 25 55 6 47 2 46 2 45 49 65 73 35 63 62 74 91 62 67 63 81 75 99 6 28 31 57 60 91 16 70 93 6 21 96 87 55 22 11 16 18 38 40 19 92 33 10 10 85 43 49 33 33 36 28 92 91 40 70 99 35 15 4 81 58 30 25 10 29 41 68 98 14 64 13 1 22 80 84 89 5 16 98 50 80 3 9 47 76 23 23 18 4 66 67 27 41 53 17 89 82 41 91 49 63 66 62 61 46 89 12 91 74 62 31 7 90 47 36 24 67 37 61 57 
20 53 16 62 33 27 69 53 36 76 52 94 72 70 20 56 89 4 4 56 33 70 35 81 24 4 67 61 2 98 95 20 6 72 62 70 64 89 44 63 16 93 44 41 35 11 71 35 79 81 13 8 82 14 15 94 54 97 80 5 64 96 96 39 46 32 16 60 29 92 14 99 69 16 14 74 66 36 43 62 65 88 60 60 42 49 11 34 64 77 60 34 84 93 74 72 23 36 35 91 30 54 82 2 68 31 44 21 46 88 49 16 64 84 28 77 60 100 67 84 41 97 74 9 32 38 35 98 55 86 32 78 91 91 80 44 2 40 53 91 67 91 10 94 25 80 30 61 58 91 90 29 81 91 63 43 5 4 96 4 28 87 39 68 33 67 28 36 41 7 88 54 96 54 63 
41 3 78 67 95 49 11 52 23 58 19 91 28 43 55 97 37 26 85 9 27 9 2 55 39 4 77 99 7 59 53 36 79 41 81 18 30 54 50 58 52 28 61 84 3 7 8 23 81 34 62 81 36 20 77 23 26 50 85 80 64 95 13 11 98 50 78 7 70 8 64 22 55 58 92 10 22 69 82 30 39 50 22 26 66 72 70 49 48 27 51 81 91 85 87 3 70 92 27 87 94 87 2 49 3 12 58 71 94 67 20 13 28 83 60 56 33 80 58 51 60 71 4 5 34 81 97 32 8 86 77 71 54 11 29 39 26 12 84 84 84 98 18 20 64 18 45 1 60 34 24 10 53 6 33 61 69 34 87 100 3 66 90 92 97 56 60 1 45 74 16 41 32 69 44 
11
60 38 77 153 116 107 118 152 12 47 122 
11
66 73 60 8 111 95 161 63 42 169 129 
15
77 83 143 32 24 174 155 160 119 172 46 113 150 126 56 
15
157 16 64 6 29 90 50 154 62 8 36 59 151 118 161 
17
138 74 9 45 48 137 21 116 108 69 58 32 119 142 61 81 99 
6
42 79 30 143 11 5 
8
56 98 150 9 151 137 28 149 
20
79 29 92 154 6 171 49 126 118 134 22 5 170 115 125 168 123 141 83 139 
20
158 162 41 62 42 145 132 26 36 64 101 102 126 89 103 94 99 106 133 137 
17
124 39 41 25 173 162 139 174 125 2 82 76 14 63 64 8 60 
4
80 149 72 93 
2
77 154 
10
119 113 83 31 42 109 13 43 162 17 
9
47 166 153 56 23 48 63 108 168 
13
150 136 36 101 14 45 78 149 152 64 156 174 2 
10
58 164 87 147 130 89 146 38 135 150 
15
89 51 131 137 75 108 16 172 153 34 65 103 63 55 163 
6
69 117 55 122 102 87 
7
19 101 78 160 172 67 36 
11
44 99 30 60 149 112 105 79 168 161 75 
7
7 121 125 92 50 70 29 
14
31 5 62 167 9 12 41 47 93 56 141 86 127 91 
5
110 112 109 144 46 
3
143 118 129 
15
137 35 74 148 92 88 175 15 70 22 60 44 143 16 39 
18
157 23 98 10 147 40 82 123 93 44 145 51 19 63 81 37 156 5 
9
153 130 148 129 6 63 85 115 136 
7
111 131 92 37 105 163 85 
10
87 100 116 20 104 2 52 53 109 140 
15
49 147 61 110 149 37 157 117 33 109 95 80 24 153 126 
16
92 107 123 8 131 29 141 91 103 17 87 27 31 54 149 77 
4
48 37 7 53 
7
132 136 2 171 144 155 14 
10
134 2 105 122 88 97 77 161 68 6 
7
145 91 149 23 21 85 71 

