150 30 
4
77 100 57 14 50 47 34 9 33 54 39 59 44 4 32 58 50 16 91 72 8 82 36 85 23 56 48 11 31 50 35 55 17 35 1 91 63 5 5 54 12 27 39 65 55 54 20 57 91 82 75 33 83 48 41 72 82 100 26 29 30 42 55 24 46 63 94 76 15 87 84 97 26 61 89 47 23 77 46 86 46 38 71 92 61 63 48 37 95 58 81 74 27 20 100 31 40 9 47 62 35 73 47 65 59 55 56 56 69 48 25 56 15 25 57 35 92 56 45 22 30 91 78 71 88 27 59 31 10 54 21 58 44 9 49 55 21 59 73 76 69 21 6 32 83 72 43 33 74 19 
25 4 21 18 50 8 88 24 40 75 6 79 90 23 40 64 38 59 87 92 74 95 84 19 6 48 71 73 21 33 14 4 42 37 88 53 23 90 85 87 88 12 4 85 61 77 17 86 80 29 99 59 29 7 1 4 70 5 32 53 40 54 84 23 52 5 25 36 45 12 61 68 68 80 33 95 20 12 17 90 16 81 11 21 43 18 44 75 10 83 95 39 41 58 2 31 75 64 77 15 13 98 13 86 46 5 18 69 70 97 9 71 12 79 44 34 6 65 60 22 83 93 38 34 2 44 85 91 67 22 18 24 43 78 86 39 3 30 29 75 26 21 9 69 82 58 67 93 78 96 
58 61 88 42 66 100 72 37 58 88 98 83 19 64 67 76 7 38 29 75 35 45 25 82 20 96 26 39 79 30 24 13 67 3 46 24 47 84 80 48 27 92 21 72 25 40 86 49 70 35 97 26 46 14 5 44 46 46 3 31 25 28 83 70 31 81 99 78 32 25 30 87 69 86 8 63 45 52 14 76 37 98 37 22 48 19 86 22 20 88 69 60 49 53 73 28 99 82 80 71 41 3 9 86 65 52 20 50 84 27 51 99 81 89 74 18 27 47 86 49 52 50 30 27 25 100 59 77 15 15 80 87 21 47 1 13 67 44 30 19 45 70 45 38 20 33 83 59 89 65 
99 67 91 10 80 94 40 77 75 13 64 36 60 83 34 93 82 90 97 42 76 46 51 96 8 67 43 37 46 96 82 9 71 9 30 34 43 34 46 4 10 52 58 83 21 78 94 68 8 55 100 42 89 34 100 49 11 13 23 8 43 86 84 100 45 22 85 65 22 23 98 12 42 27 20 46 64 44 58 66 59 81 62 56 6 28 33 12 99 67 10 58 57 62 64 88 16 46 63 76 11 97 24 91 41 90 91 3 82 10 91 56 47 37 77 2 7 92 87 87 60 80 13 46 15 10 37 57 87 73 45 99 21 7 46 35 91 45 6 65 80 22 9 92 97 68 51 6 78 72 
20
100 108 8 5 142 73 16 6 147 93 115 1 21 124 149 96 42 10 118 94 
19
66 47 38 59 13 99 33 82 10 116 48 74 95 112 18 40 93 118 20 
15
27 51 25 93 12 148 20 7 83 116 49 84 81 126 137 
11
35 37 16 4 7 107 93 84 10 66 38 
19
28 53 65 63 25 42 74 23 107 35 97 47 45 124 5 61 96 69 22 
10
129 10 41 62 26 70 35 122 63 5 
6
106 44 27 138 119 8 
10
7 9 97 99 28 13 27 49 48 1 
4
35 104 54 150 
4
14 133 25 68 
18
134 50 140 137 72 117 8 53 15 85 119 128 2 100 3 48 124 91 
15
37 21 61 146 5 150 118 94 63 39 56 144 17 59 12 
11
95 75 71 101 112 18 100 69 41 50 118 
15
66 8 130 142 71 64 28 139 101 57 10 114 94 131 56 
16
30 102 71 2 142 94 105 112 58 22 29 18 97 133 15 103 
14
96 9 117 144 60 20 70 61 35 52 47 26 49 37 
19
136 70 23 56 132 145 74 67 24 81 48 114 86 150 111 84 133 124 148 
15
93 38 98 102 109 51 37 7 137 81 118 3 78 97 114 
4
4 97 75 32 
7
148 17 138 145 108 100 29 
11
148 43 110 80 150 44 124 77 128 140 84 
3
56 90 12 
19
122 59 120 92 91 79 23 53 36 67 37 72 17 73 119 95 19 87 125 
9
81 147 142 143 11 60 128 53 7 
20
35 66 3 52 91 5 58 92 62 114 37 48 147 45 93 14 72 30 139 108 
16
104 48 57 6 44 68 90 53 149 73 76 79 33 63 25 41 
6
137 52 13 44 58 131 
18
16 94 72 109 98 31 7 122 21 27 39 115 120 117 51 58 54 48 
2
14 24 
13
137 147 20 129 10 59 110 149 114 47 107 43 73 

