150 30 
4
54 69 15 93 58 95 74 99 37 34 98 49 92 15 53 92 13 64 93 42 38 7 89 60 5 34 72 93 89 38 51 3 40 79 93 12 6 78 7 78 57 74 26 24 72 29 95 68 46 56 56 48 30 92 76 49 63 15 3 57 36 13 9 100 37 64 81 27 36 85 57 22 16 81 96 86 63 32 19 5 73 25 71 79 11 14 25 38 82 75 15 8 61 11 82 10 78 21 34 27 30 22 34 9 57 23 48 52 43 61 27 47 58 26 82 26 38 21 98 69 52 7 60 100 3 4 63 79 52 78 61 6 69 7 50 91 55 79 32 36 84 26 26 80 37 68 71 76 54 32 
1 47 6 62 55 73 50 29 81 17 59 88 5 70 43 98 94 68 16 81 99 95 81 100 74 21 22 64 70 73 10 38 40 96 94 90 19 66 54 51 94 31 10 31 10 16 78 28 40 10 76 34 27 64 34 36 14 61 79 17 89 59 76 32 27 62 7 68 77 14 68 19 71 15 80 6 48 74 51 98 100 3 88 17 68 29 24 85 6 41 20 100 96 1 79 71 19 95 34 86 23 96 28 5 12 64 21 5 74 42 57 92 19 30 7 87 67 60 88 35 84 14 30 6 9 8 69 7 65 89 4 100 77 39 60 38 86 66 86 56 100 43 94 28 41 40 57 10 10 81 
30 32 77 44 96 62 81 40 57 79 79 90 95 22 19 41 87 58 5 81 68 35 7 94 31 13 19 89 61 92 93 5 43 35 38 36 44 56 46 66 5 33 11 75 13 75 55 64 30 6 19 75 48 86 17 27 39 27 14 48 77 31 39 24 73 72 98 67 37 25 83 41 79 85 49 96 17 60 39 47 23 75 64 48 31 52 29 51 78 68 88 10 38 53 61 12 29 71 60 80 65 6 10 38 27 99 98 61 42 56 31 49 3 48 33 77 32 61 86 35 43 1 94 63 67 61 10 36 23 7 5 55 1 40 61 68 7 88 75 63 20 48 74 63 54 9 99 90 13 72 
51 12 93 7 53 96 10 66 85 36 51 62 68 79 55 67 55 86 58 26 49 84 98 73 35 4 56 12 56 61 54 56 49 95 57 40 66 53 9 96 59 33 65 30 90 58 80 74 94 24 56 83 33 50 22 95 65 1 6 47 65 21 100 92 33 37 100 97 75 56 26 9 41 10 96 57 77 5 59 66 56 44 18 28 100 83 6 69 100 75 99 14 40 66 52 38 80 36 49 66 79 66 48 88 12 21 27 64 69 60 47 56 63 49 27 58 90 5 97 99 69 55 52 22 21 22 67 20 46 94 22 40 16 38 49 99 10 56 39 67 47 83 5 51 93 64 75 33 30 50 
7
72 51 131 5 27 82 91 
13
115 12 56 38 41 121 88 125 148 23 26 127 134 
18
41 116 72 81 58 93 45 25 130 114 91 18 86 24 122 26 125 142 
14
109 134 40 150 126 136 96 62 119 120 113 32 9 82 
11
96 108 26 13 45 6 66 25 21 31 23 
2
74 33 
16
92 24 80 67 1 135 48 70 55 34 33 109 3 15 118 19 
16
88 74 134 73 144 48 84 54 126 45 112 115 44 148 109 49 
17
68 1 145 62 102 93 136 137 58 96 21 22 39 44 43 126 128 
11
46 17 136 18 129 79 139 80 11 128 123 
19
147 60 68 17 70 72 16 47 112 19 52 129 118 29 23 103 130 140 21 
19
123 86 75 132 121 119 87 50 25 71 150 102 17 62 28 133 146 98 44 
12
54 58 35 21 126 135 66 11 113 48 55 140 
10
43 128 111 119 114 56 19 27 38 40 
12
55 68 147 86 113 27 141 148 126 15 52 90 
10
29 89 38 6 94 80 41 46 8 112 
12
3 105 96 116 24 56 123 72 46 124 59 68 
11
77 121 41 133 126 44 13 36 6 106 35 
12
128 118 72 123 124 80 7 141 134 108 77 112 
7
139 127 108 40 142 124 55 
6
8 39 25 37 129 130 
14
146 53 49 30 58 2 97 98 25 121 108 83 54 92 
2
92 89 
13
147 20 139 70 19 43 25 53 29 6 107 67 1 
17
16 79 91 127 95 82 8 40 90 110 77 15 31 58 13 139 126 
12
31 10 100 64 140 41 114 9 146 97 96 11 
5
130 134 139 108 150 
4
49 64 85 134 
4
74 58 145 95 
4
137 92 129 28 

