175 35 
4
5 64 58 72 99 93 37 21 40 10 23 60 46 83 58 26 52 48 85 25 61 55 75 90 64 21 29 78 84 88 13 63 39 49 44 70 90 18 53 52 73 37 36 63 62 6 71 49 19 45 58 92 59 45 46 73 89 20 55 85 85 98 43 92 38 74 64 79 26 57 55 65 25 85 42 72 30 29 41 90 27 12 27 18 54 42 31 6 75 95 41 25 79 33 24 5 23 42 41 86 44 27 97 33 77 75 86 72 57 48 3 55 54 31 85 97 46 44 64 29 100 34 92 61 14 1 68 95 44 50 18 89 16 1 65 45 1 3 82 42 31 85 91 70 18 47 78 84 71 62 43 8 21 18 96 52 52 78 96 96 27 9 57 39 28 85 77 53 78 3 51 70 47 35 95 
5 31 91 33 44 96 93 57 87 72 1 31 40 1 91 75 50 7 8 40 24 46 40 71 53 3 78 6 89 66 17 8 43 50 90 65 85 73 68 50 47 94 19 14 5 26 34 40 40 68 48 90 42 91 55 69 64 6 30 79 38 95 9 29 62 81 77 77 30 77 25 94 42 14 12 82 16 86 12 18 62 54 91 17 43 51 59 15 16 94 1 32 35 27 2 61 3 68 75 42 38 82 13 71 72 74 86 55 92 80 87 95 93 63 84 93 58 27 47 9 55 58 58 24 56 66 41 93 14 16 45 16 42 79 85 34 80 20 9 5 31 53 24 65 62 78 79 28 92 41 34 45 71 49 80 41 18 59 7 72 67 31 81 81 89 34 12 44 7 8 50 62 48 3 83 
6 28 29 79 63 75 92 25 61 59 99 12 96 96 40 68 8 58 2 11 79 54 83 48 38 32 61 43 48 25 27 45 66 11 83 77 58 74 45 17 89 13 63 97 25 66 16 28 69 65 33 59 45 87 6 17 83 45 80 99 43 17 55 12 52 23 15 75 64 4 69 83 66 91 26 42 79 51 96 89 87 73 83 73 15 61 12 14 47 69 75 10 80 33 28 74 55 90 99 73 58 88 74 9 63 79 34 77 54 64 60 20 67 100 74 22 62 51 54 20 5 15 73 35 75 31 71 21 68 25 38 50 1 20 53 95 78 47 21 12 86 2 94 83 8 3 71 4 52 35 80 59 68 3 44 1 39 69 100 39 90 60 53 77 13 67 96 66 71 70 73 81 19 96 45 
10 76 86 49 7 85 61 7 11 97 19 98 53 25 47 76 24 64 7 32 81 24 44 45 75 57 51 82 99 34 59 34 27 10 19 23 54 4 4 64 60 78 34 82 78 74 64 41 9 70 69 47 23 34 24 66 91 44 11 30 12 17 65 65 31 84 70 53 41 74 90 36 81 52 11 16 63 16 75 31 60 40 52 80 36 94 24 22 49 38 26 19 25 62 56 40 63 81 77 31 35 34 75 70 95 81 4 5 22 25 9 5 32 38 69 17 65 83 69 93 49 10 80 86 43 45 12 100 33 57 88 82 63 45 80 38 22 53 66 72 37 20 55 50 65 5 77 58 42 22 57 26 96 4 32 41 78 88 68 69 15 49 50 52 75 15 97 95 71 97 82 38 80 77 41 
3
89 93 49 
6
114 126 45 81 93 88 
18
74 135 167 153 99 71 152 31 120 22 161 28 175 116 50 162 40 127 
14
152 96 6 125 78 157 171 25 1 44 127 147 98 94 
8
86 89 150 45 44 117 160 29 
4
30 69 80 165 
17
149 77 82 20 141 96 14 137 92 128 147 151 105 75 116 130 139 
10
112 170 59 124 34 101 136 5 70 29 
18
24 126 14 33 97 158 46 135 89 159 39 105 38 96 130 129 154 7 
19
27 134 79 163 50 61 74 164 5 157 72 139 137 175 103 70 92 145 170 
11
171 56 87 157 101 22 28 143 17 106 95 
9
144 124 104 119 29 94 16 72 134 
6
59 65 79 96 33 164 
5
28 90 132 85 113 
3
87 74 78 
14
25 50 99 151 32 55 73 143 7 90 170 165 166 130 
18
79 66 114 40 16 170 50 41 27 28 29 52 90 23 118 156 51 53 
7
157 174 131 139 83 164 109 
20
131 38 85 48 51 75 167 80 150 109 126 162 24 152 89 106 72 36 83 87 
20
72 144 79 78 156 81 68 3 143 67 4 98 32 165 71 51 74 24 83 121 
18
7 143 111 5 166 104 174 152 118 20 75 147 150 43 146 11 56 134 
2
85 164 
14
28 108 150 15 173 152 29 99 44 27 160 81 18 126 
5
44 88 39 64 83 
9
88 132 130 37 140 41 121 29 133 
8
140 163 63 42 127 134 146 6 
7
63 86 76 66 116 13 128 
16
115 16 11 82 155 41 116 90 164 86 133 94 45 113 159 10 
8
31 132 43 90 151 63 125 12 
19
25 89 133 151 18 67 3 12 158 42 88 59 150 140 28 80 113 104 137 
15
146 67 139 25 160 91 114 81 9 124 60 75 61 120 49 
14
47 66 22 19 6 34 45 117 50 101 122 57 80 162 
19
38 115 76 2 63 43 79 160 166 29 103 61 33 77 22 161 95 42 113 
4
42 125 166 149 
5
105 144 76 82 119 

