100 20 
4
39 9 78 55 81 14 77 27 31 7 95 99 10 90 81 7 61 75 35 99 74 50 57 30 60 54 46 67 29 96 2 16 92 33 33 17 98 83 60 50 48 55 68 69 32 47 49 43 81 26 69 89 90 66 20 88 63 19 41 71 21 39 44 38 11 66 41 92 36 34 51 8 28 41 4 91 87 12 34 75 42 48 1 84 31 61 20 80 95 58 31 35 66 17 66 42 47 7 51 69 
44 75 53 32 76 14 47 52 95 45 65 33 25 56 26 97 63 13 23 91 20 49 85 90 1 14 15 49 22 35 71 36 3 12 69 37 82 35 28 44 67 35 82 41 43 37 18 79 78 81 12 26 48 78 8 67 68 57 82 23 28 20 80 48 99 13 32 31 71 16 59 2 77 94 71 81 91 37 71 35 14 39 46 30 83 51 6 18 34 41 38 19 69 7 6 72 61 59 10 51 
58 18 47 86 69 14 96 84 64 42 22 52 1 61 34 21 92 12 66 19 18 36 93 64 69 11 47 81 34 28 60 75 34 98 98 21 95 30 83 58 49 51 82 14 57 47 11 51 17 78 34 30 78 50 16 66 43 92 46 51 60 39 79 67 89 40 12 12 54 1 79 86 2 92 17 78 52 98 3 9 76 42 73 34 29 60 81 24 67 59 42 41 44 2 79 53 91 28 61 83 
54 72 64 44 53 59 85 29 12 99 84 39 10 24 55 27 10 28 10 71 97 88 11 18 70 94 44 40 27 25 52 84 23 51 81 51 72 66 30 95 64 46 8 39 37 68 22 35 23 12 40 91 75 64 70 33 30 56 5 81 9 36 81 79 12 1 54 28 13 18 10 19 4 27 54 48 35 49 63 75 25 67 25 49 24 78 52 58 36 71 52 47 47 94 13 1 79 87 41 53 
6
56 61 80 95 12 17 
4
1 35 88 90 
10
74 12 24 69 54 19 36 67 26 77 
8
72 49 59 35 30 50 21 97 
4
7 80 18 10 
13
56 59 12 58 28 55 87 89 70 80 45 40 48 
19
26 24 27 80 96 30 2 84 92 86 15 57 97 74 9 76 67 28 69 
13
18 16 52 57 68 86 54 28 61 89 30 83 9 
4
79 6 14 67 
16
64 76 21 9 100 19 23 83 8 16 69 52 61 35 3 72 
12
82 99 18 56 38 26 63 35 89 45 85 20 
14
14 56 65 58 60 39 8 81 96 36 86 62 74 37 
9
42 36 37 31 97 87 66 9 2 
9
58 82 48 27 6 4 76 10 77 
20
45 24 58 2 37 30 85 14 61 63 74 15 20 36 79 19 64 38 22 53 
2
37 84 
14
97 90 82 67 95 16 26 84 81 2 15 4 18 22 
2
92 49 
17
4 100 24 92 10 37 96 84 38 25 65 34 19 99 47 29 79 
16
50 17 80 14 57 70 95 47 99 27 28 81 93 11 35 64 

