150 30 
4
33 55 40 89 72 12 82 34 32 41 8 30 57 61 12 34 96 99 22 36 61 76 52 98 32 48 80 37 41 6 5 17 67 34 23 84 54 19 41 15 14 45 73 68 8 80 83 25 63 88 79 59 66 34 85 22 88 44 54 46 6 37 59 37 88 67 81 93 37 33 36 8 8 94 76 87 60 30 54 90 14 64 15 25 69 37 1 44 94 56 60 98 25 12 20 13 65 35 94 17 22 99 75 32 58 2 86 79 22 85 22 65 35 22 36 31 90 60 27 31 55 65 14 72 79 83 39 96 44 80 5 96 46 4 28 31 13 63 4 38 5 18 23 24 100 28 32 51 57 89 
5 91 94 43 86 78 18 28 77 98 15 88 32 93 49 12 31 14 66 39 12 91 23 33 8 25 71 53 5 61 80 23 62 91 76 27 19 27 12 92 85 80 26 79 74 74 97 88 56 4 66 24 48 85 28 76 18 80 9 38 15 20 8 57 54 6 23 17 89 84 51 44 22 56 41 73 49 58 41 39 92 49 82 90 55 22 57 21 73 58 95 89 10 21 95 34 75 64 26 16 8 9 42 8 97 18 80 54 76 27 84 14 62 27 88 90 55 25 40 86 7 22 81 99 30 13 50 45 63 31 51 23 40 88 11 82 51 15 59 61 33 97 3 67 35 51 39 30 10 52 
99 58 48 36 4 91 35 64 65 82 90 55 85 44 2 57 2 25 9 58 18 72 49 45 67 21 60 12 57 25 37 85 27 62 7 56 31 82 88 9 51 56 48 32 24 96 16 72 69 55 49 71 96 21 11 72 3 13 2 95 3 87 57 95 54 74 55 15 37 91 7 19 60 96 53 64 25 48 82 87 16 98 55 90 69 65 57 60 92 92 46 43 54 20 42 31 33 65 86 86 16 83 21 29 68 63 31 69 12 93 57 74 68 7 33 40 50 82 23 38 96 32 25 51 8 62 98 20 79 11 97 40 50 66 44 91 87 9 12 83 76 35 9 5 28 64 73 85 83 62 
92 36 4 16 14 83 41 90 74 97 86 63 33 56 18 12 20 10 82 95 15 67 69 85 10 16 27 69 64 22 54 25 71 49 20 94 6 57 37 82 81 23 62 6 76 42 91 6 24 78 84 67 38 92 61 23 49 54 65 11 40 96 49 40 14 61 54 28 100 70 34 49 35 14 58 84 70 2 97 27 73 9 45 82 20 84 14 18 6 62 55 94 79 54 81 42 31 18 45 38 30 84 21 73 45 7 68 56 20 7 10 1 9 29 17 73 64 71 84 75 6 38 27 20 5 74 48 14 98 93 68 55 93 76 52 19 94 91 37 27 11 45 96 88 84 25 85 4 98 94 
12
70 81 40 149 135 25 86 60 8 150 55 64 
7
64 140 84 24 100 40 74 
5
18 32 100 138 86 
17
27 14 122 82 140 84 98 76 107 60 117 6 9 85 35 75 116 
18
41 79 20 77 35 148 30 4 7 86 52 33 49 10 123 83 146 51 
18
28 97 112 51 133 23 125 3 85 113 52 64 24 143 42 82 104 63 
7
52 3 141 95 145 40 125 
20
102 11 60 56 4 68 73 9 57 54 71 22 26 7 25 93 126 34 144 106 
4
78 48 58 134 
2
52 36 
14
128 113 138 88 63 12 124 47 104 117 75 144 61 74 
18
58 124 31 5 122 150 109 35 65 64 89 34 47 127 93 78 46 4 
10
9 27 103 136 75 129 56 92 104 13 
19
143 140 104 129 101 63 66 132 95 33 13 34 15 149 78 122 23 30 29 
13
6 60 52 121 26 68 44 53 16 127 11 21 122 
16
32 69 114 77 4 72 99 97 24 146 71 129 81 87 27 112 
12
75 69 2 60 89 87 9 51 61 146 84 54 
10
52 105 25 114 102 121 67 101 26 116 
15
121 96 46 136 110 3 82 52 78 77 68 118 73 88 74 
15
94 80 27 115 29 6 11 65 116 91 113 148 104 12 34 
14
82 137 33 132 53 2 41 111 32 28 135 66 119 65 
5
93 126 42 118 137 
4
41 65 120 126 
6
112 78 106 127 23 118 
11
137 55 32 79 84 8 56 25 40 128 138 
18
104 117 100 113 90 4 15 17 81 38 67 77 133 138 78 11 114 19 
15
125 95 47 6 115 72 70 62 11 137 149 75 99 36 2 
18
108 52 150 80 22 32 24 130 60 75 62 69 48 100 82 131 147 41 
18
57 47 24 80 90 99 66 127 102 6 92 63 94 36 2 33 8 31 
9
40 8 70 18 83 119 86 82 28 

