150 30 
4
72 92 62 77 80 39 74 15 47 88 75 25 88 50 71 54 14 56 34 76 72 67 41 91 99 8 17 42 67 70 26 20 67 20 9 54 69 59 83 78 27 52 96 75 75 53 50 23 37 15 17 10 10 43 47 52 83 48 51 87 13 21 48 28 18 77 71 47 86 49 63 68 97 11 15 62 28 5 55 95 59 27 14 69 12 99 27 94 84 97 82 19 63 23 36 32 55 21 89 67 38 26 51 50 8 6 28 79 7 76 63 29 39 88 94 80 81 39 69 41 82 79 44 67 31 25 68 2 27 43 49 50 93 23 68 58 52 4 92 72 9 65 3 39 24 28 80 9 37 1 
65 33 54 83 32 61 73 4 64 100 21 65 90 30 68 30 35 76 43 38 50 40 76 73 79 98 67 6 92 27 40 24 37 14 10 10 41 99 44 94 52 22 49 14 60 17 39 49 23 49 83 2 52 30 93 47 57 12 10 98 75 67 88 48 78 13 75 8 46 72 99 76 22 50 20 100 58 29 26 40 76 18 4 18 19 4 58 27 31 17 56 8 88 50 9 87 59 9 48 6 49 84 4 93 61 68 14 2 77 81 25 25 50 67 93 58 82 3 56 72 68 6 82 33 74 8 15 14 52 50 19 97 46 90 93 21 99 98 97 42 16 64 29 84 16 19 59 77 19 89 
36 41 6 50 20 3 31 72 51 25 88 46 99 32 48 84 35 71 24 20 62 94 76 67 39 29 62 17 54 14 73 60 65 2 39 89 59 83 24 91 19 86 42 39 55 24 79 99 37 34 95 32 30 42 85 61 67 78 95 63 18 72 85 86 39 1 23 45 49 24 49 59 69 42 57 39 60 29 27 76 89 75 39 5 56 47 54 64 50 8 10 13 96 31 62 42 3 31 92 94 93 70 47 86 67 46 61 23 71 72 84 30 4 33 82 88 35 30 72 58 98 29 65 77 24 21 32 100 55 48 24 51 58 100 74 32 1 52 98 26 39 76 4 27 44 17 89 47 42 79 
65 4 30 17 34 35 61 43 92 96 80 61 10 10 25 47 5 1 67 10 96 55 53 49 38 91 77 98 90 99 45 4 58 63 56 100 3 29 100 51 32 100 68 92 41 99 9 81 33 63 1 63 49 27 45 70 87 25 39 63 11 3 30 31 57 71 69 59 99 64 18 74 58 22 41 64 79 46 30 32 13 22 42 47 64 36 80 73 42 73 10 89 2 5 58 9 40 85 89 10 72 3 88 55 44 97 54 48 75 50 38 91 76 46 65 23 74 69 11 56 57 10 44 74 51 23 35 59 50 88 63 78 77 27 69 71 78 39 100 86 3 59 21 25 21 85 2 93 36 27 
11
19 87 54 7 29 15 74 109 72 91 57 
18
110 88 130 103 48 55 5 83 117 7 79 129 2 61 100 31 108 22 
12
117 81 116 23 138 143 69 60 58 110 4 115 
6
141 104 127 5 45 121 
11
143 62 2 3 36 103 85 43 60 17 56 
7
118 91 79 97 70 65 132 
20
79 115 138 7 8 4 35 19 125 33 113 17 22 1 47 85 123 24 6 11 
17
4 150 131 97 35 25 87 96 10 135 67 43 88 30 49 76 21 
10
50 135 75 14 118 141 77 41 15 94 
17
88 105 19 100 110 128 20 140 8 18 92 42 108 5 101 60 91 
6
121 84 99 105 75 96 
15
104 127 108 133 12 82 24 78 98 18 89 26 92 83 23 
16
129 76 84 100 93 123 15 139 45 124 68 111 141 60 83 12 
5
27 55 16 60 93 
14
143 150 38 1 45 118 103 142 2 77 21 122 13 51 
13
31 47 108 96 119 64 89 80 26 9 65 28 16 
14
123 1 61 148 23 110 78 140 149 4 69 114 106 135 
10
143 6 1 7 27 30 103 67 79 108 
2
96 129 
3
101 55 128 
6
140 39 64 105 147 58 
8
1 105 74 65 40 31 147 97 
8
32 113 33 65 63 77 53 112 
15
141 124 114 3 31 20 87 80 35 75 42 132 129 10 101 
3
148 41 57 
13
139 91 40 111 22 23 94 16 136 64 118 140 103 
2
115 96 
20
92 84 48 31 109 22 99 102 143 144 21 74 130 58 26 89 129 9 132 106 
10
142 106 146 134 30 81 103 116 16 88 
3
89 33 138 

