200 40 
4
5 62 4 97 94 26 92 20 42 21 35 37 82 80 87 95 76 75 96 66 11 57 85 26 20 71 5 7 73 59 10 95 31 7 17 85 60 24 20 39 48 58 27 87 91 42 1 53 59 69 9 1 21 30 91 90 74 100 69 80 19 25 45 94 12 82 100 65 97 46 76 51 38 36 63 78 26 74 61 56 60 42 71 25 18 1 81 68 61 85 36 9 15 80 80 60 4 18 64 36 93 100 7 71 67 94 74 66 75 58 51 16 64 58 37 64 46 50 13 93 82 14 27 87 76 74 70 37 39 92 77 13 48 85 48 78 13 55 80 75 61 71 45 67 24 92 69 81 47 82 15 73 27 3 17 50 14 36 87 26 77 57 21 98 81 20 34 51 69 24 32 5 5 11 87 75 82 5 3 33 22 36 50 34 31 15 50 13 93 33 12 50 71 12 34 70 39 18 42 65 
39 62 16 40 100 56 43 8 38 86 87 88 4 67 8 98 7 37 8 25 81 87 27 17 57 60 95 79 34 28 14 28 63 93 53 14 76 97 37 83 38 13 49 56 11 1 33 99 85 80 25 11 13 40 3 11 7 35 58 28 46 25 4 74 47 77 84 87 51 43 29 12 35 48 1 8 20 12 6 59 82 2 61 9 30 51 70 42 12 11 45 90 74 4 20 19 49 52 4 37 73 76 2 78 15 34 10 69 32 64 71 94 60 36 2 72 50 14 32 87 90 35 90 40 22 20 33 4 1 62 87 83 36 99 58 21 96 13 81 51 23 72 53 85 52 27 87 62 12 44 20 50 47 12 3 15 8 20 19 99 15 51 56 90 66 82 56 98 82 24 42 13 53 21 34 4 37 71 47 2 3 67 96 43 21 57 80 44 92 83 11 93 72 39 95 53 4 65 6 72 
22 87 84 86 52 43 11 5 66 65 33 1 35 80 75 85 94 87 35 62 40 4 61 85 78 24 17 61 84 60 95 20 65 34 38 52 78 35 4 14 50 69 44 71 98 9 99 6 12 58 19 60 65 49 42 3 90 15 69 76 34 100 31 23 28 17 54 11 68 12 72 81 55 16 30 99 12 52 61 32 72 60 23 90 10 82 23 39 12 83 62 49 25 52 67 12 38 49 41 51 5 67 62 8 85 20 41 9 55 6 23 23 17 59 20 65 70 45 92 12 48 79 62 70 1 29 50 58 33 11 25 21 39 57 41 90 20 40 81 50 48 34 83 95 59 37 5 91 69 81 43 85 18 14 62 71 31 7 7 63 76 60 20 43 23 85 11 9 5 39 57 6 100 36 70 12 76 4 18 19 33 49 42 75 14 54 78 21 50 94 65 13 55 2 31 96 8 43 42 18 
22 37 91 92 79 5 93 23 90 32 44 2 87 33 3 10 37 5 28 30 33 3 87 27 73 10 80 9 15 80 47 9 96 30 24 29 49 20 69 7 76 45 74 52 23 50 91 72 64 65 50 13 65 13 97 19 43 98 80 73 41 33 37 33 85 91 90 49 49 98 42 69 90 69 39 20 3 10 7 23 88 57 49 97 59 2 57 77 50 80 72 29 38 49 51 6 25 57 35 36 44 15 11 3 86 43 18 62 12 61 68 17 70 69 36 66 19 46 7 20 99 7 47 28 57 79 9 72 36 9 41 80 36 38 5 59 7 32 4 19 78 34 11 56 45 65 75 44 32 15 85 61 36 81 17 26 32 95 25 72 100 8 65 48 35 92 94 4 17 25 45 85 77 20 98 35 78 100 64 51 74 97 87 63 30 78 25 85 93 40 24 28 16 98 38 82 82 43 23 91 
7
189 113 152 190 192 28 10 
3
17 187 108 
13
35 44 3 60 159 36 108 62 16 61 172 137 98 
9
77 95 52 125 122 181 157 90 182 
18
59 91 8 152 1 141 155 186 165 183 159 131 26 196 129 179 35 10 
3
32 134 54 
10
149 69 48 106 176 177 186 165 104 189 
20
19 67 168 158 24 162 132 76 153 70 4 108 85 81 28 68 79 174 167 93 
11
3 189 172 55 4 153 137 2 175 98 46 
6
140 60 161 151 97 144 
8
50 163 62 189 76 180 160 75 
20
119 56 117 63 141 61 197 77 50 132 129 89 36 114 195 96 175 191 17 134 
20
101 150 27 73 144 129 78 85 159 7 172 138 32 134 146 123 176 174 157 199 
9
3 116 102 60 4 82 147 171 43 
4
184 180 23 122 
15
31 84 175 69 52 168 132 50 58 6 97 193 95 199 198 
16
199 127 22 141 154 91 82 155 152 136 87 123 1 85 100 162 
15
173 49 92 15 50 134 65 128 150 200 53 9 12 21 151 
3
184 13 199 
3
186 157 97 
19
192 134 77 183 184 34 1 17 21 164 43 179 194 185 102 57 89 147 126 
2
103 185 
9
109 75 156 58 149 2 181 97 9 
10
25 192 199 191 42 14 123 46 65 9 
12
149 138 132 191 17 150 4 44 20 107 18 142 
20
81 77 23 83 179 116 180 71 25 191 163 190 26 138 181 74 37 101 199 8 
12
108 58 68 53 122 135 66 174 47 170 56 30 
19
97 187 136 30 106 105 185 45 149 82 115 139 98 62 171 72 76 122 88 
20
35 190 1 11 101 51 85 37 150 198 61 135 182 60 106 158 133 102 118 174 
9
118 33 51 83 130 128 60 12 188 
19
28 145 77 78 124 193 57 90 42 74 20 7 151 199 170 187 108 178 147 
20
132 116 107 159 43 59 28 58 95 151 68 142 134 176 42 180 185 80 17 104 
12
190 171 13 80 164 146 97 123 119 107 160 8 
9
155 177 46 166 195 143 25 156 175 
8
71 104 169 44 182 178 62 47 
19
11 183 150 149 88 162 98 57 48 115 56 135 40 170 169 192 78 145 1 
12
150 33 90 122 101 20 37 157 4 146 163 180 
4
127 118 196 78 
10
120 115 180 170 75 23 144 38 42 127 
12
56 154 111 38 194 126 79 78 174 171 124 184 

