200 40 
4
92 3 10 70 59 8 100 99 10 30 82 60 5 99 8 75 29 98 79 54 55 14 22 3 7 24 65 74 32 81 11 12 74 63 94 56 17 47 38 87 10 64 10 39 51 89 36 17 73 20 53 8 61 82 16 28 96 17 20 60 23 70 27 83 96 96 37 43 88 55 88 11 87 72 61 40 40 43 36 44 74 3 65 4 8 13 8 100 19 16 25 49 45 19 27 58 75 64 86 62 63 31 31 80 16 88 94 75 9 98 20 71 50 73 28 80 45 76 63 41 84 66 79 48 43 48 65 42 38 29 27 90 56 30 65 79 56 92 91 31 92 91 62 33 23 95 41 2 14 82 13 63 78 47 61 31 87 4 84 23 62 76 86 49 63 92 9 21 72 86 28 98 45 79 63 61 63 77 16 43 49 16 39 74 83 61 65 12 92 82 12 100 82 40 85 85 18 81 30 17 
2 35 36 14 22 29 6 74 72 6 20 9 9 5 70 24 80 40 10 3 3 5 47 21 15 72 90 32 24 68 44 34 7 42 49 55 72 97 39 42 64 96 69 81 36 38 6 5 13 93 57 62 28 59 83 9 41 47 73 100 86 85 39 53 100 52 17 18 57 2 44 55 69 25 81 45 38 37 99 94 14 37 30 83 88 5 1 65 46 40 23 79 9 53 46 41 52 94 81 52 75 91 60 75 83 33 90 90 15 41 69 18 73 57 14 60 84 66 63 93 57 15 48 76 42 31 13 15 79 47 37 29 90 96 55 88 57 47 94 28 67 29 66 71 37 67 1 84 43 93 62 27 16 2 34 90 5 69 12 39 69 21 64 78 15 56 96 79 81 36 46 94 69 41 28 27 25 54 38 82 36 69 46 74 80 46 3 37 25 12 14 40 90 87 67 99 60 84 77 85 
62 3 46 77 3 60 84 7 73 10 66 17 6 23 9 35 7 47 87 74 51 1 71 76 44 78 12 71 44 11 48 59 18 50 43 79 47 85 73 38 6 57 47 91 12 39 87 49 38 86 4 69 72 3 68 15 25 22 11 50 77 24 93 43 99 7 69 31 87 50 87 96 93 89 79 12 49 26 63 45 56 24 64 50 55 44 52 88 78 57 96 7 29 99 92 4 53 45 57 70 3 78 13 93 80 50 14 83 25 39 79 35 7 33 62 34 85 20 14 86 28 79 80 20 7 43 44 28 97 36 97 56 12 59 35 45 22 15 11 41 22 80 33 26 93 38 34 88 54 82 27 16 15 69 46 97 2 14 40 18 8 87 92 83 88 86 12 99 48 54 56 4 89 37 89 96 41 34 79 68 70 79 56 56 32 87 86 46 33 21 65 43 65 57 93 34 55 45 8 33 
45 8 11 59 28 41 82 79 72 54 16 88 27 58 66 12 8 63 93 75 92 21 49 19 78 29 23 97 78 59 8 5 77 83 55 87 14 75 3 30 51 58 77 53 64 51 39 98 82 14 69 92 60 49 4 31 98 11 48 45 30 52 51 64 47 34 4 96 98 75 24 26 82 56 72 41 24 66 52 27 30 39 37 67 25 3 80 98 97 82 68 65 77 7 34 36 7 25 64 26 45 11 3 96 99 63 3 60 44 95 25 75 42 83 75 42 74 19 8 53 62 12 11 15 23 22 21 39 5 12 15 85 90 49 33 50 91 64 7 67 91 19 89 23 58 74 2 26 73 35 2 33 75 88 45 58 61 11 42 63 74 14 75 59 28 98 55 24 70 17 16 90 28 5 46 60 40 9 79 79 72 74 33 58 58 39 28 51 17 90 52 1 17 51 94 22 70 89 54 5 
17
192 130 184 11 181 152 20 6 136 88 100 106 127 145 99 142 108 
13
48 25 124 56 95 91 93 138 90 47 1 104 153 
20
15 143 181 10 60 169 192 180 90 28 78 125 163 199 32 167 71 103 8 65 
3
124 171 185 
8
68 169 42 125 49 2 160 22 
18
37 35 81 192 19 182 185 167 129 31 106 140 146 184 116 180 138 196 
4
56 134 68 83 
3
29 182 121 
11
177 128 100 121 108 140 86 134 196 4 178 
6
158 193 160 48 139 89 
16
45 44 23 161 92 49 119 28 84 142 190 109 130 152 6 47 
11
7 44 152 124 43 59 92 68 163 110 38 
16
13 132 123 192 54 27 41 33 197 117 5 161 189 44 39 157 
8
144 124 64 7 110 59 185 49 
8
42 21 113 175 93 187 4 139 
15
46 13 98 116 88 101 143 192 94 171 196 22 86 15 64 
13
172 8 79 108 157 57 164 129 126 23 182 94 134 
16
33 137 49 102 52 22 32 131 27 93 66 26 105 163 168 34 
19
110 28 149 14 57 171 77 140 84 196 81 35 169 86 151 68 118 71 185 
15
51 88 200 143 4 11 43 67 1 69 173 180 37 40 33 
17
74 188 185 1 52 113 39 134 96 43 10 119 155 80 69 160 131 
7
147 71 25 60 115 154 50 
19
173 55 135 71 91 25 169 199 104 89 67 118 132 150 79 152 177 195 175 
4
90 15 89 150 
9
26 60 59 93 198 106 97 147 157 
4
4 199 186 175 
10
112 178 165 76 29 28 174 89 74 134 
13
56 186 189 182 77 161 78 50 82 19 140 101 165 
14
154 185 25 125 24 145 64 56 63 51 27 166 170 111 
14
131 118 111 85 30 182 98 138 168 94 189 178 58 198 
16
83 118 139 193 167 148 104 77 9 69 47 158 111 159 141 4 
17
140 153 45 139 37 92 55 26 114 141 200 158 100 148 44 101 95 
5
109 88 98 114 44 
5
190 111 168 146 35 
8
96 49 93 34 78 6 172 165 
2
54 79 
11
89 58 135 50 137 199 136 200 34 84 134 
9
100 94 190 143 193 123 138 20 13 
6
167 38 107 72 23 92 
16
5 160 89 66 54 23 166 39 161 92 18 142 71 174 84 179 

