200 40 
4
62 45 80 49 73 42 75 38 86 55 39 70 68 27 45 57 19 62 27 97 37 25 1 60 13 75 64 65 69 34 88 72 52 30 35 51 47 39 79 47 95 93 25 23 11 42 47 55 24 79 80 99 87 57 56 50 67 15 5 8 38 56 19 86 38 1 36 73 66 63 59 55 36 35 25 14 30 73 62 84 50 42 41 68 23 91 100 69 56 14 11 78 53 42 12 50 21 37 81 57 2 81 30 88 46 63 34 61 42 94 78 14 16 91 45 17 76 14 42 78 46 70 35 71 85 55 89 16 84 55 26 84 50 53 62 15 77 10 69 3 81 90 66 33 73 9 88 83 38 75 99 14 63 45 16 79 5 38 20 19 41 16 76 53 60 79 67 75 42 12 65 23 20 28 87 7 14 50 49 81 36 20 84 63 41 50 50 67 78 11 87 36 87 70 3 57 59 85 23 27 
4 5 94 71 74 78 80 33 96 33 60 91 80 92 98 25 28 79 90 7 22 44 45 75 25 47 1 54 65 66 56 5 59 68 15 76 25 76 20 65 53 42 97 96 71 37 72 27 51 81 46 20 99 79 13 32 41 88 85 80 90 78 69 5 17 28 26 87 4 76 5 32 89 33 67 70 57 62 70 51 28 43 45 59 31 15 39 67 10 63 33 92 76 98 1 55 15 43 14 100 96 66 76 49 61 8 74 77 11 48 10 45 2 32 55 41 43 33 17 45 43 50 91 100 99 75 44 58 4 80 36 85 12 40 76 5 82 5 2 59 3 91 72 67 27 32 1 15 62 13 32 20 34 94 31 48 11 71 21 53 67 9 16 100 52 95 29 15 48 12 90 42 62 49 29 3 3 8 67 93 78 77 91 72 88 93 11 28 34 49 18 58 16 33 62 72 23 30 87 22 
67 82 77 77 71 85 25 58 48 18 27 84 25 24 72 45 9 93 31 22 37 100 54 76 17 74 42 58 54 55 82 45 34 64 15 23 19 32 76 64 26 43 5 45 13 55 40 45 22 83 14 81 45 51 84 14 30 3 31 26 70 8 6 39 94 47 84 61 23 1 75 66 42 16 23 32 43 83 8 85 8 28 28 80 30 85 30 26 55 95 86 35 41 55 83 21 96 55 49 95 76 50 67 36 41 9 38 13 61 23 53 57 96 21 69 93 29 56 52 91 91 53 16 13 60 13 33 81 53 36 43 4 80 67 33 19 82 78 88 25 77 32 39 94 2 32 12 21 41 65 35 53 9 27 90 49 47 2 85 89 79 68 62 43 88 4 21 9 22 100 93 100 36 86 78 12 95 63 51 75 52 59 49 6 54 83 59 72 41 44 97 11 39 9 6 23 49 10 86 93 
4 34 46 93 80 61 24 1 14 22 82 68 26 13 60 68 29 67 94 66 90 76 40 97 29 65 84 14 43 17 89 68 83 83 49 30 19 37 9 55 20 68 62 39 80 70 47 24 21 79 47 74 82 47 87 3 80 11 85 48 13 13 83 76 22 75 80 15 66 91 65 37 42 47 32 95 27 44 50 81 41 9 35 63 49 68 55 57 73 49 55 1 24 14 53 65 36 37 100 48 53 25 40 99 74 92 11 86 73 20 2 39 100 51 65 86 60 38 95 14 2 3 86 41 18 56 54 97 11 22 26 95 27 44 68 87 89 66 61 43 79 56 9 80 11 4 21 25 44 64 2 17 79 85 5 2 59 92 65 70 8 7 78 19 96 65 57 84 18 20 92 24 37 84 34 57 63 95 14 35 83 10 20 8 56 24 30 38 35 38 99 39 52 87 66 78 64 5 41 27 
9
150 147 67 127 6 20 139 115 32 
5
165 153 96 100 20 
7
195 119 69 194 103 37 35 
2
135 177 
19
96 42 35 38 97 160 74 143 124 90 161 200 15 165 56 137 19 91 3 
2
47 158 
3
150 38 155 
13
162 187 89 120 161 144 23 28 167 78 7 188 47 
5
30 9 131 61 106 
16
67 62 152 66 55 149 189 128 198 188 40 45 83 124 141 21 
17
104 77 136 125 76 159 91 50 197 53 113 79 155 140 120 23 115 
20
7 112 159 190 25 20 169 72 139 84 116 104 81 151 172 9 165 50 16 64 
17
53 152 122 34 56 141 49 168 98 134 176 74 65 174 14 199 36 
9
180 85 106 62 69 35 162 91 185 
13
133 103 45 62 80 117 86 194 37 14 55 98 87 
8
106 190 71 33 59 11 4 21 
7
90 181 160 148 50 128 55 
20
7 48 23 14 104 193 176 84 22 115 127 41 82 47 8 185 53 153 38 96 
5
80 117 68 193 183 
11
196 118 126 65 153 18 61 3 120 105 133 
20
137 132 145 13 42 108 125 36 57 43 82 194 26 149 191 187 114 32 103 12 
2
57 120 
19
132 77 89 4 68 91 156 96 35 188 192 103 195 84 60 136 64 6 10 
11
66 183 41 128 76 171 112 194 85 200 150 
15
112 3 54 74 2 26 191 116 166 69 172 89 135 139 182 
9
58 1 2 11 74 21 3 96 79 
8
76 121 81 90 49 54 171 183 
20
154 137 139 196 112 167 181 162 63 102 86 60 54 97 25 83 159 76 144 115 
5
141 182 5 40 60 
7
22 112 35 192 94 43 1 
3
80 73 63 
16
98 84 87 122 68 146 88 168 125 181 109 42 56 92 121 91 
17
174 168 58 105 166 43 186 6 180 46 32 100 82 195 113 67 68 
14
198 35 178 25 143 195 32 21 103 152 187 83 153 134 
13
45 103 89 167 68 196 197 98 46 148 40 85 58 
6
111 38 193 87 46 113 
13
33 184 99 85 96 135 189 112 117 114 82 73 144 
8
139 41 182 22 76 110 30 64 
14
90 115 50 149 73 96 5 158 44 61 19 49 26 122 
20
117 76 58 37 95 9 196 108 167 197 173 123 103 200 107 25 100 106 88 59 

