200 40 
4
93 49 50 11 3 25 21 22 80 61 70 48 73 55 94 99 74 68 10 55 32 94 79 94 27 60 85 64 51 80 69 15 18 11 6 82 16 75 1 69 14 18 2 74 92 39 56 22 82 90 97 39 35 66 83 65 3 18 84 80 7 64 43 72 71 12 85 56 86 69 87 66 66 1 98 37 38 45 82 6 39 29 93 91 52 99 35 6 27 65 56 12 84 20 38 71 66 56 15 79 92 51 84 8 68 66 97 93 97 41 3 87 29 42 49 59 21 23 74 55 77 84 1 85 24 61 79 64 2 40 3 50 65 47 66 62 62 41 92 79 57 67 71 50 68 77 47 46 1 65 39 9 76 100 87 56 25 62 76 7 61 8 35 94 15 6 30 20 85 39 58 10 64 6 93 9 45 50 91 1 80 98 57 15 15 33 5 1 1 75 65 31 91 6 26 53 24 14 37 48 
88 45 35 95 79 21 38 51 93 80 66 60 20 97 35 7 45 7 86 40 7 55 10 45 21 5 76 100 2 100 80 22 100 34 25 58 76 37 89 67 7 91 26 71 52 83 33 40 65 99 74 78 89 47 91 29 88 54 86 69 68 13 62 20 19 39 88 84 81 89 81 80 22 41 56 96 69 73 37 98 88 62 97 40 90 73 3 67 13 99 82 72 1 90 43 88 58 83 87 54 36 43 32 11 60 68 13 94 96 13 18 88 91 51 56 9 87 86 80 99 37 58 3 14 38 81 95 29 64 90 98 85 24 81 7 85 91 27 54 78 8 94 61 2 10 96 46 15 88 3 66 42 57 62 11 73 76 68 21 25 94 91 76 32 23 98 94 57 41 52 83 67 82 43 83 48 1 30 2 50 8 87 51 72 18 30 89 56 61 54 35 94 67 21 59 98 74 5 64 19 
69 9 60 19 17 53 59 19 84 27 98 99 10 34 77 45 88 85 95 57 10 44 97 71 33 38 92 25 6 9 63 25 78 22 93 76 41 100 97 65 9 7 46 16 9 74 43 80 30 22 36 92 34 47 4 68 31 51 48 47 84 80 30 89 100 56 91 81 26 77 81 59 55 46 86 81 66 27 18 25 95 20 18 96 51 29 64 95 56 19 1 58 19 90 6 48 65 61 4 57 80 19 45 21 79 99 79 11 51 47 48 26 20 32 41 51 70 96 92 85 42 52 79 66 33 75 18 9 64 38 15 12 12 93 27 29 13 64 15 37 78 76 43 9 54 84 8 56 16 48 75 39 34 88 15 18 33 90 33 54 15 90 96 48 36 34 28 62 91 97 5 11 79 73 17 42 24 47 73 77 8 39 82 27 78 27 15 16 95 89 18 86 95 75 18 43 64 94 83 72 
81 64 8 29 50 80 7 28 25 78 95 44 7 14 56 22 61 60 42 51 38 32 81 37 63 23 13 85 65 26 6 71 9 75 73 29 89 69 24 2 23 89 72 9 58 91 58 69 11 14 93 48 11 18 100 18 4 33 19 94 90 37 12 44 5 27 19 21 8 91 30 52 28 3 2 67 68 46 94 68 3 42 18 49 76 4 19 11 86 5 92 73 66 36 41 74 12 6 4 37 7 60 68 46 26 20 74 72 98 53 45 72 18 55 55 30 33 76 12 79 30 96 35 49 39 27 58 50 5 59 28 34 54 16 51 73 5 34 60 30 78 83 35 79 58 25 77 24 27 64 2 10 10 46 60 3 74 5 33 41 12 47 28 14 32 43 53 16 54 68 24 16 26 97 65 82 46 65 6 65 14 5 3 82 42 23 93 79 69 61 6 78 66 59 4 2 32 30 19 78 
20
39 18 67 146 158 100 59 187 16 66 55 132 120 182 167 4 104 96 40 142 
6
150 179 67 37 41 42 
13
128 72 69 9 42 65 50 163 51 54 172 164 61 
15
167 15 93 119 95 152 45 10 120 70 136 84 58 155 181 
9
194 91 171 24 26 51 113 100 114 
5
115 75 186 93 124 
15
112 187 186 72 91 69 36 160 185 159 107 53 61 114 171 
4
17 6 159 150 
13
52 180 14 58 129 194 59 142 115 8 46 98 148 
11
173 28 103 118 137 196 160 6 91 53 96 
8
103 10 123 122 161 153 1 34 
9
105 128 177 25 192 32 102 86 21 
3
4 162 155 
16
154 179 100 169 138 176 181 173 65 51 70 135 85 180 61 193 
4
115 17 84 73 
5
195 138 9 81 85 
13
188 97 171 68 21 49 130 19 23 14 107 172 177 
12
23 28 82 181 109 178 57 78 156 118 176 55 
15
23 97 59 56 147 38 73 68 15 65 41 9 130 43 32 
9
150 20 96 53 192 39 161 154 179 
20
111 93 141 131 128 9 114 78 11 64 79 185 149 31 116 106 17 88 12 142 
3
37 33 180 
10
176 118 170 195 88 105 70 116 12 97 
16
77 113 176 199 32 74 92 130 194 71 167 6 154 142 58 191 
5
48 195 185 152 43 
10
156 99 49 47 180 8 119 100 89 186 
17
20 18 56 197 17 125 106 127 40 161 5 160 9 72 77 22 151 
7
68 170 178 77 104 117 1 
20
3 133 35 189 42 6 131 107 128 153 59 4 129 150 60 28 62 197 108 65 
11
179 98 37 11 113 59 55 41 149 7 117 
16
81 163 4 94 61 152 91 139 113 115 191 28 82 112 15 103 
19
173 79 93 82 112 78 102 38 9 12 63 119 124 164 17 178 169 14 69 
19
68 36 189 61 175 19 96 147 176 130 80 63 186 178 127 65 71 31 151 
3
101 198 113 
2
154 95 
10
67 121 123 176 100 191 2 63 155 148 
17
127 178 83 168 164 11 30 78 22 102 49 39 184 46 186 80 8 
14
39 44 128 62 7 133 161 27 138 65 13 12 17 167 
18
185 128 5 19 52 106 184 90 162 159 49 93 67 50 60 120 187 71 
19
183 148 197 160 79 190 194 158 74 162 66 62 38 45 174 99 92 39 133 

