200 40 
4
83 5 12 38 8 35 18 26 13 90 3 21 39 33 39 52 83 56 44 58 63 4 99 12 22 31 64 14 26 2 21 85 19 46 71 97 61 1 99 15 21 90 51 63 96 61 28 68 11 70 51 10 100 39 65 77 59 53 84 13 7 64 12 45 32 57 93 25 62 30 55 1 91 55 91 63 42 93 98 81 16 79 28 72 95 62 9 46 27 67 83 86 82 18 4 69 54 45 35 16 44 66 54 47 49 3 95 11 60 38 26 2 40 92 22 96 21 66 48 35 31 93 43 51 58 22 40 10 7 53 89 26 66 23 11 67 36 44 41 17 56 81 16 42 69 99 7 37 16 75 39 7 70 34 74 51 6 84 75 91 23 33 80 35 21 62 84 84 34 23 21 4 37 90 48 72 48 74 78 57 99 25 53 92 81 17 31 36 28 45 92 14 70 63 24 45 68 33 22 45 
86 92 47 50 53 89 80 95 72 85 63 38 34 77 71 92 72 98 77 54 9 70 73 72 77 18 92 43 8 32 88 95 81 4 15 91 74 6 13 27 40 44 99 98 81 44 47 16 32 43 3 10 61 9 17 40 18 43 6 6 46 31 66 11 93 10 89 82 31 1 85 40 94 61 85 1 14 55 17 67 51 17 56 86 49 59 64 98 98 28 52 74 99 3 66 29 87 54 30 25 99 89 18 53 39 49 85 71 48 37 61 15 52 56 53 89 72 97 6 34 1 21 66 18 69 32 6 44 32 54 81 89 21 38 52 47 18 91 66 18 94 46 72 84 57 80 77 42 42 50 35 80 21 12 61 62 50 73 34 97 83 74 56 58 53 50 96 71 68 98 51 43 65 92 37 76 92 13 47 29 61 56 48 88 51 7 36 36 87 42 49 20 31 18 86 12 48 21 96 32 
85 36 4 34 93 59 26 63 69 1 66 21 20 74 92 30 33 11 45 20 36 22 14 50 69 82 58 72 31 40 58 58 42 49 63 77 73 17 31 60 82 27 29 43 34 96 7 2 38 76 65 6 79 90 76 62 11 58 96 4 61 2 40 67 73 58 45 96 26 44 7 7 33 62 88 71 41 92 35 49 60 4 20 53 57 88 60 35 7 23 81 72 29 83 40 49 74 94 44 9 59 4 80 35 31 18 35 64 91 93 63 39 21 28 15 85 76 79 26 72 31 59 37 44 63 100 78 26 33 74 99 97 44 93 70 56 10 22 61 19 20 77 87 90 94 43 91 8 89 43 4 19 18 63 87 77 70 24 49 60 11 54 60 77 65 42 70 57 39 27 79 10 98 68 100 85 14 12 74 24 88 74 63 38 32 57 84 7 54 33 61 36 8 2 79 7 96 66 43 16 
98 16 33 60 95 2 36 20 76 64 100 38 24 56 54 82 56 75 67 2 12 82 29 78 80 5 58 60 45 87 47 96 59 80 31 99 52 56 36 16 76 68 31 38 13 25 11 47 66 11 68 23 96 57 18 53 17 36 89 32 90 55 77 42 86 16 83 74 9 22 10 79 24 75 29 74 23 73 14 68 87 10 94 33 79 78 46 90 13 23 50 45 98 5 6 17 50 91 1 12 5 83 12 76 41 66 39 88 61 33 25 37 49 72 93 27 90 63 42 84 19 22 92 79 61 7 23 36 57 98 61 5 57 85 82 41 56 52 83 58 68 71 13 50 51 61 100 17 10 19 5 50 57 99 82 82 90 1 49 50 59 38 57 11 9 20 33 77 66 77 14 16 33 19 73 8 85 28 68 13 94 77 89 3 85 74 52 44 6 8 93 83 57 24 21 21 83 75 41 36 
9
9 185 89 194 166 55 120 88 178 
12
118 6 124 142 144 16 103 22 20 190 83 158 
16
60 173 96 102 91 197 177 80 51 34 142 41 62 29 172 74 
19
104 185 63 40 27 164 33 157 36 120 51 62 34 76 81 125 78 80 10 
8
131 191 3 112 9 35 172 17 
14
21 127 177 121 180 45 135 85 149 114 152 68 118 30 
6
39 149 5 175 100 89 
12
185 183 88 123 14 56 117 184 127 84 182 62 
18
76 36 200 21 54 148 40 115 29 174 166 119 77 161 17 26 8 123 
13
23 32 51 63 135 19 78 46 192 116 39 35 173 
8
176 65 104 35 139 36 72 87 
16
51 98 111 43 175 156 107 149 126 20 71 57 159 177 172 59 
8
139 178 122 196 28 189 132 198 
9
28 141 139 4 126 51 66 57 43 
17
115 47 160 145 143 116 133 101 31 164 69 106 161 112 59 48 117 
12
192 157 159 144 150 69 130 193 187 65 68 199 
18
28 159 81 39 194 175 77 79 47 172 180 40 181 97 60 101 116 7 
19
27 138 75 36 1 163 84 23 154 89 49 120 83 65 100 104 35 185 186 
15
84 5 64 121 15 94 31 156 150 56 75 78 140 145 52 
3
138 15 129 
5
12 2 27 71 32 
18
24 197 129 191 17 23 157 20 175 67 112 6 13 193 97 55 148 75 
14
107 109 183 136 198 152 92 46 150 99 66 49 173 2 
19
147 149 135 96 116 76 13 21 159 161 115 15 109 94 78 69 151 104 170 
17
17 194 72 116 151 61 122 87 149 31 78 7 20 83 23 139 197 
7
71 36 1 47 158 123 134 
11
13 195 123 200 92 132 34 163 68 76 112 
13
11 184 142 100 79 84 99 191 104 156 188 87 67 
5
1 55 51 150 110 
17
177 23 11 169 16 151 124 97 29 130 85 54 161 118 116 144 171 
12
121 67 22 125 37 131 38 126 184 120 114 31 
17
86 67 146 159 96 115 23 38 150 52 151 154 161 7 193 117 1 
6
91 101 181 15 69 72 
20
13 143 162 188 31 26 67 192 147 96 190 10 27 111 183 137 160 158 36 198 
8
24 56 133 2 144 41 164 183 
11
5 19 98 146 172 68 149 170 75 102 18 
2
186 136 
18
52 175 29 65 130 42 64 125 153 58 22 110 88 163 198 30 80 135 
5
200 87 117 179 128 
11
95 149 158 194 168 15 99 109 161 154 68 

