200 40 
4
19 99 98 63 2 97 34 89 53 90 66 47 90 63 20 65 84 14 25 27 39 65 71 32 30 15 50 55 92 40 19 1 76 90 69 67 75 46 72 85 32 5 51 32 45 45 46 4 52 31 49 43 63 41 39 58 44 94 28 21 11 21 95 91 15 30 62 8 45 53 94 30 45 9 32 91 14 73 8 73 21 47 41 14 70 53 11 30 63 94 34 23 72 94 36 10 24 62 68 47 73 78 7 12 23 34 2 73 18 46 65 37 1 20 30 64 4 3 43 3 29 85 51 63 89 13 9 51 96 24 51 74 32 79 9 91 93 10 16 29 12 96 14 93 68 61 88 54 85 45 19 20 49 40 55 98 79 64 79 57 26 58 24 70 5 25 31 84 19 34 12 80 2 75 78 76 18 51 25 8 48 73 55 91 65 34 56 77 64 65 66 51 97 69 13 86 33 53 17 89 
44 35 95 55 48 63 83 57 47 68 93 45 62 97 78 57 26 2 3 5 66 86 94 15 7 26 53 15 81 80 81 91 25 81 44 22 29 99 63 2 49 17 34 80 21 46 90 47 47 20 40 25 13 81 67 32 52 32 48 4 42 89 42 99 71 49 86 11 3 26 38 94 34 76 20 94 20 37 5 51 25 25 7 55 42 45 26 10 36 69 71 4 66 85 73 3 85 91 11 32 52 25 4 75 34 76 35 88 58 21 29 75 97 34 57 84 7 13 35 58 65 13 80 83 69 83 75 16 45 72 63 51 64 9 75 90 16 92 99 85 27 80 87 14 9 33 43 27 79 64 15 83 100 79 92 80 1 29 32 82 58 18 100 72 15 45 20 10 74 21 37 74 71 78 67 11 45 51 71 61 62 53 26 4 62 1 66 11 80 37 52 20 82 53 52 37 87 93 24 57 
79 43 83 76 7 27 73 80 93 85 8 92 90 46 44 2 94 80 67 33 79 91 93 30 77 87 2 1 98 60 15 84 8 77 53 21 46 78 37 15 97 78 38 38 51 82 74 55 47 53 60 73 81 18 62 18 6 78 92 56 4 40 57 6 40 3 59 56 41 61 51 96 41 64 9 24 41 38 15 55 80 73 44 63 95 77 47 77 74 62 84 18 37 19 73 4 13 24 54 26 96 87 64 8 51 67 66 88 13 83 61 41 86 60 89 42 57 98 15 89 85 36 50 25 12 68 97 44 74 74 56 7 19 98 7 77 59 87 76 32 75 31 68 42 42 45 91 7 9 3 9 65 13 23 16 6 95 47 37 93 9 30 70 66 22 54 57 47 36 72 53 83 16 62 75 70 79 59 2 80 1 69 82 54 2 91 35 61 73 7 45 86 42 84 47 43 9 55 3 8 
25 39 10 22 44 92 79 89 49 19 2 14 28 1 65 6 67 9 49 42 11 5 60 51 18 22 64 42 45 51 5 29 49 16 80 52 47 16 95 16 64 2 58 10 49 57 84 5 32 18 34 28 77 34 9 28 89 70 50 92 51 74 57 47 45 24 86 50 90 80 75 72 52 13 1 76 13 55 91 22 10 11 62 32 61 51 59 78 8 16 60 17 28 79 79 99 25 51 41 4 17 94 73 8 96 4 12 2 6 71 71 9 80 71 67 51 3 47 79 4 24 54 29 56 1 68 23 41 70 21 75 80 3 71 51 90 67 53 94 51 17 77 69 94 63 64 82 100 41 96 23 16 11 31 7 16 91 25 80 15 63 97 100 6 91 91 90 17 97 51 64 11 89 35 69 53 46 24 76 1 66 15 92 90 89 67 45 85 76 40 67 97 34 96 15 63 22 15 91 100 
9
72 139 124 78 23 68 154 66 159 
4
96 38 90 23 
20
47 195 66 23 52 69 165 34 122 104 188 17 49 78 144 38 111 36 200 146 
11
185 49 116 108 165 12 69 95 149 94 183 
15
123 101 8 163 26 48 120 75 57 161 22 1 32 146 108 
7
36 69 194 16 71 50 58 
11
142 65 185 88 101 143 147 126 56 139 199 
20
198 165 33 79 196 172 138 115 169 61 39 94 37 102 85 41 114 136 34 78 
10
5 185 60 112 80 169 100 47 40 56 
13
68 124 121 61 196 145 101 190 12 198 44 110 163 
10
36 175 74 31 44 90 69 194 11 87 
20
108 56 135 156 121 194 9 75 188 173 77 161 119 87 168 76 52 64 112 37 
16
75 139 110 106 84 12 28 199 120 165 183 122 97 130 54 137 
3
192 47 80 
4
137 4 168 197 
13
82 64 3 5 24 143 111 199 11 51 12 72 90 
12
4 33 200 112 106 59 49 172 64 129 134 187 
10
44 64 184 57 25 9 33 130 134 80 
8
90 82 51 59 113 153 36 173 
7
175 16 28 13 114 120 98 
16
177 87 182 110 187 174 59 28 149 7 85 134 126 131 63 153 
19
11 165 17 117 94 142 169 60 174 10 22 32 159 177 54 65 143 58 89 
16
65 134 68 169 10 177 66 137 90 34 153 51 13 185 93 48 
10
7 99 175 48 107 30 166 23 33 114 
7
26 153 111 168 194 131 18 
11
116 110 9 195 118 131 139 22 129 49 111 
11
138 82 143 110 152 29 129 176 165 124 56 
15
165 53 89 156 116 111 124 44 98 90 59 154 38 56 72 
2
168 137 
17
195 155 163 61 13 22 85 110 102 2 181 44 10 25 46 119 126 
5
137 121 87 38 152 
13
46 149 174 177 91 77 106 191 189 5 41 178 28 
10
52 7 58 116 145 108 151 182 189 95 
2
131 123 
19
148 200 122 84 32 25 22 83 73 8 76 131 161 78 173 190 71 2 145 
19
8 102 105 40 17 126 90 150 64 115 37 29 104 21 195 81 13 196 144 
13
74 34 146 32 58 54 110 191 41 138 69 1 156 
13
151 160 72 177 109 194 197 110 143 167 169 5 49 
2
21 17 
18
150 148 113 54 164 74 138 48 75 77 4 55 110 180 107 154 118 24 

