200 40 
4
5 82 66 49 14 94 33 88 45 72 32 91 80 11 53 20 14 89 36 12 55 91 100 96 14 2 45 33 90 3 57 48 87 46 65 71 7 35 74 57 74 89 18 87 29 44 52 73 58 59 92 45 35 90 2 34 32 38 22 43 95 24 23 40 68 69 25 26 70 73 3 22 35 31 56 3 60 68 40 20 83 41 48 80 17 21 56 6 88 97 65 77 27 46 83 95 24 44 74 97 99 15 93 13 72 95 51 90 36 97 52 63 59 30 25 48 83 85 13 52 91 94 92 50 43 71 15 40 2 69 28 100 22 51 68 46 30 40 79 49 27 42 99 1 87 61 77 40 32 91 53 85 73 91 26 50 97 39 100 79 42 54 57 84 40 12 1 99 17 82 70 79 53 55 70 10 3 53 22 1 65 62 96 62 51 87 78 73 88 48 44 93 16 46 87 37 4 46 67 16 
41 89 26 66 80 66 20 98 97 91 96 56 20 39 84 42 18 6 55 13 37 60 19 78 39 54 57 51 50 90 10 56 67 76 56 77 38 36 97 19 32 95 38 3 56 38 93 30 36 72 74 22 72 9 88 93 23 40 97 4 26 57 67 1 66 16 36 9 21 20 38 40 68 20 94 84 21 83 20 25 50 28 49 2 52 59 11 49 85 60 38 91 54 1 14 27 52 73 75 73 32 16 65 93 96 73 73 7 94 60 1 74 47 62 44 26 92 62 42 95 61 26 72 88 80 49 18 12 42 18 67 93 34 84 67 37 35 18 27 87 93 40 96 89 72 70 79 14 81 53 60 98 78 44 22 56 86 85 41 87 63 99 66 28 30 31 51 7 26 54 77 48 91 88 9 97 18 19 77 52 52 9 1 21 76 59 14 76 30 71 25 16 33 76 98 85 33 8 20 72 
37 67 6 95 55 35 20 33 50 74 49 60 49 18 14 89 48 19 86 24 4 80 18 39 90 37 64 19 2 67 83 63 39 39 18 32 11 27 14 2 95 66 5 41 88 65 34 7 64 55 80 1 88 43 66 57 82 14 61 99 77 23 23 68 90 76 1 34 14 30 19 98 63 35 15 72 76 95 80 65 83 41 30 53 55 9 19 70 53 40 82 72 80 6 93 12 47 32 68 7 10 53 100 67 30 96 68 23 84 64 70 16 34 46 67 55 29 22 76 3 44 32 47 91 96 64 88 33 54 91 93 67 6 44 99 18 31 20 64 25 12 65 95 2 93 39 63 60 80 3 36 68 24 67 100 65 30 86 28 36 23 17 38 26 38 71 3 62 86 89 60 89 12 75 100 91 1 82 73 14 34 79 83 87 70 25 10 97 22 50 22 56 74 12 41 13 83 72 14 15 
77 66 13 86 36 38 98 60 80 31 89 98 40 8 35 34 82 17 17 42 44 73 1 53 89 79 42 15 77 47 19 72 97 15 45 94 52 13 56 74 14 83 83 91 96 55 86 3 77 15 76 55 84 6 19 5 100 2 93 44 63 10 77 99 35 39 73 80 73 12 76 60 74 71 99 71 31 83 68 96 40 2 17 16 64 85 85 98 58 54 46 56 39 12 90 69 80 55 29 47 81 99 17 26 78 69 82 11 97 55 22 93 24 69 8 14 5 96 49 47 11 24 14 57 40 45 90 1 69 26 13 68 92 68 67 75 85 49 81 91 44 89 80 60 21 32 93 54 73 79 3 98 65 56 58 15 84 23 61 42 33 57 45 44 56 3 22 2 59 61 85 39 8 27 94 66 88 2 90 3 5 2 9 22 92 88 18 29 45 40 2 12 62 33 90 32 45 88 7 44 
5
139 132 17 171 127 
6
32 38 181 54 138 73 
6
102 60 179 62 119 108 
2
139 104 
17
31 40 142 33 180 136 138 175 12 96 18 77 178 34 88 104 70 
15
50 160 96 40 113 147 171 46 131 86 3 123 142 8 168 
13
102 40 138 84 162 105 146 189 128 21 47 153 66 
16
50 112 200 86 89 29 61 85 38 151 8 117 21 114 105 144 
12
22 62 15 192 66 14 181 150 12 112 146 37 
20
115 121 179 138 119 89 113 157 37 177 58 3 123 199 167 27 32 21 34 63 
5
152 115 195 60 199 
8
101 25 197 51 83 156 155 200 
10
105 145 42 199 43 57 194 128 12 13 
2
31 146 
6
200 41 125 96 81 136 
5
55 19 11 68 33 
7
4 142 98 8 63 197 80 
6
94 157 125 60 77 128 
15
101 83 14 159 51 174 84 126 109 132 40 156 163 80 16 
13
68 59 131 139 8 117 135 28 105 150 93 109 39 
7
108 71 95 75 42 27 19 
9
86 92 91 89 176 52 98 108 134 
5
38 21 58 90 91 
4
173 185 17 85 
20
83 118 98 62 198 183 89 169 88 132 156 110 40 31 76 167 78 187 158 186 
4
155 11 120 148 
4
21 149 10 69 
13
27 46 31 191 96 170 73 14 41 169 139 106 16 
15
71 183 99 194 173 36 26 184 24 134 200 132 118 145 74 
16
171 111 43 197 178 112 6 109 54 66 35 106 131 147 64 139 
15
90 57 64 11 182 148 126 147 130 13 199 25 127 159 95 
2
36 135 
2
199 141 
8
24 87 146 161 94 56 54 160 
18
104 136 160 146 37 78 84 149 5 174 159 27 171 184 26 58 95 139 
6
131 78 79 174 141 13 
19
161 17 115 119 199 188 167 85 141 169 25 9 146 198 7 138 179 81 148 
9
94 125 22 78 50 109 63 123 98 
19
158 70 176 173 54 34 181 12 118 13 1 28 79 84 180 141 60 3 75 
4
4 155 75 132 

