200 40 
4
89 44 28 42 98 98 80 40 1 55 74 43 11 63 51 71 30 100 74 8 18 91 13 82 91 76 5 33 34 29 74 54 70 2 49 92 43 57 19 37 48 25 4 27 14 97 49 65 9 39 94 27 88 48 90 15 62 6 24 43 57 47 30 39 63 98 6 40 52 21 1 80 3 98 35 75 97 11 28 18 91 51 97 8 93 49 90 11 98 72 6 43 65 14 61 77 52 26 3 3 42 12 99 19 74 68 54 86 89 88 26 5 88 8 57 53 8 68 79 27 96 58 2 58 17 57 43 59 55 20 34 64 66 32 25 61 55 25 29 54 90 4 81 85 57 87 37 73 76 96 46 69 16 70 20 57 80 12 73 8 39 28 78 2 20 67 96 15 6 54 37 89 22 54 31 45 8 86 98 94 67 29 32 25 70 1 17 53 60 37 95 34 64 59 49 40 2 58 82 94 
77 69 20 7 33 28 13 7 94 89 73 58 75 28 29 38 7 81 21 98 79 31 65 3 8 63 53 19 34 72 36 79 85 48 25 42 10 10 5 7 5 85 45 38 28 62 11 1 27 43 40 40 48 71 59 15 88 29 20 69 13 88 61 59 53 38 52 19 92 65 56 62 91 66 19 93 43 97 20 29 89 39 40 11 75 77 18 85 76 17 49 65 6 30 96 99 57 4 3 53 61 94 49 27 86 86 64 71 19 38 96 44 19 96 77 88 74 13 53 73 84 15 52 76 21 90 4 10 24 37 71 38 43 78 16 3 38 100 5 86 16 31 23 72 52 78 77 80 19 72 59 49 74 69 42 54 69 81 12 94 48 54 11 82 43 99 94 23 2 91 38 45 54 63 2 54 77 71 68 8 6 41 75 98 2 66 9 74 65 50 27 48 44 89 34 52 60 79 29 11 
58 79 59 68 19 45 27 63 89 20 16 67 67 52 2 72 49 31 3 66 47 69 98 23 11 58 19 12 87 21 38 78 56 16 52 63 83 90 19 78 14 81 1 69 33 80 39 87 66 12 96 13 53 52 55 16 81 34 87 93 50 63 42 64 59 57 15 47 81 31 100 65 66 63 21 58 71 45 10 10 49 62 94 93 40 71 26 2 34 2 20 9 34 56 89 86 20 16 17 22 60 59 89 86 86 64 55 29 93 24 31 31 28 96 3 35 13 31 45 62 89 58 73 85 80 82 47 10 10 88 28 46 100 87 52 83 3 73 85 23 100 30 62 13 5 80 84 18 15 54 68 75 22 81 36 83 61 13 12 75 3 42 25 9 54 13 23 91 93 11 21 79 97 67 4 2 44 65 97 86 58 73 61 100 64 57 92 94 11 45 59 80 6 82 80 46 5 2 62 38 
18 45 28 75 72 92 43 41 47 57 97 98 62 87 41 16 100 24 20 63 66 51 4 14 94 97 7 39 89 2 84 61 95 38 74 46 65 100 90 37 16 83 19 50 59 43 83 27 81 19 5 31 89 14 28 60 10 79 26 44 21 62 74 41 8 9 61 51 28 27 53 72 6 89 16 27 76 2 87 80 46 44 85 5 52 65 1 27 40 42 16 47 90 85 4 34 60 9 5 27 39 56 73 93 47 60 35 98 37 97 17 61 87 90 86 53 95 19 91 59 10 90 90 69 90 39 29 18 60 100 72 29 75 51 93 95 62 84 95 1 62 72 16 35 33 22 34 18 9 9 68 39 51 90 6 15 94 24 20 8 10 26 88 72 3 24 64 21 21 12 55 60 2 91 8 32 92 36 92 7 82 70 18 91 64 59 46 96 98 25 96 45 62 95 7 78 55 3 45 47 
8
155 49 145 148 196 46 8 15 
4
55 22 143 66 
20
71 183 102 67 4 92 11 171 90 153 137 118 161 143 51 129 193 109 80 95 
20
56 76 2 94 198 39 68 128 188 65 189 30 110 83 124 50 187 72 119 48 
20
185 86 35 28 194 139 70 61 76 26 120 171 199 123 85 87 20 4 44 89 
15
49 68 184 82 18 151 84 74 62 196 143 187 103 120 159 
13
65 140 154 35 178 164 86 75 160 24 96 161 3 
8
157 57 31 87 14 189 98 33 
6
80 32 15 155 127 90 
16
186 53 131 144 51 48 37 132 139 156 111 114 149 89 160 88 
17
90 148 188 185 23 88 60 39 155 120 17 107 93 53 91 179 34 
6
133 125 51 180 174 36 
20
82 56 109 119 7 105 154 156 86 47 158 25 168 31 193 5 79 196 162 176 
20
123 114 70 165 3 195 188 54 193 68 168 145 132 18 136 200 98 36 41 194 
13
167 179 151 12 20 145 194 164 109 123 104 10 119 
6
125 111 143 38 163 97 
6
161 93 46 23 13 156 
9
83 80 74 176 24 23 59 134 75 
15
200 106 194 127 21 39 68 57 199 125 11 97 187 54 158 
7
53 63 195 14 109 18 55 
10
169 191 68 115 2 105 49 39 40 167 
15
26 107 81 42 165 198 35 114 189 190 146 108 74 192 5 
13
113 45 23 115 161 153 62 35 145 165 7 95 16 
19
106 171 27 11 97 124 85 18 122 166 188 175 65 21 53 115 84 116 137 
9
19 178 15 147 123 59 92 110 60 
18
175 140 61 77 142 135 23 99 41 164 184 123 130 50 57 121 119 181 
8
63 31 39 51 181 104 140 18 
10
127 181 4 168 132 187 128 73 41 142 
15
140 87 199 2 40 142 91 48 128 108 165 143 28 85 54 
3
73 191 13 
12
134 36 68 164 50 193 179 188 13 93 80 182 
13
73 9 164 32 68 124 197 56 156 130 27 188 108 
10
133 119 50 105 69 39 187 77 15 86 
11
178 121 194 198 163 87 80 55 78 7 41 
10
198 160 75 186 191 1 83 153 43 141 
14
153 79 133 77 62 66 190 131 65 26 36 193 69 122 
2
82 54 
7
36 167 2 30 79 175 70 
14
20 116 166 160 197 119 47 72 170 149 82 58 1 46 
20
39 153 135 11 131 133 141 74 84 116 45 196 101 40 132 166 30 93 89 34 

