200 40 
4
39 21 87 8 73 86 84 19 32 17 96 18 89 54 49 38 33 94 30 73 77 45 18 45 10 59 56 89 99 51 9 56 80 33 82 3 4 65 22 73 100 86 30 45 27 35 8 57 28 8 51 6 70 38 55 82 94 67 7 29 81 77 5 60 10 41 71 82 19 8 4 26 62 6 68 74 34 91 96 19 33 34 17 3 12 93 81 11 15 12 55 76 19 52 40 61 72 36 8 58 1 95 49 11 38 82 67 46 59 38 90 58 51 98 80 31 72 45 50 92 85 9 42 73 91 59 31 57 43 11 21 78 74 98 87 19 73 62 64 1 30 49 53 59 92 9 63 96 43 46 40 25 52 35 50 29 81 9 58 42 43 9 86 72 12 85 1 28 73 1 39 95 38 71 39 32 78 89 46 52 98 42 42 11 21 55 73 68 19 16 62 80 77 25 53 20 78 96 53 10 
90 53 90 65 41 30 97 28 2 43 19 32 89 90 19 39 53 16 73 96 82 96 68 64 39 3 35 87 86 43 1 58 9 91 43 81 69 64 54 99 43 100 9 57 36 62 93 70 7 38 64 77 73 88 86 67 33 92 1 81 5 98 91 67 40 90 68 31 7 58 31 18 34 24 44 56 33 97 6 50 94 14 42 21 93 73 3 77 45 35 26 99 67 41 38 11 23 53 65 68 57 76 57 5 41 69 24 88 4 8 50 20 46 65 67 83 42 24 45 13 31 40 79 71 36 71 6 62 15 29 16 96 42 54 75 32 94 95 21 53 66 64 72 9 1 18 64 35 92 5 27 43 87 53 93 21 60 63 17 16 74 5 11 46 60 83 19 100 4 31 64 4 98 23 80 53 27 85 90 24 15 94 95 96 95 92 42 5 49 12 39 76 57 55 28 12 77 91 97 25 
54 27 57 52 94 77 25 20 58 73 44 64 45 88 9 70 21 33 85 14 72 11 51 82 75 54 32 75 57 14 11 61 27 37 41 80 84 30 3 62 42 63 75 11 46 45 78 86 40 94 8 37 52 87 92 76 26 3 74 26 84 11 23 96 80 65 32 93 74 85 78 27 39 79 49 20 95 51 44 70 15 54 48 84 65 96 98 61 30 70 17 52 60 2 21 76 97 4 30 15 59 45 81 37 54 7 12 95 50 50 48 88 23 51 27 73 19 56 16 56 82 28 59 31 82 70 61 52 40 51 95 15 18 23 16 56 95 66 83 24 52 58 55 80 88 90 72 53 34 44 55 35 78 35 48 47 72 67 17 58 71 14 66 43 65 2 49 23 62 32 21 48 97 76 47 56 42 61 37 1 90 79 54 35 98 61 41 83 83 32 29 26 17 25 36 5 41 86 31 14 
18 91 62 68 23 14 29 67 12 42 97 70 57 8 58 99 43 62 85 29 72 32 81 3 72 88 93 70 36 11 6 6 16 5 13 50 36 67 55 40 5 17 24 69 87 20 32 97 10 47 83 82 64 5 23 38 46 30 78 53 87 55 63 92 52 30 81 86 13 88 97 30 1 3 24 31 52 69 36 60 95 25 81 66 91 12 76 74 34 62 51 31 8 86 29 66 59 76 4 94 32 54 61 28 82 79 27 99 41 91 95 72 4 55 7 77 6 47 36 77 86 39 84 68 91 32 59 74 16 20 15 51 2 21 11 93 60 59 66 5 39 74 35 45 82 95 82 70 91 81 52 15 55 55 50 61 88 66 71 97 79 31 9 52 14 57 37 7 37 44 21 68 91 4 8 85 19 61 16 3 48 17 8 2 24 61 27 51 84 88 24 32 29 93 25 67 91 3 36 77 
2
177 128 
20
80 165 33 30 109 181 51 167 185 11 79 113 117 65 125 134 195 178 177 56 
7
15 174 116 69 50 140 34 
19
52 104 92 127 141 30 80 6 166 181 118 2 81 163 156 169 65 38 41 
15
59 154 86 151 141 36 119 133 21 100 16 74 132 128 149 
15
184 160 114 101 128 59 166 68 116 108 57 150 190 138 82 
13
53 25 151 64 196 111 94 136 143 139 141 180 81 
6
5 102 180 54 174 13 
6
72 18 54 6 67 104 
8
119 51 148 66 105 16 76 41 
3
150 28 3 
18
122 55 135 113 22 80 183 68 182 109 45 63 10 77 106 6 185 20 
20
31 194 180 47 113 139 162 133 12 128 146 16 74 161 55 81 5 163 85 150 
13
13 17 154 125 92 148 20 94 101 150 141 71 135 
4
91 84 9 136 
7
144 96 33 192 157 187 2 
13
93 128 8 135 48 58 69 132 139 131 34 167 145 
7
184 149 93 139 160 64 18 
17
189 172 134 15 151 10 96 74 178 133 187 165 112 141 44 56 158 
17
162 15 151 180 197 150 28 12 174 171 39 1 4 23 49 66 185 
7
184 119 145 164 123 93 134 
13
61 100 136 96 184 17 147 89 49 109 124 176 81 
17
103 94 149 120 46 35 168 15 12 86 174 79 165 39 92 99 175 
18
59 149 192 130 118 121 148 95 114 5 4 137 143 85 142 74 87 34 
5
186 141 114 17 152 
10
79 187 35 194 117 168 19 195 70 78 
20
68 35 146 142 59 21 10 183 4 115 166 148 161 5 40 37 49 66 137 127 
20
62 154 11 71 140 142 82 195 119 38 183 21 146 197 26 173 182 22 24 74 
18
21 82 40 24 35 148 97 31 159 48 96 178 133 144 58 105 12 75 
20
78 131 73 11 20 110 119 141 172 157 23 151 34 133 188 58 111 82 170 74 
4
161 185 134 55 
18
185 148 33 187 161 186 200 146 194 188 119 1 192 101 152 76 156 94 
16
102 125 101 116 16 119 161 64 194 173 104 8 110 146 160 95 
3
164 27 68 
10
123 138 146 148 79 190 33 114 160 132 
10
37 79 196 132 198 184 175 59 46 169 
10
46 93 60 134 75 126 115 193 152 173 
2
5 178 
19
153 38 133 184 50 102 154 168 49 56 121 134 122 112 199 108 90 101 130 
3
174 163 195 

