200 40 
4
100 76 25 66 74 8 16 26 48 64 92 84 13 21 78 71 17 9 32 17 4 44 11 84 33 10 92 55 76 36 31 38 49 11 50 17 60 60 7 6 36 45 59 18 84 24 16 55 95 47 73 100 47 46 90 62 98 93 6 60 13 59 73 54 98 74 61 73 55 8 54 72 1 98 24 35 94 28 84 71 14 24 77 76 45 21 60 98 24 94 19 53 99 95 30 68 52 38 50 13 29 77 14 73 68 95 44 70 45 24 33 35 73 48 10 83 81 74 24 85 34 45 25 97 49 4 26 92 60 21 23 5 89 68 67 44 83 5 100 22 39 9 79 74 84 49 70 28 79 65 18 23 49 22 49 79 36 83 44 2 92 71 1 73 64 25 6 17 54 30 80 51 54 46 30 23 40 86 18 61 73 52 80 26 20 41 33 63 45 31 5 49 47 40 59 35 63 97 92 69 
2 47 27 61 49 74 33 67 8 47 9 71 80 19 80 5 30 68 91 8 59 2 30 53 52 47 21 50 46 5 18 9 89 96 67 1 40 70 11 1 95 87 83 48 6 34 70 91 42 65 80 22 52 40 88 91 2 81 44 96 19 64 51 8 10 72 40 37 46 66 69 30 50 1 27 86 64 17 99 44 51 46 48 10 19 81 28 44 93 17 18 94 41 17 22 40 98 26 15 14 40 55 82 10 5 73 87 12 11 31 72 88 67 50 24 99 88 25 34 54 88 45 50 56 2 84 70 5 74 65 61 71 46 43 41 91 52 41 37 2 27 53 31 69 66 34 20 82 48 64 75 57 66 80 30 42 54 2 78 65 51 99 82 45 89 88 70 96 58 20 30 22 90 17 68 61 35 96 72 94 22 77 81 69 38 42 93 88 24 98 5 43 64 29 23 33 87 52 98 59 
49 7 80 60 57 61 62 12 38 13 95 62 57 99 39 41 15 16 59 61 15 25 31 54 43 40 31 77 54 58 20 17 28 95 54 30 79 9 81 40 45 71 26 79 3 81 82 41 3 10 28 75 51 66 15 80 53 24 26 48 11 30 99 36 44 82 3 72 50 80 50 29 33 66 51 91 7 9 36 35 53 27 53 88 82 39 92 14 92 84 19 22 83 43 82 27 88 92 97 52 56 85 35 32 16 61 37 42 91 48 54 13 4 93 65 26 30 80 1 64 79 78 13 99 54 43 62 89 50 65 22 91 24 89 51 26 58 63 8 50 55 75 41 12 17 79 19 6 100 11 55 23 10 24 18 32 65 59 97 37 40 1 1 38 82 74 34 92 52 60 40 42 39 100 88 54 80 52 43 30 27 82 30 73 28 59 86 16 34 61 18 27 100 59 11 72 82 26 27 12 
22 51 37 44 80 97 70 37 14 18 80 22 3 19 41 6 26 90 41 10 97 8 96 9 33 72 38 32 63 11 87 81 35 28 84 84 7 74 91 4 84 22 16 93 97 18 34 36 2 69 94 22 17 55 11 90 68 98 61 53 70 95 41 65 18 14 49 27 61 77 27 39 17 17 61 22 33 19 54 8 75 50 16 7 27 33 67 59 74 8 37 55 99 70 28 14 98 26 5 14 91 51 38 45 98 8 46 8 21 86 81 43 3 93 19 9 4 4 20 6 3 90 88 6 85 98 79 2 20 32 19 31 89 48 94 95 85 100 63 90 27 95 58 69 98 51 74 68 97 85 92 53 22 91 72 67 14 36 94 15 74 36 21 85 42 100 10 79 33 24 85 73 80 46 99 10 31 22 100 12 40 19 76 74 10 10 42 30 96 58 3 58 21 32 10 51 43 55 2 79 
13
187 82 100 53 152 59 120 66 88 183 169 134 51 
5
143 128 88 123 115 
19
30 88 132 150 192 105 98 13 37 57 46 122 179 193 59 173 50 99 115 
17
164 30 82 193 6 76 182 153 166 35 179 8 21 100 120 7 145 
14
80 59 24 129 10 33 160 26 61 110 9 20 67 109 
20
5 67 188 117 166 57 46 109 3 128 145 81 112 118 151 74 31 56 193 179 
3
42 17 171 
19
148 94 114 12 149 119 107 91 37 141 100 174 144 44 186 2 101 200 8 
14
32 54 178 185 103 81 192 108 44 145 102 197 4 194 
13
176 190 77 195 89 37 133 110 158 119 128 19 6 
14
52 120 50 9 97 200 30 125 105 137 153 14 19 190 
7
61 39 163 55 15 199 194 
2
6 30 
8
137 118 74 149 144 14 99 81 
8
149 183 170 26 168 187 133 193 
17
198 120 178 192 29 13 163 136 33 196 67 140 8 17 63 107 194 
7
101 180 59 169 153 125 196 
20
137 143 47 129 136 106 131 195 96 177 22 186 151 30 52 111 83 155 134 86 
11
152 80 199 158 164 1 81 200 35 116 191 
16
69 21 151 13 31 3 54 20 11 168 63 5 150 30 81 162 
16
154 12 151 68 94 9 106 18 10 111 101 34 167 31 47 6 
20
58 59 161 162 2 145 198 155 138 94 147 129 148 136 128 80 52 140 153 166 
12
22 21 83 99 4 111 27 7 62 184 191 64 
4
145 117 75 104 
15
78 158 184 101 8 125 54 52 159 77 196 74 28 160 164 
13
159 170 98 177 2 174 124 168 50 51 169 165 64 
10
153 95 31 71 168 26 171 56 127 172 
16
183 146 4 63 188 181 95 89 25 72 190 136 87 142 115 169 
16
112 99 174 114 28 106 179 78 131 11 169 51 129 6 39 52 
6
47 93 92 99 7 139 
8
4 162 122 155 55 62 102 107 
16
103 114 8 69 101 151 116 80 38 140 74 30 73 92 177 193 
20
85 76 21 96 48 105 34 31 60 87 175 99 100 27 7 159 196 74 123 81 
14
91 158 171 15 100 139 6 2 170 56 191 74 64 29 
4
112 8 36 91 
3
171 7 198 
20
16 27 44 120 78 25 1 49 139 63 106 64 20 148 167 62 171 5 83 160 
12
71 47 28 81 11 68 61 51 167 123 22 188 
19
37 62 192 131 80 117 94 191 40 33 87 45 68 58 188 6 48 36 41 
10
120 135 149 90 103 91 107 97 96 61 

