40 1 7
347 981 728 778 10 485 881 510 519 975 843 970 325 413 417 798 448 221 931 545 999 42 87 10 877 357 267 14 65 543 586 411 875 666 540 884 502 772 745 21 
98 588 990 775 352 758 924 152 331 206 696 681 247 782 691 475 490 309 841 554 204 426 316 78 443 207 314 945 331 58 965 780 997 306 906 349 64 830 852 746 
387 547 426 986 680 468 460 169 777 300 75 980 78 742 57 872 949 370 816 631 780 132 410 776 790 668 476 853 497 327 950 235 225 375 220 904 843 32 425 619 
331 499 950 760 240 6 632 540 728 799 170 507 931 932 634 720 599 462 924 447 788 873 33 365 599 253 268 441 284 692 411 966 542 360 726 134 718 709 673 797 
507 195 303 789 478 288 508 428 749 783 226 889 7 258 253 606 510 872 398 145 916 161 111 457 872 188 590 589 896 615 385 754 161 39 543 638 327 402 65 427 
185 642 315 191 899 919 148 761 791 546 905 58 706 15 866 577 202 808 518 449 422 254 203 582 293 745 571 971 498 987 397 682 628 64 225 526 334 372 286 124 
269 191 533 326 557 399 255 759 206 772 559 627 25 761 560 669 857 130 991 355 468 740 388 95 803 612 972 136 336 610 612 604 152 144 930 708 542 184 818 747 
3070 3770 7250 6830 4890 6360 7040 3460 1170 6940 7000 5840 4330 4390 6780 5870 510 20 750 7380 6110 6860 3410 7620 1810 6220 8210 750 1570 6390 1730 4630 150 8980 4980 5030 8850 2010 2000 20 
90490
