90 1 7
57 120 91 923 161 392 364 67 312 56 513 770 562 842 853 200 919 495 567 476 940 756 368 695 834 373 91 75 108 580 414 516 51 857 790 211 248 153 277 911 209 142 33 770 983 885 969 901 731 536 376 23 643 743 717 828 467 159 902 926 90 668 441 140 524 230 350 123 383 979 385 943 120 417 712 102 301 32 354 32 919 729 406 913 823 474 740 641 632 994 
566 721 13 6 212 888 587 561 10 321 891 746 263 10 163 326 463 815 358 816 846 628 896 603 541 70 76 280 710 707 625 275 779 637 632 990 524 571 903 885 891 793 631 154 155 793 479 969 607 188 137 805 816 32 759 708 454 835 339 163 893 964 790 672 600 421 13 476 991 915 360 234 60 342 739 566 486 217 534 445 757 22 601 924 406 359 631 859 193 969 
21 86 932 162 109 884 583 121 711 925 388 422 510 799 764 248 364 249 817 249 45 573 271 645 496 28 4 478 886 196 446 258 633 730 420 741 965 2 214 675 278 953 448 788 751 211 387 466 812 203 66 856 775 688 853 622 715 856 99 600 403 545 858 36 626 277 128 590 630 693 616 907 645 63 46 747 626 433 212 437 987 278 644 762 965 496 383 680 703 834 
631 106 730 488 493 355 764 620 296 745 665 911 4 309 325 401 56 950 833 619 738 820 896 382 933 213 229 667 244 284 500 874 389 229 362 881 935 477 852 230 222 516 492 577 177 817 977 584 766 162 202 856 333 450 589 265 662 817 283 257 100 783 130 840 363 843 720 650 672 924 231 245 439 723 821 967 891 797 550 8 958 752 863 290 201 451 906 214 620 189 
822 71 971 951 911 685 146 982 334 817 905 565 61 696 639 881 14 881 677 564 888 987 315 103 276 867 553 182 432 524 722 253 595 44 555 505 728 700 838 414 516 95 330 576 142 320 808 155 200 485 718 87 471 384 541 98 602 94 631 385 617 352 989 563 395 544 419 123 595 257 888 463 703 569 38 844 888 846 350 87 682 68 525 504 803 66 601 757 511 232 
141 479 583 130 42 330 25 460 804 971 716 691 433 770 259 823 613 146 20 963 584 701 382 460 204 536 525 156 292 387 739 433 866 322 914 907 3 290 718 806 260 434 496 45 555 106 867 168 603 886 482 186 938 863 997 493 398 874 648 690 260 387 474 125 60 739 383 62 380 101 867 991 886 714 35 440 819 253 959 773 490 440 310 427 654 306 919 404 179 919 
445 791 657 918 267 68 8 650 129 387 102 347 377 987 412 764 778 582 16 737 354 506 528 663 284 182 320 555 585 499 473 381 289 481 650 555 548 657 556 28 395 657 726 123 995 137 886 125 718 254 861 423 759 740 437 42 273 756 948 209 254 420 589 894 252 238 801 799 894 356 178 640 365 903 763 711 391 648 835 460 901 47 882 11 787 318 405 59 74 352 
2680 6790 1240 2080 5730 3750 4460 7250 5260 3390 4320 550 9790 7960 9580 930 5070 3480 7400 6930 8080 9930 7400 410 3550 8780 3590 7590 2880 7840 4630 9070 4620 9380 1150 3860 6640 5600 1100 1890 2500 5420 5960 5800 6890 5530 6720 1950 2520 7640 2400 4110 1080 3310 4520 4620 2080 1620 5730 8470 9450 350 1060 4060 9720 2200 1440 9870 1310 2530 1760 7320 7940 7710 6640 4830 6750 6870 290 2780 4500 2680 6890 9090 9500 4920 7230 1570 6530 2950 
223120
