70 1 7
133 285 104 748 268 186 442 350 603 110 731 211 675 273 249 962 985 865 744 125 88 437 665 703 977 589 378 457 743 722 519 875 6 622 622 625 160 415 327 762 524 57 324 198 329 573 159 666 789 903 142 228 691 806 931 667 747 660 475 489 381 346 716 739 319 337 715 478 104 41 
591 627 98 915 825 778 839 983 443 627 237 585 854 927 742 136 945 488 795 420 329 528 765 44 266 435 732 980 913 835 373 855 462 470 121 286 599 311 620 394 937 857 978 143 135 71 630 432 911 425 203 239 304 319 282 569 753 13 900 17 848 624 872 661 445 344 946 44 655 917 
437 943 125 766 85 612 836 67 43 746 843 245 336 146 563 617 66 315 630 317 332 829 941 555 489 385 898 786 428 552 54 216 847 179 981 283 142 169 349 184 266 191 780 602 336 342 218 401 8 199 718 691 379 10 597 867 394 495 4 174 398 58 389 244 588 370 527 729 538 227 
912 803 418 43 404 105 384 974 858 743 524 575 786 903 936 382 769 329 228 773 502 626 182 891 221 769 612 99 497 149 326 760 303 743 802 59 847 537 32 704 279 555 630 64 809 565 798 578 246 25 702 99 650 883 989 223 3 952 321 499 100 646 258 755 740 59 813 939 595 196 
994 225 102 976 641 911 892 438 840 137 814 541 236 816 775 576 38 777 528 710 627 979 708 884 85 447 294 249 737 240 444 731 816 898 706 456 160 597 245 999 86 59 891 673 226 17 600 263 145 479 972 771 810 679 6 894 478 299 143 214 890 938 296 705 187 353 513 346 302 109 
344 387 519 586 411 744 602 10 358 746 489 682 868 298 360 873 543 189 523 37 755 764 975 50 821 161 403 333 859 704 793 202 442 664 140 852 759 93 861 117 839 701 798 58 350 509 931 893 698 805 281 804 569 255 853 389 768 607 73 626 662 865 179 103 528 318 954 287 411 167 
755 601 219 552 658 569 412 940 813 461 745 93 264 313 700 469 701 819 75 773 444 737 989 974 191 869 292 145 507 54 663 261 654 233 164 663 153 575 603 965 36 347 410 299 11 461 767 711 279 194 835 722 930 823 695 120 43 338 616 549 743 630 809 396 863 324 411 15 899 365 
3320 2860 630 930 9360 730 5530 550 1350 8310 2480 9690 9040 5290 1430 9500 10000 1860 6400 9680 7340 3820 9490 8950 1300 8110 2180 8920 1780 4680 2560 8610 7530 3180 9530 410 7420 8570 950 8760 390 6940 1960 2940 2220 3380 5950 5730 8750 2340 5400 6090 9680 8410 8550 4490 30 4240 3400 1800 2440 5950 3920 3480 2640 6960 3880 50 5520 4820 
172690
