40 1 7
427 250 560 267 865 30 386 825 729 348 322 154 510 955 44 830 109 405 928 280 831 488 616 294 149 813 942 845 963 870 503 742 472 414 8 688 796 393 865 524 
740 538 677 601 492 73 430 952 829 357 584 659 844 199 952 344 363 245 540 325 467 42 66 938 456 425 625 251 169 841 126 260 378 802 860 222 226 289 173 54 
997 108 64 192 306 368 535 20 612 427 345 78 468 762 367 275 539 344 877 59 184 2 319 562 156 530 783 733 171 307 787 167 415 202 711 720 569 597 740 533 
23 436 962 843 549 329 117 439 672 346 498 207 347 816 768 854 345 902 587 515 209 725 34 623 926 744 694 495 692 785 379 715 220 340 557 121 20 25 559 43 
370 56 250 69 223 369 922 568 271 508 434 831 232 467 453 510 562 498 356 254 283 734 320 854 425 876 974 445 252 885 487 622 940 88 690 163 809 611 82 431 
471 515 261 54 334 65 563 247 562 918 852 196 3 171 50 428 398 375 872 650 259 710 623 199 150 664 713 958 274 794 388 96 308 1000 150 993 64 64 592 977 
334 443 173 336 966 574 763 363 948 986 364 207 48 338 405 549 1 117 506 627 262 245 722 921 596 223 914 11 287 505 987 620 299 511 307 264 84 70 979 32 
4070 6940 2380 8060 320 9940 3540 320 4620 2110 6580 750 8070 7320 9950 4020 3060 9080 4120 5920 7640 7510 5630 4150 2610 2220 6780 3450 6430 80 7280 490 7020 3170 8550 7330 6620 2080 1160 4750 
98060
