20 1 7
705 625 212 830 161 767 965 638 583 114 761 988 952 590 1000 936 625 815 447 711 
982 266 244 747 270 843 452 978 296 263 445 352 888 9 182 400 775 498 37 357 
963 150 345 914 739 696 201 363 862 647 425 843 913 669 941 534 863 392 511 159 
6 308 510 893 316 43 644 442 892 33 799 854 182 495 768 920 542 968 634 403 
967 59 597 231 79 537 116 941 280 627 451 285 286 313 178 601 707 173 42 599 
205 192 452 738 38 571 657 579 891 291 333 857 701 929 439 779 465 554 71 744 
532 874 29 817 538 558 769 244 730 163 194 287 354 646 24 744 568 33 322 458 
6750 6550 6660 3750 9350 1040 5050 4000 100 9270 4950 5410 8000 8750 3580 6890 4320 4780 9330 5140 
56830
