30 1 7
535 987 503 296 761 388 681 280 715 399 676 674 867 199 478 100 252 927 836 10 892 252 831 252 798 554 822 910 500 1000 
593 34 338 95 681 99 482 362 730 549 112 406 222 330 956 51 430 207 329 617 569 221 868 399 824 665 952 645 575 803 
996 167 837 334 613 869 784 95 230 513 995 693 270 216 23 577 618 452 136 946 68 704 518 936 102 342 952 406 986 526 
208 982 44 396 315 657 265 450 103 846 314 97 539 584 664 913 512 281 364 647 226 783 350 744 70 804 85 22 561 422 
899 768 403 943 516 69 951 132 518 53 329 832 501 219 767 164 131 278 444 846 277 669 629 978 764 698 781 200 71 341 
622 970 461 24 264 328 445 214 459 962 618 139 145 118 358 263 281 488 893 724 334 169 744 314 146 860 11 279 59 434 
971 32 755 431 408 18 110 852 583 920 165 552 59 662 669 416 924 301 255 816 376 940 336 471 253 482 330 616 112 741 
490 820 7720 8030 8650 5310 1720 9740 3820 1060 2460 8990 6570 3040 5600 6770 710 4830 9770 3250 2990 7040 2650 6340 1740 8690 4670 8560 4840 5780 
76320
