70 1 7
246 787 91 869 617 388 60 555 689 782 558 841 930 221 984 92 50 455 942 557 891 537 696 154 623 963 699 17 282 295 269 879 433 359 99 401 98 158 956 787 939 865 627 221 85 611 312 486 65 253 42 955 142 89 108 764 403 159 133 36 805 401 914 237 111 13 989 209 522 296 
995 813 160 973 33 596 583 696 81 1000 300 474 306 441 914 766 557 316 924 689 703 728 441 617 316 903 981 304 111 854 952 457 666 463 782 50 59 716 745 491 715 45 317 21 837 230 138 745 898 61 433 600 140 225 568 455 128 900 110 590 754 413 399 771 876 180 173 286 895 917 
776 962 313 444 334 502 674 471 246 923 883 31 522 22 255 442 828 734 693 289 676 798 702 74 569 929 605 93 214 851 361 341 164 674 785 497 175 458 319 772 732 201 802 605 574 409 46 753 142 91 394 169 888 95 594 808 375 198 900 588 401 261 928 564 286 64 413 812 873 731 
583 604 284 385 209 857 793 606 962 286 696 355 455 936 801 48 743 175 598 995 114 998 255 393 913 892 457 325 703 329 408 285 933 691 21 493 899 813 98 860 99 146 566 905 81 718 952 823 892 549 817 357 898 423 750 811 314 206 487 16 886 894 653 170 936 673 662 835 838 112 
46 288 257 612 192 337 329 143 511 573 44 680 929 941 102 678 103 768 235 942 135 473 835 787 642 771 812 304 957 649 415 2 936 23 965 479 359 646 621 869 570 16 548 498 309 2 528 411 769 114 352 903 586 539 42 228 661 853 883 617 853 649 970 788 671 287 266 381 932 238 
249 501 606 149 350 914 502 229 324 270 343 28 524 280 566 917 507 578 769 741 194 621 741 515 760 411 801 377 143 84 615 744 584 220 892 286 133 393 514 808 14 208 187 889 488 104 806 346 681 926 87 226 547 179 741 658 942 893 35 84 977 1 827 912 220 70 197 704 814 63 
863 179 270 50 68 757 153 225 103 186 150 541 411 48 719 151 706 12 396 92 96 372 92 274 635 663 344 184 718 157 246 580 336 515 981 755 624 486 979 78 671 480 970 81 880 40 584 585 52 331 28 147 702 119 420 688 133 115 871 850 272 116 781 959 983 114 65 958 599 395 
350 6210 2260 40 7010 1050 3950 6360 410 4460 9660 680 9440 190 5380 3640 7070 6700 8300 5770 8710 4530 450 6520 4110 3790 7650 8270 3360 7150 5730 7220 3350 7990 7250 3870 9030 4710 3750 9440 9170 3400 110 8600 7110 5490 5750 4170 5700 4050 3450 4410 8570 3890 4440 6200 7670 2080 7980 4540 2740 3710 1750 6080 1690 2510 3460 710 7220 7200 
174830
