100 1 7
38 428 130 798 305 635 816 593 541 477 975 610 292 342 476 512 946 862 7 755 556 264 186 854 667 695 615 6 950 639 107 340 66 588 489 723 223 305 667 115 781 993 724 424 334 551 935 632 765 293 386 320 556 923 525 223 618 139 228 919 130 686 258 195 274 747 269 848 403 936 962 183 928 38 958 614 588 892 245 352 537 630 671 92 904 547 666 521 686 246 792 815 931 401 361 556 499 630 403 901 
917 717 435 196 754 392 809 341 636 53 45 172 34 715 263 938 614 929 810 299 526 601 465 808 2 177 364 500 158 118 753 74 834 187 622 587 579 430 280 214 835 324 737 868 390 999 157 3 279 967 653 804 919 469 612 272 646 327 124 803 796 876 229 630 62 202 568 640 631 199 205 817 522 941 37 264 292 193 618 922 511 623 726 430 91 689 53 88 367 176 243 162 51 823 143 465 24 63 456 6 
261 661 823 135 953 859 750 244 403 367 518 914 989 243 695 432 283 747 519 649 275 761 162 677 583 305 141 606 719 949 612 979 609 786 465 913 644 214 509 46 581 26 311 921 620 5 352 254 104 871 254 378 983 415 406 918 71 547 875 789 495 838 120 455 623 584 719 618 798 227 664 730 604 326 650 223 331 2 828 786 224 81 163 558 496 568 475 918 466 350 707 312 539 826 118 162 761 189 779 558 
415 794 639 371 120 289 945 802 642 773 587 865 853 101 422 700 20 249 618 486 950 676 149 488 501 619 649 613 807 780 171 221 925 809 943 44 449 888 197 90 660 783 306 864 883 80 564 903 328 533 740 629 208 240 116 60 858 117 672 664 248 194 237 172 355 179 216 803 66 764 245 77 547 550 293 781 629 208 35 308 740 126 936 299 366 404 358 223 520 381 887 767 927 123 938 281 653 505 435 71 
621 679 147 167 229 791 299 209 998 334 869 737 811 156 35 176 559 744 399 430 477 637 196 403 759 486 683 763 342 117 833 962 148 980 480 728 122 779 936 120 464 156 856 274 312 243 802 870 338 200 300 814 836 847 568 946 684 602 60 378 719 893 691 218 224 171 945 345 301 232 464 116 388 672 741 699 266 542 568 603 93 219 769 280 66 336 577 101 938 637 478 8 529 169 577 752 691 521 96 991 
752 912 458 139 583 198 837 848 740 757 802 832 975 570 112 392 258 40 493 547 676 970 906 204 490 482 955 180 2 403 522 105 314 979 596 896 177 432 95 268 540 896 451 515 818 914 906 427 954 750 325 629 720 230 185 209 63 139 389 416 893 910 520 206 241 115 453 769 899 899 36 438 147 838 304 964 104 562 742 57 311 66 37 30 647 221 591 709 712 331 124 956 592 995 514 832 110 966 952 360 
217 339 797 363 177 453 678 280 14 419 688 324 836 76 706 482 649 648 190 712 978 665 667 921 659 180 105 120 498 56 479 714 395 628 428 571 80 105 202 93 523 241 416 710 668 473 191 316 120 732 379 449 396 46 370 406 577 474 526 426 529 356 491 923 983 918 845 62 22 46 154 896 638 922 605 306 394 147 973 866 878 352 314 625 749 683 31 325 156 908 103 685 263 593 959 246 511 804 659 884 
2010 8130 7800 8390 860 7360 4960 4790 8830 4680 3440 7600 8190 100 7370 5670 6920 1190 2440 2000 260 3460 2360 6400 9380 1940 2370 8000 3490 8960 6840 5500 600 8150 3880 1450 5500 8830 9750 4320 7020 6710 5440 5210 6800 2800 4390 7230 3980 6820 9220 7750 3790 1570 7660 3170 3510 30 4680 510 2500 1510 6000 6610 9650 3390 1570 5150 5730 4830 2980 2750 1530 8410 1470 1840 1200 5850 9070 8690 2670 1800 6430 9970 3370 7610 3130 390 7630 7810 890 3640 2830 410 3760 2480 3790 5320 1140 9520 
238890
