20 1 7
313 973 17 815 201 501 677 968 618 904 51 488 10 82 772 130 945 276 66 133 
474 268 244 318 667 863 979 744 981 306 207 645 278 575 459 830 76 135 150 45 
39 200 884 400 633 7 881 577 634 947 61 460 566 656 129 232 519 108 327 851 
413 885 495 691 460 306 872 887 792 21 283 182 572 167 581 204 173 462 132 159 
760 192 618 325 848 746 908 718 853 234 920 266 118 414 308 929 71 531 815 863 
904 98 44 475 616 977 31 140 790 514 298 549 58 915 225 905 13 132 974 217 
717 893 482 186 658 141 115 729 24 281 943 927 730 338 753 345 314 135 485 455 
6490 1340 30 7060 490 5790 9620 4130 7100 9350 6290 7780 1790 4630 9640 1880 9550 4300 9160 9780 
58100
