70 1 7
990 125 936 193 985 506 312 668 918 821 703 57 632 543 885 826 167 709 652 748 162 461 4 109 550 647 367 946 14 844 433 3 320 720 547 305 577 210 324 847 31 26 903 14 920 788 839 86 848 843 185 10 655 188 470 205 835 188 502 200 383 286 554 702 5 100 358 582 661 33 
428 43 58 682 56 977 821 895 415 21 89 951 382 743 139 203 947 325 390 800 524 772 85 77 825 90 528 535 23 540 567 802 583 977 835 638 305 8 884 71 28 972 22 761 67 160 963 365 836 352 165 359 475 249 787 651 690 666 185 64 205 104 865 139 80 700 777 736 707 12 
807 86 336 828 846 402 987 808 118 174 511 282 532 337 883 670 987 572 335 172 636 891 627 852 30 706 903 806 441 961 169 247 46 504 426 243 257 412 402 375 585 264 8 468 600 890 489 587 814 823 110 801 714 736 652 95 441 555 252 233 867 420 832 913 276 257 507 532 21 261 
258 957 524 266 777 124 507 265 62 320 440 171 472 505 906 124 599 698 30 850 282 896 269 113 160 896 722 667 428 742 279 685 50 802 302 826 277 809 443 338 128 882 508 600 386 413 75 336 462 456 185 744 351 805 208 863 701 929 881 480 22 159 164 424 312 818 249 589 626 43 
926 105 276 434 56 661 198 482 348 12 937 532 755 640 689 962 502 389 243 734 220 616 892 735 39 203 552 640 143 177 682 69 634 958 854 689 970 51 171 318 62 459 201 168 98 241 482 951 629 724 684 200 339 927 935 730 482 486 369 624 663 50 44 296 359 897 336 681 300 858 
350 713 317 550 881 414 791 362 717 771 437 752 971 127 31 257 856 512 742 576 487 756 978 531 403 336 779 739 16 78 596 717 791 264 267 23 30 409 736 746 531 524 497 853 650 527 109 858 390 851 433 229 606 410 759 9 746 537 99 113 967 46 182 757 310 448 131 339 208 866 
84 738 389 932 943 390 811 51 247 552 901 680 780 859 89 890 219 186 779 317 651 745 714 832 501 23 631 983 361 190 848 796 279 588 728 221 977 890 272 224 441 524 255 573 382 695 462 952 233 240 620 235 984 334 418 836 356 400 818 69 589 17 864 867 604 943 88 933 184 711 
5080 6250 2340 1140 5490 9680 8080 100 9190 3920 2500 8910 6260 5850 2240 3950 7730 9310 7940 5900 9990 7340 9590 2150 6010 9140 1570 400 8460 3410 7500 3530 3170 3350 4660 8650 3020 6260 2260 5730 170 8270 8150 9950 4120 380 3890 1840 9680 5350 1250 3190 2680 830 5330 2200 9970 410 2590 1940 3810 3600 8990 490 6950 7160 2650 3480 3410 4910 
172840
