40 1 7
61 326 779 647 423 537 266 562 666 293 838 210 678 42 556 637 433 848 608 334 707 946 79 82 318 924 227 782 427 322 625 488 648 403 134 422 291 399 983 309 
44 173 518 73 566 425 61 350 272 668 683 978 965 113 412 634 389 638 767 815 960 391 302 959 146 787 380 788 538 714 96 933 238 965 5 156 390 65 505 13 
84 188 343 400 652 754 33 40 743 800 855 702 542 156 12 687 295 743 827 832 809 922 764 398 239 120 553 628 536 58 640 619 597 982 370 248 87 402 288 830 
553 142 883 95 649 895 133 295 989 959 126 797 233 241 195 471 360 747 450 895 156 441 865 104 423 586 352 861 988 991 690 540 484 573 986 484 819 471 779 807 
429 256 604 13 497 150 835 208 248 284 103 756 725 319 859 499 905 562 711 244 552 401 135 387 325 121 871 143 591 649 949 371 256 904 736 752 53 570 960 653 
206 414 408 282 732 266 132 988 828 842 231 731 594 718 118 918 190 988 60 780 988 9 502 243 264 589 347 669 159 306 321 716 719 728 349 802 993 480 142 172 
673 724 903 267 441 20 536 630 359 596 761 346 956 615 940 219 203 286 887 713 943 559 428 13 286 776 167 631 607 308 802 280 383 56 898 824 75 433 805 433 
280 9180 1300 3350 5320 4220 9060 860 7070 1440 7990 20 7030 2260 140 9880 3540 1800 9700 9600 8390 1240 5910 2220 1790 4880 3970 2540 2730 2010 380 6520 4700 5200 9870 10 9410 8920 870 9990 
92790
