100 1 7
216 386 260 683 527 203 277 335 498 206 726 885 916 935 210 839 84 997 278 43 413 163 257 220 363 531 698 643 338 222 847 905 959 459 940 838 13 216 524 862 773 249 747 689 536 308 527 971 305 156 365 717 670 973 937 33 504 634 27 193 207 226 97 518 684 36 355 696 252 878 557 376 479 303 64 14 611 942 336 267 97 701 983 767 673 919 151 528 904 529 720 111 754 817 980 789 204 334 484 807 
563 393 183 41 695 246 406 657 188 94 923 636 794 906 754 466 176 256 994 80 785 65 542 890 881 521 679 85 206 514 891 768 906 425 161 953 671 918 961 210 11 236 845 156 493 951 974 668 206 319 99 342 383 992 232 264 512 262 700 69 127 942 189 385 367 349 337 389 618 649 598 981 884 794 136 376 744 109 396 302 427 494 643 810 838 226 425 701 839 124 770 966 417 958 350 783 658 38 171 275 
38 120 607 922 914 743 649 657 851 44 958 630 890 953 439 727 178 863 427 17 338 196 334 754 505 35 889 162 424 411 789 461 531 395 734 444 137 383 452 340 426 410 969 315 714 759 41 891 621 468 259 310 15 592 415 520 978 655 681 401 66 821 214 596 216 947 39 352 329 842 43 107 603 11 421 316 769 814 559 741 633 817 402 647 761 817 166 738 471 199 491 888 19 56 483 234 2 873 938 683 
715 332 789 317 343 561 985 463 374 543 556 6 359 957 653 471 125 170 561 948 720 51 835 739 106 670 324 459 542 613 493 608 945 281 277 639 194 261 453 567 803 8 925 161 317 929 984 441 450 544 740 170 594 575 908 51 596 583 861 137 196 354 745 492 986 21 130 179 633 582 98 435 942 374 947 258 302 930 50 751 473 790 272 418 716 531 820 311 114 681 799 661 386 895 152 371 267 633 902 899 
566 351 333 507 724 632 764 377 561 166 127 386 307 399 803 374 929 975 36 394 7 834 406 392 81 557 114 347 541 367 246 107 717 930 965 440 913 81 168 474 246 295 211 552 45 365 277 325 339 312 71 345 145 476 736 225 385 202 924 925 568 521 383 285 802 348 76 715 780 244 188 25 890 750 928 286 114 204 962 453 867 32 797 11 508 885 588 244 86 511 168 5 383 903 289 184 602 717 898 381 
312 437 757 553 186 36 838 300 591 799 752 457 183 548 467 690 784 406 285 869 268 452 874 650 706 514 834 307 582 731 39 245 168 795 797 353 182 986 4 772 137 755 228 319 655 47 360 438 804 644 659 72 447 884 721 153 397 906 811 331 989 850 575 508 996 372 212 530 709 216 301 845 970 881 163 976 927 522 414 730 165 72 801 612 955 874 116 703 131 926 33 119 127 960 978 475 683 190 4 391 
757 304 236 726 536 398 702 462 920 467 544 436 890 696 399 196 569 514 250 52 792 283 522 918 594 500 744 276 41 747 666 797 403 901 874 938 651 927 752 922 393 295 357 634 990 108 829 911 621 79 962 412 713 835 682 658 686 425 933 726 524 950 522 926 851 748 215 853 674 966 774 419 260 482 404 250 589 233 512 210 663 473 973 727 659 6 384 345 783 668 70 306 617 944 231 819 691 797 671 716 
7630 4440 4860 3740 9260 8900 6230 5140 1220 1340 750 1360 9580 4000 2140 6170 4050 9490 9610 1870 6160 3820 4920 5840 6770 740 4030 3670 2230 730 4350 9850 8690 9200 3580 1460 8090 3330 6590 2820 8180 860 7690 7760 4850 9820 7440 2410 2820 560 7800 8970 4370 6230 4810 1140 6970 2350 8320 9190 6590 2660 2550 5270 5380 9640 6720 6980 2960 6830 3320 1140 1200 1000 2410 6040 4340 9840 1960 7150 390 9750 9640 8270 5980 7960 9400 6460 300 1240 9160 6880 7410 5220 5670 2780 4850 2380 3280 7810 
260000
