30 1 7
822 383 733 923 862 370 307 216 88 839 797 296 751 122 718 568 945 876 575 710 304 36 814 444 763 319 746 937 376 546 
271 197 280 3 119 142 372 778 709 811 968 857 106 71 979 175 638 923 402 212 632 706 600 797 501 714 468 598 650 843 
495 273 392 775 275 510 268 999 639 328 809 607 185 915 677 163 441 314 437 843 878 69 900 829 217 400 542 684 997 544 
527 844 816 270 618 90 131 237 88 770 564 249 376 100 163 52 262 955 717 51 797 946 119 48 774 687 447 316 371 796 
859 249 639 26 518 608 467 648 844 907 417 759 155 144 211 669 547 824 623 264 874 772 209 344 819 335 31 618 650 401 
765 860 649 403 237 518 362 703 165 557 609 934 667 763 77 877 431 624 701 406 887 926 177 447 270 995 781 300 964 782 
52 728 993 700 482 229 569 843 932 733 751 540 666 418 655 743 646 437 366 698 842 604 624 18 402 245 365 183 544 328 
3160 5950 560 3090 6460 8890 5370 5660 7320 4680 2980 8340 3600 3160 6030 3660 580 2490 8020 7750 2980 6440 7300 9210 130 1310 1650 3770 6650 600 
68890
