50 1 7
728 107 16 984 695 1 60 858 996 479 477 603 409 494 799 199 765 572 233 754 75 393 697 690 66 743 341 910 284 344 631 11 802 998 346 496 999 406 706 346 884 182 301 644 675 99 194 792 22 427 
545 97 819 594 138 236 336 478 145 619 173 127 981 974 125 678 822 475 83 527 820 319 708 472 314 383 571 508 526 592 286 70 40 456 663 178 691 350 7 835 320 180 962 652 505 86 330 326 912 764 
204 83 82 912 555 748 646 125 255 171 68 540 592 108 995 255 637 37 956 643 871 276 174 832 927 679 269 256 356 180 372 560 263 453 823 169 200 468 293 806 990 712 697 581 171 43 187 807 79 143 
450 950 770 975 133 48 653 754 656 361 285 27 920 899 479 94 67 31 913 711 188 902 423 237 834 593 279 373 400 710 515 201 11 636 175 495 683 180 248 338 540 885 364 811 783 195 904 202 577 816 
912 116 69 686 352 902 631 983 274 382 692 140 582 702 775 108 196 810 287 796 499 826 680 863 988 814 409 891 367 337 706 279 452 126 316 804 28 946 786 653 327 829 145 260 530 271 368 77 80 6 
224 579 832 903 793 819 69 201 62 435 537 119 65 340 245 733 143 624 678 280 276 357 108 420 968 989 691 335 66 122 341 289 700 524 544 844 694 964 396 107 398 284 226 815 624 470 547 766 93 576 
398 720 932 505 492 252 846 534 586 911 655 278 551 707 153 446 550 847 761 946 305 159 229 530 325 852 351 871 970 443 798 719 515 82 223 6 333 420 539 918 682 193 548 233 251 700 30 801 898 791 
980 2030 3010 6780 840 6250 5300 4350 8470 8510 8770 9960 5690 7430 770 1430 7480 4090 5630 6380 6790 2440 1830 2260 8280 4330 2770 2100 5850 5270 10000 6820 7290 6520 3600 8120 6280 2410 5980 8260 4430 8270 8210 3630 5690 8980 5050 3170 3060 4190 
133010
