60 1 7
583 510 222 408 706 954 567 900 855 183 46 499 208 619 696 837 9 823 872 772 188 978 641 727 817 866 856 562 58 325 2 993 834 223 400 891 528 966 790 734 500 835 232 707 453 280 895 461 102 766 584 641 96 577 367 912 442 222 825 500 
546 179 844 731 753 243 622 281 560 763 14 60 598 598 118 402 877 13 215 978 130 798 970 225 726 336 489 168 910 313 19 455 491 862 538 244 456 511 876 367 273 889 426 222 486 896 976 362 908 190 691 389 339 660 614 65 348 454 584 257 
766 602 711 609 815 600 204 622 110 79 988 735 967 766 956 453 661 931 166 920 472 857 308 811 868 273 227 215 726 810 471 844 763 534 452 929 485 655 550 595 85 889 329 51 6 636 855 666 919 373 937 742 581 597 552 448 869 130 15 595 
291 485 438 53 370 241 981 855 247 882 801 331 123 481 733 128 468 940 146 386 312 434 128 892 30 31 691 899 513 57 845 803 542 634 856 263 874 188 469 120 422 269 802 544 749 534 23 569 473 520 954 136 954 433 379 983 816 422 881 328 
478 77 482 371 710 337 634 935 877 454 406 650 723 207 545 823 93 567 391 917 87 697 53 392 481 783 374 296 204 607 975 682 683 457 404 745 145 37 679 373 491 85 22 565 643 918 739 87 485 482 4 923 178 408 314 10 190 39 658 746 
645 632 779 680 440 182 424 585 571 102 309 413 538 331 977 533 248 67 619 84 548 974 358 77 733 23 87 275 62 744 20 58 727 798 737 167 331 160 103 901 614 411 313 503 93 641 387 341 60 358 776 607 331 486 36 64 508 474 338 921 
217 709 979 295 858 67 461 188 579 563 441 544 326 105 398 418 746 785 110 805 142 238 763 824 723 798 239 230 271 928 503 839 636 833 134 845 899 946 385 477 861 825 372 186 929 770 955 26 554 65 830 47 302 945 222 24 742 461 605 365 
3880 1070 5550 3760 2910 400 2200 1900 9860 9560 180 1980 7800 3900 7350 610 5110 6890 860 640 7530 2680 4620 4060 2120 6830 7810 3050 1430 3860 210 8830 8440 5760 6100 4870 6150 1810 6760 9520 1370 450 5010 9160 7860 2350 3280 2960 9240 4140 7110 280 6810 1720 7860 2440 2070 5660 5480 7010 
135550
