100 1 7
155 762 589 770 548 340 836 607 187 673 823 231 409 892 335 519 874 722 986 238 976 788 251 386 725 640 504 345 30 711 434 184 824 22 306 723 362 141 330 900 166 504 482 926 747 817 444 972 890 781 561 865 920 811 251 644 802 106 988 831 168 774 15 991 795 320 66 508 812 395 407 329 250 241 254 996 57 49 319 946 829 879 162 100 42 764 743 843 222 83 26 389 856 40 732 2 711 797 510 874 
191 268 203 792 508 456 139 916 505 457 213 685 687 375 137 80 490 879 275 711 313 300 452 520 691 183 522 401 979 383 626 521 2 180 312 862 636 450 777 492 258 990 528 944 716 664 24 557 895 298 620 559 949 71 79 639 253 952 391 583 334 16 103 687 196 766 548 183 567 677 26 824 18 905 119 733 921 494 641 815 143 260 725 91 330 803 729 934 754 471 516 439 487 970 478 34 735 25 568 301 
53 593 476 70 849 595 802 769 88 795 935 231 54 660 321 736 462 402 21 568 872 537 358 710 506 835 95 593 212 662 893 264 606 369 334 455 315 487 575 402 281 510 984 687 169 657 422 982 58 442 901 281 330 259 343 188 445 437 780 656 451 24 272 408 744 605 214 58 443 789 812 724 298 795 762 818 451 535 799 860 976 52 493 658 310 835 845 754 623 976 762 425 351 33 833 95 989 46 504 431 
186 315 506 483 110 267 652 912 801 451 124 129 502 616 786 163 802 982 268 776 309 381 553 659 413 737 753 753 782 609 184 320 923 689 154 384 956 806 648 108 608 771 236 109 738 373 623 891 354 242 18 14 623 570 673 387 306 777 140 440 385 323 759 308 363 912 43 670 717 690 778 324 812 13 784 549 738 758 791 91 1000 809 457 974 730 129 360 388 257 499 827 642 173 937 301 536 848 343 557 917 
385 334 592 196 699 728 97 436 837 239 878 836 47 334 161 129 462 521 516 71 371 342 712 544 630 364 431 829 58 987 97 794 321 689 990 371 768 438 806 604 676 683 792 75 17 952 203 830 824 70 252 195 763 315 738 392 678 520 220 88 506 317 881 178 357 870 548 476 659 353 79 335 388 222 761 756 526 963 937 349 384 189 895 146 503 984 889 533 503 108 620 9 776 500 538 484 722 86 959 380 
790 390 66 177 611 826 932 488 140 221 189 523 409 83 20 911 67 908 443 921 16 414 281 143 914 819 627 635 904 937 366 693 326 432 222 289 609 505 776 749 725 316 623 133 751 643 396 169 550 190 89 917 604 370 60 517 540 38 503 795 974 220 839 652 651 60 940 260 565 67 360 641 383 982 774 485 624 521 653 174 710 741 90 313 462 501 181 1 538 35 795 864 255 634 515 257 45 806 868 609 
872 227 250 606 561 375 90 184 895 742 709 956 835 151 621 296 651 153 649 541 188 795 404 794 428 270 50 473 75 918 433 946 144 34 904 56 760 345 240 6 87 300 314 273 450 934 568 453 438 568 993 625 363 748 418 790 17 468 614 91 737 399 36 232 784 291 288 896 636 527 901 74 826 566 346 628 499 265 80 937 833 72 913 195 819 683 336 835 150 302 925 238 52 312 469 187 955 756 82 590 
2820 3350 6630 4600 9000 3600 870 7510 6240 5180 390 4560 5890 9510 20 7590 6330 6900 9450 1340 9910 2210 3710 3940 8840 8400 5800 8380 9470 140 4270 2290 3480 4410 400 5990 8000 4780 7010 7760 9950 7390 2310 9350 420 5850 450 260 2740 9890 5120 6160 5610 2340 3610 4440 4250 2920 2820 3720 3050 600 6000 40 5010 9910 9550 6520 8200 6550 4270 8140 7460 100 1000 7870 5940 4960 1640 2190 4840 6750 1860 440 9090 5460 8390 3330 1890 1200 7040 4940 1800 6550 8490 320 9970 8030 6830 8160 
252470
