30 1 7
322 69 45 771 978 359 307 468 62 941 971 949 462 166 617 107 74 472 169 338 437 61 675 756 27 118 363 188 260 871 
700 582 291 744 704 268 103 11 735 516 303 57 464 764 574 432 222 647 256 742 336 692 803 10 447 829 479 161 368 739 
31 68 672 673 163 375 940 617 737 27 484 40 83 299 155 657 731 729 655 986 470 991 29 272 352 828 452 831 988 820 
569 371 239 240 43 753 966 335 722 703 361 205 94 795 504 600 803 234 328 458 571 798 448 951 421 151 130 873 981 118 
44 901 840 634 492 234 738 458 568 459 512 280 664 957 75 167 556 229 752 884 686 674 33 485 976 453 988 106 677 968 
223 72 869 414 57 712 647 795 169 215 605 32 846 268 340 920 786 896 501 889 131 186 562 515 23 538 319 10 995 996 
329 217 419 549 630 828 261 628 974 781 194 578 813 40 198 152 959 335 399 459 224 881 997 137 395 371 26 714 732 20 
610 600 5880 8310 9610 5690 6580 2210 1970 6310 10 3900 5610 1650 4290 7580 3170 7400 4440 670 5500 6670 9480 8980 1560 6940 2680 1810 4070 3510 
68840
