70 1 7
661 473 879 959 9 290 609 889 5 681 750 918 586 596 757 952 158 931 630 719 556 423 454 704 706 394 254 778 735 168 140 396 993 370 354 353 659 314 242 16 994 343 285 931 939 393 235 96 676 864 166 231 639 971 935 344 364 188 121 99 707 612 494 51 981 847 404 992 160 997 
359 505 339 643 436 629 387 670 724 62 885 242 293 523 212 579 866 576 118 338 26 824 301 519 875 634 365 630 625 876 626 335 732 316 329 167 945 715 188 20 777 73 261 421 947 825 999 813 752 116 502 777 291 155 295 165 788 11 146 764 238 771 98 969 439 426 136 383 140 323 
402 268 747 15 688 694 839 686 858 590 801 711 718 444 865 12 608 652 374 106 415 611 228 512 579 666 289 66 48 781 741 802 48 839 816 736 532 6 773 389 947 574 100 664 369 964 675 328 968 48 433 382 10 661 246 940 326 886 6 726 666 98 879 714 936 694 449 820 51 573 
208 997 146 659 660 866 975 334 194 942 733 626 675 94 286 272 33 964 158 390 41 823 487 919 888 775 964 688 594 14 261 153 10 758 164 669 624 138 354 817 431 438 442 457 531 80 729 915 395 238 305 435 412 143 705 300 917 668 339 862 33 599 15 42 357 178 62 332 667 767 
148 97 556 941 905 438 372 633 352 766 870 656 552 634 799 608 933 67 627 271 929 659 222 295 52 930 824 113 261 490 231 760 938 786 52 842 223 424 827 575 541 48 582 445 681 732 404 613 799 31 236 79 689 457 373 741 738 196 205 350 37 788 109 326 925 512 167 148 287 993 
74 828 41 7 624 721 739 27 686 889 409 273 967 98 81 691 190 818 886 746 167 274 885 627 599 810 138 117 309 425 462 382 604 502 740 579 574 478 957 611 366 366 235 684 463 315 374 4 484 611 101 2 884 986 628 834 795 118 951 103 894 412 836 497 265 575 427 190 405 383 
153 122 748 387 806 562 54 179 917 537 142 18 539 25 3 518 211 149 635 513 251 528 924 438 376 540 12 802 81 768 185 233 890 284 972 47 198 25 577 114 561 718 131 451 95 485 969 305 985 603 817 587 483 92 24 858 631 388 12 711 155 548 296 396 831 267 442 28 291 19 
1420 2030 7360 6240 6540 1820 4610 6220 4860 7970 5760 6540 3840 580 7450 7590 9160 7270 1460 2790 4380 6530 8260 850 4000 6560 3510 8420 360 9930 2120 5290 1950 2990 5040 2000 4810 3160 8210 3180 1130 3970 9720 8480 8060 7160 6060 730 4430 7520 3510 2320 7560 1760 6680 1550 1840 180 3480 5710 3620 9110 990 9080 5620 9540 1080 3940 2700 2800 
166690
