60 1 7
310 745 802 750 102 368 784 547 962 701 108 744 688 400 639 16 211 287 750 253 893 25 424 162 683 206 548 660 473 437 500 783 181 301 884 283 669 19 181 982 719 640 725 758 392 363 126 602 2 875 855 894 251 630 407 933 836 954 945 660 
390 444 794 923 96 677 557 116 695 89 449 766 728 174 875 119 888 1000 73 241 226 927 486 476 908 892 761 95 197 57 755 939 852 548 213 947 577 769 415 623 209 863 740 936 388 615 407 628 614 479 868 840 757 354 667 664 597 779 111 794 
835 865 732 686 764 944 985 692 64 399 667 624 613 406 559 1 20 317 628 634 147 847 825 903 200 843 919 797 622 381 942 808 245 673 846 360 968 182 404 383 932 70 6 544 475 916 544 495 233 523 480 731 370 656 634 921 498 904 717 471 
284 658 631 880 682 828 591 1 9 346 735 940 415 740 483 242 8 379 88 592 253 919 322 974 574 307 895 423 210 963 246 845 621 876 76 654 703 667 655 63 12 389 2 779 481 484 20 488 214 459 79 467 377 400 440 950 707 686 372 268 
649 969 465 621 844 540 274 898 206 280 960 570 21 313 348 853 149 719 340 362 177 770 180 553 521 972 854 579 657 577 199 305 546 663 925 741 202 551 639 760 830 950 329 202 263 28 54 763 98 745 124 626 514 656 530 387 627 383 317 635 
959 515 292 856 177 568 597 731 118 587 490 300 888 170 853 502 549 907 264 998 651 740 623 517 395 152 255 373 886 571 7 196 86 298 52 614 218 1000 344 335 586 833 986 825 354 839 327 902 97 590 899 99 329 873 967 75 376 221 447 261 
792 454 457 877 103 860 842 320 859 186 7 796 370 344 972 724 182 298 977 630 240 876 729 920 100 695 347 476 916 793 736 59 598 544 287 701 755 128 372 965 313 730 112 683 74 84 758 607 733 734 237 324 961 317 596 61 11 942 536 278 
7340 6230 3360 6840 5190 9740 7360 6250 1020 1070 5900 7660 1890 530 8000 2620 1360 5570 8680 2210 6430 4560 5440 6030 7720 4910 6630 1350 4320 5500 4120 1660 5250 1000 2010 430 4250 9360 190 5260 420 6080 6440 2300 130 4430 8430 5000 3520 630 7200 9940 5180 6160 9480 2900 1060 9630 7760 5380 
143650
