50 1 7
974 46 566 308 873 809 111 691 186 948 347 87 749 701 713 275 838 750 863 37 22 131 55 109 545 546 599 819 281 421 708 606 466 273 913 691 81 376 381 266 675 79 704 424 131 416 698 320 518 912 
357 539 394 411 1000 939 308 950 757 588 370 816 193 188 88 458 878 520 833 610 138 859 40 193 282 170 961 331 489 478 243 197 368 636 959 367 574 266 316 683 853 38 498 398 225 938 855 454 457 39 
63 594 897 102 787 179 623 747 861 111 576 103 660 943 739 618 662 664 884 329 698 88 366 196 485 590 485 691 43 941 729 457 887 978 910 673 508 884 771 368 995 698 471 6 992 209 623 653 224 858 
982 922 298 699 469 134 289 953 825 683 245 905 492 131 882 753 155 389 637 925 109 983 974 579 988 966 139 610 970 362 820 951 635 117 2 455 250 642 407 74 676 652 331 167 134 564 920 289 305 556 
565 413 538 539 991 525 504 481 486 473 194 305 776 829 773 777 283 23 770 42 448 445 45 778 612 178 694 883 818 998 438 383 410 327 921 752 203 776 232 688 248 777 345 375 605 117 503 240 491 272 
633 939 717 29 68 680 206 113 562 24 110 351 758 871 29 678 622 231 453 205 270 52 982 966 779 938 435 281 529 925 905 161 215 973 189 635 652 747 747 565 122 857 267 879 727 295 908 701 525 712 
905 794 763 886 112 893 176 546 174 704 470 430 865 685 402 405 319 53 151 65 969 624 273 235 502 1000 529 761 52 405 472 956 550 587 194 661 479 369 206 4 72 28 433 288 64 834 693 382 238 195 
7980 2060 8190 4230 7920 6720 7740 6720 4330 8250 760 2560 7800 6260 8420 3250 6380 6730 6930 1960 6760 1170 2230 1090 7560 2860 2940 4480 190 8840 9950 1680 4410 1650 5900 2330 8360 7150 9040 6200 5390 3320 2280 6710 3090 4210 9950 9460 930 400 
127860
