60 1 7
703 285 784 261 919 366 296 355 920 387 598 259 139 127 278 665 614 707 725 928 804 405 311 962 270 532 841 861 459 720 347 161 356 482 773 274 847 68 980 766 807 577 376 945 704 5 961 317 712 685 244 515 441 906 828 710 437 21 571 247 
92 269 407 447 750 179 73 948 599 52 65 757 629 792 701 332 796 662 1000 859 698 595 726 139 500 905 848 288 925 770 535 368 38 293 815 139 472 239 438 422 290 854 178 270 645 230 953 441 243 952 651 941 898 376 431 397 281 278 37 557 
48 923 925 437 215 91 928 38 681 365 459 970 219 988 592 863 218 544 655 460 848 306 752 745 681 182 494 313 812 882 222 859 804 498 647 18 940 574 56 620 939 866 941 509 854 532 723 423 428 378 234 275 35 986 371 67 519 216 380 330 
97 953 540 900 450 187 270 389 112 677 8 402 542 948 910 747 480 985 169 907 362 403 533 396 740 255 462 610 471 193 940 919 145 831 171 594 369 440 334 481 116 341 234 9 641 496 756 120 480 924 378 841 678 262 588 769 516 401 379 338 
946 670 257 90 500 779 36 221 218 721 53 685 62 286 693 702 781 800 173 260 76 902 452 753 515 391 522 30 792 900 720 737 569 328 178 420 106 565 640 675 286 44 359 699 330 403 752 110 555 924 722 630 177 525 382 691 916 255 72 59 
154 791 147 74 470 324 846 575 241 837 249 526 881 959 224 562 362 975 23 916 250 744 897 778 621 278 468 536 533 891 946 38 682 92 464 151 767 661 78 7 497 326 884 729 285 459 290 998 785 313 265 386 408 161 163 28 790 982 915 674 
873 860 64 906 303 527 408 70 187 485 428 35 811 312 764 447 122 53 796 907 717 412 292 125 924 455 504 713 436 419 739 660 630 802 565 933 328 973 354 866 457 781 900 619 444 663 417 566 68 212 824 784 975 115 908 898 921 764 963 709 
1820 7010 3680 1630 5020 9330 950 1810 2570 4480 460 7130 5810 9450 6840 240 9600 1000 9410 270 6640 7640 8100 6380 8790 700 5360 1510 8330 8500 8590 3660 5500 5790 5280 4030 8630 6230 9350 1190 4220 9800 8310 3540 2760 8660 3780 5870 9660 3180 6130 6290 820 7750 2660 3120 8440 1530 8140 280 
156820
