30 1 7
894 629 264 546 544 135 946 4 708 173 453 453 148 419 314 594 530 106 91 971 220 47 618 887 465 419 534 60 668 908 
138 913 536 401 458 431 535 755 435 243 280 887 47 427 657 712 373 186 818 463 508 37 861 477 275 325 895 808 736 562 
715 873 826 602 274 284 33 160 390 819 754 669 705 801 448 361 512 820 898 681 282 757 69 494 233 695 818 128 503 905 
41 569 778 867 523 403 502 907 562 243 725 316 912 781 116 359 493 979 178 390 12 811 498 80 304 730 775 473 857 629 
377 250 549 154 468 71 908 969 329 470 211 53 785 474 185 252 184 677 582 713 418 593 523 915 673 178 645 799 650 853 
427 27 102 975 532 921 398 440 241 78 909 804 131 45 277 667 296 813 344 877 525 761 822 48 676 494 225 672 292 227 
524 70 253 978 396 136 898 145 927 491 223 187 294 705 231 922 371 878 734 714 107 259 827 928 658 854 421 882 525 64 
4600 4000 4850 640 3770 8800 2000 6270 250 4780 1170 2470 6650 7620 3030 8950 6830 6730 1250 4170 7390 2310 6750 5650 1580 3320 4180 9300 5650 2940 
68950
