40 1 7
743 735 695 799 48 826 279 867 60 542 319 429 122 520 602 143 262 252 968 45 843 810 850 484 240 43 930 512 214 511 237 956 598 931 754 645 108 384 863 167 
278 182 947 399 701 548 893 314 799 212 359 993 373 560 476 612 954 406 123 167 268 711 122 865 641 227 510 100 610 372 619 887 905 565 637 958 465 529 623 263 
741 333 256 113 892 83 725 197 840 199 363 108 910 836 972 902 62 481 2 24 205 972 910 461 536 547 418 352 427 393 615 167 725 222 632 969 656 708 165 496 
258 880 603 167 67 574 69 129 407 422 152 963 745 413 423 280 311 193 984 738 585 598 256 661 171 887 629 178 946 146 673 204 25 275 370 91 201 790 571 607 
563 74 921 307 839 695 939 149 887 922 886 823 871 142 836 393 380 464 570 326 961 595 881 337 869 602 428 421 744 350 379 306 776 299 965 614 994 903 762 232 
176 648 407 46 141 242 438 520 57 359 197 18 953 77 354 174 31 133 594 774 835 973 79 610 623 43 223 968 297 984 200 472 983 958 869 123 199 658 995 255 
17 543 624 969 620 978 494 2 462 88 775 296 412 205 905 386 600 127 354 896 463 905 720 797 214 588 272 412 246 618 18 262 160 642 582 779 971 428 132 432 
8670 9060 7280 6300 1110 6320 150 7100 1110 7200 9570 9250 9760 6760 730 1890 6160 3440 9520 8610 9610 9700 4740 1210 9630 4070 2510 9330 1860 3830 7160 520 6400 4430 6810 7500 4270 480 8110 5370 
113760
