70 1 7
373 144 722 398 296 940 447 9 961 896 397 991 324 204 881 987 290 1 678 143 802 645 18 254 516 875 568 408 487 761 776 860 904 497 609 551 436 407 911 749 303 307 739 626 862 971 964 151 971 642 645 124 638 662 730 153 536 297 912 23 409 688 234 312 536 194 214 324 600 124 
72 254 782 162 232 643 132 195 145 454 188 789 577 825 802 306 329 337 954 593 711 362 632 944 25 167 489 590 490 441 713 913 694 846 74 925 840 557 472 336 362 11 476 939 188 277 596 516 614 902 460 324 615 91 620 640 258 460 229 99 900 294 12 594 491 85 870 683 994 693 
18 355 704 494 645 891 122 593 758 735 494 570 411 108 660 382 99 269 841 680 368 741 325 379 686 815 815 907 497 808 600 867 515 303 712 159 545 833 103 654 920 596 575 330 56 235 63 506 503 903 185 222 995 509 600 680 676 415 587 524 222 538 390 736 192 101 247 88 286 349 
741 205 297 316 886 352 902 300 857 756 202 394 978 197 254 577 228 929 991 166 453 565 703 194 652 894 647 898 981 932 599 74 488 895 741 725 598 642 24 806 749 577 199 726 125 453 655 353 733 645 870 537 561 573 731 213 818 729 462 151 12 60 224 851 954 316 575 551 309 950 
709 57 526 907 783 3 711 437 707 796 433 576 332 346 500 414 558 318 494 371 820 505 431 43 355 736 710 281 639 18 582 347 74 460 605 208 462 316 644 168 111 429 743 794 774 595 560 683 912 53 53 83 558 835 125 264 571 186 897 561 203 478 907 276 937 511 484 398 178 479 
917 640 259 12 786 32 606 345 714 869 749 119 951 306 953 427 922 875 612 818 435 814 295 341 441 584 204 276 981 733 755 250 725 365 261 510 397 866 206 462 734 954 932 684 612 885 110 533 759 73 702 194 886 348 886 326 931 441 954 264 526 60 513 250 424 773 111 172 638 668 
986 723 621 917 406 584 801 867 468 912 939 169 457 176 517 342 853 447 135 806 710 12 865 222 261 641 346 723 812 983 742 797 57 362 714 462 298 866 680 765 777 970 934 233 145 450 927 350 248 413 155 958 424 372 531 36 12 877 758 175 211 851 972 268 212 37 81 861 902 113 
6260 310 820 5590 2630 5790 3600 5410 2800 6070 9530 7860 9160 3760 1570 7990 7630 5200 6750 8720 6950 2370 7220 180 8560 2860 540 2890 1460 3070 4010 7710 3370 8340 6810 9520 7640 3920 8440 430 3510 7970 8290 2660 5240 3370 640 2870 2090 900 1580 2550 6790 2320 2720 8860 5170 6770 1740 6620 3350 9260 7850 240 1120 4650 9750 2270 2090 1700 
164340
