60 1 7
636 121 776 892 516 641 372 65 698 361 375 90 15 286 613 160 297 89 161 248 427 163 567 444 520 330 163 550 807 707 23 442 180 798 685 695 790 408 759 487 769 485 576 135 122 541 647 419 629 807 18 55 322 584 498 841 265 13 743 71 
719 765 864 250 914 901 944 703 308 55 190 428 891 117 915 13 657 561 783 637 719 800 44 40 735 541 233 999 905 975 422 976 739 285 225 652 537 521 706 197 575 895 976 817 364 890 829 20 450 611 9 521 762 52 560 496 944 144 847 849 
118 268 824 208 904 48 211 441 568 917 989 494 163 964 311 526 854 491 898 655 454 258 175 215 309 87 63 252 230 261 452 700 528 627 259 783 27 470 223 946 738 563 440 900 527 102 778 732 592 27 386 397 284 913 964 944 351 378 547 580 
638 351 631 517 977 890 299 3 359 874 949 448 436 740 347 962 841 476 45 784 854 431 181 489 695 144 432 45 521 331 976 510 681 607 26 657 496 676 660 206 549 960 653 337 699 351 650 891 827 695 26 32 477 206 521 171 701 304 215 573 
634 190 82 314 796 459 323 643 135 334 848 683 293 500 19 343 851 21 233 29 715 610 412 191 816 932 361 868 588 927 441 221 468 874 887 264 333 209 258 467 542 106 501 186 957 872 880 807 892 464 187 606 73 599 796 240 882 508 108 821 
434 900 42 901 773 280 516 105 840 774 923 733 231 424 918 187 295 797 346 186 260 884 143 332 482 290 924 716 797 31 536 582 930 929 834 54 560 702 511 399 827 433 131 57 208 400 595 502 548 940 39 159 824 181 843 657 470 766 724 618 
796 612 551 77 892 385 130 452 438 640 850 264 425 333 672 632 732 266 134 280 558 524 438 733 57 280 741 878 45 465 496 192 76 398 268 967 782 750 770 571 389 620 834 813 952 857 445 35 123 930 666 680 805 104 764 861 735 504 739 132 
9680 5860 6750 3950 9830 9430 7140 1170 6920 4830 6870 4320 4540 5210 5970 7570 3770 3930 1440 8510 6740 8090 8820 4780 2640 6450 3390 3510 5010 4290 4820 4680 140 1560 2150 9960 4500 2800 1120 4930 1140 7990 2770 9200 6710 8730 6760 3990 2650 8190 6020 2900 9800 4830 7670 2430 4800 4570 5930 9800 
162470
