90 1 7
760 310 611 134 506 220 565 164 184 891 619 430 218 353 127 566 138 636 372 290 706 12 248 738 820 458 129 964 877 735 206 636 397 169 770 902 388 334 417 923 576 35 352 146 739 478 711 228 113 434 518 818 797 765 907 968 222 387 931 98 474 489 86 870 657 207 123 396 892 539 318 820 926 21 965 16 498 27 244 962 812 761 131 608 525 37 576 747 775 858 
196 248 346 633 469 354 191 943 749 83 834 66 902 759 86 218 774 935 596 369 248 407 129 378 14 654 766 941 752 541 799 299 140 144 284 961 498 474 903 598 908 736 16 161 846 453 378 972 388 973 340 635 379 469 365 745 474 130 685 577 22 835 227 514 979 510 474 828 336 728 425 243 464 792 756 309 245 133 280 632 458 972 618 188 440 334 284 265 464 969 
841 837 155 419 350 133 929 175 312 616 903 89 210 718 880 965 26 124 450 658 107 259 629 77 446 420 410 82 36 225 50 876 414 204 294 115 689 574 290 352 541 544 440 751 261 672 715 638 795 516 647 254 774 275 330 572 46 91 653 81 316 54 308 729 609 954 843 649 879 484 1 420 27 792 170 639 463 236 277 258 104 923 511 877 550 192 800 595 282 452 
28 949 857 335 29 466 640 224 114 519 707 114 938 86 258 459 724 720 46 1000 329 149 275 191 378 824 382 177 770 16 981 797 964 837 484 993 302 123 568 768 641 274 233 930 359 490 740 83 210 786 434 538 286 708 729 663 531 462 192 653 477 172 449 793 360 284 137 14 759 704 781 751 977 365 681 688 855 420 122 416 557 907 305 843 615 33 505 497 847 48 
149 323 571 950 467 931 233 603 944 343 658 76 94 987 440 774 674 646 545 147 61 102 53 366 944 19 750 800 868 596 200 16 271 770 317 89 700 902 44 995 244 701 422 337 687 214 462 712 859 7 210 272 460 615 989 755 633 738 906 500 686 105 868 308 227 184 748 278 437 791 273 681 844 46 369 882 259 831 946 118 189 155 389 1000 769 729 754 754 466 11 
605 503 116 472 162 342 8 910 619 444 700 243 476 543 289 845 777 899 27 722 16 567 876 756 566 997 484 671 750 302 681 706 156 796 178 318 489 185 227 460 980 278 54 808 173 342 652 949 593 30 670 608 596 897 716 161 893 551 831 994 204 863 700 360 11 229 677 499 765 255 310 744 532 364 551 704 57 554 4 649 583 673 609 530 570 324 42 814 226 224 
808 430 87 859 141 97 87 817 947 851 423 257 946 954 620 849 10 28 402 13 677 337 38 285 218 607 960 260 772 185 483 931 966 921 789 106 17 875 274 316 77 696 572 23 2 543 223 11 570 624 375 246 312 412 882 530 370 841 141 142 26 975 72 343 896 213 449 264 439 722 579 516 770 502 890 771 44 112 781 966 87 507 211 751 919 93 280 640 285 772 
1330 6620 7460 5570 50 9930 7690 8050 2570 5590 5260 1870 4260 2950 410 3150 4170 840 7780 1970 4010 8650 7040 6120 6150 9740 560 2460 9650 6920 3690 4500 3540 1140 60 7100 4590 1260 5140 7150 360 3910 2530 4620 380 2930 7760 4540 7290 9060 30 4810 7700 580 4440 7360 310 8510 3330 3470 5430 7010 7960 8960 1660 1530 9570 6240 6300 4700 6900 6660 8600 2950 1270 2490 9390 2540 7030 190 1590 7050 5000 2800 7620 9430 150 1440 7940 6990 
214150
