80 1 7
267 7 159 79 171 338 801 297 612 731 280 150 63 325 807 669 620 574 268 371 198 243 792 232 981 993 762 379 602 883 645 869 241 155 299 412 492 452 60 103 182 339 252 596 15 410 616 987 983 883 357 180 478 500 764 810 845 877 188 446 759 184 314 352 338 965 763 181 416 822 283 597 512 887 544 526 296 160 512 631 
394 220 162 871 720 925 32 564 154 219 361 264 754 27 615 443 991 377 623 406 550 258 354 61 144 897 587 791 408 450 773 802 22 935 24 93 211 56 8 364 626 368 628 732 394 242 526 384 971 149 789 520 406 494 933 901 391 871 43 150 320 816 303 693 750 679 785 960 734 792 676 711 512 655 442 905 248 320 641 218 
468 781 90 225 275 22 477 17 892 519 166 563 334 469 256 83 147 392 395 232 536 422 294 47 76 88 303 675 407 943 245 874 724 334 450 350 707 926 366 950 796 531 864 130 351 119 564 849 863 310 80 398 731 374 796 158 461 450 833 867 393 77 92 468 762 893 817 820 170 182 769 965 64 632 94 767 103 658 615 317 
967 47 66 50 420 861 207 232 310 39 450 54 467 893 873 580 785 689 399 306 222 519 270 638 503 716 404 605 373 18 921 691 64 338 92 835 198 299 418 859 689 219 265 508 463 137 87 599 826 838 904 399 356 174 36 858 889 791 814 613 809 86 655 224 423 747 411 972 397 828 831 85 399 447 592 861 583 31 460 760 
220 363 159 575 888 546 785 776 337 950 740 497 36 395 72 458 493 482 782 889 662 612 973 60 58 917 920 992 299 731 752 518 94 262 444 333 807 580 109 495 530 200 343 917 946 415 726 438 896 507 326 909 470 651 968 527 919 240 871 217 970 622 86 415 883 529 100 41 461 560 536 342 759 878 258 705 644 983 142 892 
490 820 800 959 470 768 838 388 359 708 604 680 329 41 447 563 569 546 603 381 105 490 722 863 720 979 919 363 962 413 254 803 232 54 113 701 173 950 88 531 9 43 562 689 83 8 251 3 553 206 384 9 695 105 872 414 436 142 777 749 554 382 903 785 435 15 485 959 965 924 489 325 318 51 14 400 58 264 755 963 
469 138 971 516 594 194 929 381 688 57 129 241 439 31 26 225 398 862 184 362 138 24 38 455 74 51 855 484 667 961 798 487 98 120 2 43 314 931 776 1 339 904 593 777 287 970 2 684 832 537 397 321 560 434 775 986 837 981 469 503 941 266 989 390 385 991 785 50 273 560 402 611 815 995 740 453 964 93 136 147 
6290 8840 4670 1880 6700 5940 1730 5060 5740 9930 3600 5150 6100 3480 2560 3470 6900 400 7480 9620 5990 1500 9250 7660 4960 6640 2180 8110 7560 7060 9580 7360 9410 7760 2750 6100 3690 8000 4670 9430 1440 8260 8090 7540 5260 4160 4520 2150 4560 1990 5290 4060 7000 4530 1710 1950 4680 7410 60 5750 4460 3150 3100 7380 900 9360 3480 4590 7350 1660 7530 2310 9920 9130 9840 8690 3280 7870 830 7830 
219130
