80 1 7
204 739 279 840 725 527 667 367 106 972 703 631 603 9 49 953 289 203 501 34 452 919 231 108 610 802 775 674 626 819 305 830 909 583 669 985 110 687 352 567 10 406 197 964 766 597 917 406 799 417 440 603 336 670 710 297 823 485 970 449 655 275 278 564 209 298 548 670 984 251 237 993 656 785 956 774 382 872 179 532 
641 618 134 328 640 844 624 462 680 946 910 334 572 539 249 780 836 797 450 171 399 686 515 407 470 471 180 203 694 358 735 334 328 220 13 967 415 989 428 94 934 690 428 505 228 28 636 416 176 85 938 575 122 453 981 592 923 160 146 968 869 880 654 196 100 666 162 514 6 942 960 939 631 739 795 210 766 431 977 942 
867 915 516 989 367 848 932 641 7 77 960 875 309 613 423 760 631 584 625 636 525 584 927 507 674 721 717 440 503 45 381 722 959 248 62 677 95 345 669 453 773 629 679 81 593 101 192 575 37 817 211 913 752 137 420 426 209 488 217 64 532 949 785 843 196 198 871 642 542 892 94 314 872 124 395 464 225 938 39 613 
754 601 525 858 737 296 635 297 135 851 360 19 799 496 861 994 693 83 635 234 974 80 548 845 203 294 661 779 231 51 391 337 651 268 546 739 563 180 35 698 30 747 716 828 242 928 173 935 10 159 520 336 590 67 532 792 712 192 923 295 242 313 983 244 580 528 982 495 59 369 192 88 115 259 267 356 538 791 642 899 
949 162 234 890 580 766 681 644 309 603 938 903 268 272 146 199 151 128 693 209 496 236 648 962 846 266 317 383 56 959 634 356 472 867 245 51 984 277 694 293 232 983 547 851 254 692 49 756 171 94 964 18 329 963 979 175 228 296 909 635 606 542 990 429 761 586 479 96 863 525 388 446 507 934 296 113 978 344 868 148 
437 832 166 118 794 144 644 374 791 904 8 748 446 350 176 558 935 655 653 797 179 393 594 37 678 889 149 655 585 17 803 373 200 320 490 345 815 133 718 606 37 726 705 834 75 881 391 361 887 43 510 417 435 103 453 465 992 602 119 928 970 273 300 169 592 790 513 407 274 583 364 662 660 68 495 86 948 237 446 186 
280 955 602 66 58 55 882 401 8 1 680 329 625 979 497 217 768 361 975 394 295 690 55 954 109 550 39 409 138 837 594 417 791 196 835 200 602 716 952 961 68 631 289 693 610 137 261 729 849 587 474 144 628 529 449 736 430 840 144 567 676 90 336 466 285 522 18 238 589 969 198 657 952 838 701 913 326 961 993 174 
8990 4670 6690 5260 9950 1180 6130 7760 9570 7570 3420 9840 8460 6770 8010 4820 1980 8180 7190 1390 1390 2680 7950 4420 4570 8470 3540 7820 1590 3460 9550 570 8120 9760 9340 1580 930 5460 9330 4010 3020 2750 3840 4990 3030 5360 3320 8530 3540 500 9910 8440 6690 1370 2850 1250 9830 6380 9060 1410 9830 2130 1970 1470 1880 4820 3040 6320 270 2370 3840 6810 8630 1190 5310 1650 6540 8630 3690 3590 
206210
