100 1 7
485 558 847 195 597 790 712 429 413 415 226 576 851 943 555 267 462 118 207 937 575 419 352 314 392 255 669 187 689 367 814 173 924 13 367 873 802 78 653 566 492 878 142 694 173 48 312 634 517 518 922 91 288 273 405 679 527 425 866 215 791 31 739 66 43 105 938 197 535 590 762 378 820 255 424 992 302 735 625 819 605 898 261 892 170 17 571 49 793 788 615 583 818 354 1 213 458 938 409 344 
528 170 722 347 425 497 338 78 583 314 248 187 211 509 431 732 877 353 780 670 140 395 604 309 100 604 521 557 542 929 253 421 99 326 119 875 822 808 952 404 121 200 943 683 60 373 766 936 77 898 605 216 644 209 876 743 812 397 651 705 325 903 125 775 580 595 1 401 402 953 157 874 504 99 908 563 823 674 498 899 571 455 466 566 15 341 308 826 89 958 883 766 213 359 540 792 954 541 545 355 
845 53 581 348 503 488 262 325 161 111 575 83 565 392 1000 931 732 307 109 173 617 991 938 829 349 829 972 654 721 516 361 565 920 941 264 422 780 525 98 941 636 672 375 552 415 375 483 147 33 591 319 649 933 608 829 633 436 801 287 157 668 999 721 588 291 337 9 70 861 107 362 848 130 89 752 545 815 586 43 847 176 713 496 460 320 324 92 107 476 730 263 144 728 336 83 370 672 443 440 532 
549 153 732 31 241 483 927 55 68 321 902 595 33 749 54 704 424 145 810 900 227 425 395 954 760 477 324 431 919 115 314 820 267 45 202 508 879 128 914 298 800 815 892 832 915 297 887 339 794 48 590 20 472 984 325 583 812 1000 13 82 114 679 253 733 723 806 592 954 285 505 251 84 672 143 267 586 791 505 924 584 553 865 603 376 848 928 959 11 279 323 445 393 1 49 477 76 855 68 29 139 
572 631 223 595 773 841 181 916 346 456 499 898 321 454 625 520 733 935 531 11 610 327 403 610 375 231 37 581 298 417 720 222 48 294 816 172 486 348 87 831 804 586 80 124 39 57 643 123 991 525 133 600 851 888 562 578 118 598 158 768 367 229 989 414 874 156 585 360 504 672 190 307 609 622 430 999 678 424 121 668 949 253 620 151 140 533 728 258 482 886 25 848 466 365 261 340 520 846 699 375 
869 240 681 477 861 462 475 890 886 595 558 186 847 529 336 339 61 64 948 542 301 324 390 766 688 2 457 559 847 507 934 715 747 966 191 959 428 17 849 665 611 758 850 810 638 185 148 698 600 95 591 252 418 332 370 457 334 826 15 180 333 300 247 431 266 789 741 45 806 941 709 416 50 910 577 687 446 724 736 46 170 327 649 587 658 18 395 343 844 410 523 176 61 121 958 326 909 698 370 66 
639 430 834 688 339 410 727 785 486 462 182 655 140 830 594 150 848 988 492 691 749 366 218 810 486 175 487 747 224 857 812 214 638 645 902 977 407 980 761 892 441 294 546 933 123 491 82 970 479 925 12 579 643 581 740 128 107 227 226 331 435 390 544 72 386 797 48 792 776 160 683 569 453 581 853 928 71 286 249 901 210 261 480 852 193 219 332 300 797 909 630 231 298 525 303 684 322 350 475 449 
8620 5100 3690 3140 900 2210 5930 1600 5060 8420 4130 7160 4540 8920 9190 6460 4620 6020 9450 6110 5110 9260 8410 8080 4510 1430 8430 1240 8450 3180 9240 7060 8270 2930 3710 2680 5130 9640 4270 190 8050 8390 860 2580 820 3560 2550 8960 9580 5520 5060 4680 4770 3460 6270 2790 8410 4700 7540 6850 1390 6780 3900 9650 9700 1120 5840 8340 750 100 8520 2310 2010 2890 8400 6340 6450 950 5290 6020 6460 3860 4210 4740 7320 470 1050 5720 5160 8580 6080 60 8870 3490 9700 8560 4600 9050 6900 5350 
267430
