50 1 7
811 158 942 722 345 600 245 593 988 486 792 785 298 863 516 27 936 619 177 945 73 340 375 585 390 365 751 394 533 70 911 343 227 853 417 923 804 13 516 143 498 659 279 148 521 147 526 808 765 702 
753 189 42 127 773 783 844 876 528 728 297 439 423 876 643 839 798 798 851 665 292 701 676 922 848 548 68 725 356 185 426 108 373 819 586 498 954 781 725 833 509 21 623 931 896 617 121 694 766 971 
710 57 23 385 331 870 933 398 594 288 582 372 747 307 542 684 156 495 465 880 680 325 252 302 607 500 919 727 545 684 49 254 93 72 639 423 941 923 172 887 562 106 610 660 764 151 343 919 646 159 
150 325 483 753 978 441 252 896 167 796 932 216 50 376 287 40 150 579 314 321 465 875 778 426 534 541 577 228 811 574 739 960 250 573 713 227 14 964 475 180 112 758 747 161 133 33 552 282 612 865 
954 428 739 732 854 624 624 782 203 435 355 941 394 604 866 458 182 879 774 656 410 885 413 157 397 897 189 948 178 152 812 484 932 902 567 785 877 190 918 79 624 272 372 370 227 237 179 408 467 952 
64 876 188 828 32 584 725 221 883 902 724 46 737 655 947 303 791 175 493 708 606 468 979 329 837 205 565 368 965 383 319 28 258 859 207 290 794 931 862 677 185 585 722 921 592 21 224 382 547 68 
442 152 535 420 480 724 977 396 91 941 778 761 320 36 619 526 677 413 809 890 441 993 826 514 265 417 886 840 799 433 907 592 936 794 11 416 517 339 163 607 631 293 367 302 680 338 180 356 102 988 
5970 8940 3320 4220 4070 9480 8390 6450 7880 9890 770 460 5800 3640 8390 9420 1310 3550 6330 2940 3130 2630 9380 320 9170 6170 3690 4480 3240 8220 4350 9200 7150 1180 3410 1210 650 1790 1170 2040 1670 5450 2500 980 9090 880 400 390 7950 6720 
114910
