80 1 7
836 340 386 429 677 458 719 275 659 351 448 400 870 696 184 289 868 382 236 672 869 237 422 921 54 888 99 188 438 219 36 274 558 773 702 586 231 420 860 241 770 308 993 991 355 528 280 574 909 867 598 129 455 371 49 509 258 500 696 47 718 84 320 627 856 373 212 438 145 423 679 266 82 671 609 436 198 888 362 458 
106 959 587 560 681 987 68 290 838 116 336 555 199 8 533 406 380 744 844 876 519 874 142 600 544 750 388 93 989 749 902 94 59 488 653 739 827 73 28 664 540 715 571 90 722 455 495 102 199 690 329 69 563 470 668 458 219 55 550 559 155 452 652 213 291 657 303 469 81 682 485 972 397 55 413 118 861 259 571 59 
949 900 479 511 369 147 321 940 201 222 850 356 25 854 920 316 862 223 136 942 904 620 265 300 26 677 770 887 935 340 297 883 591 776 746 312 922 66 603 474 287 452 181 664 305 101 331 166 675 466 459 578 86 723 230 463 751 351 349 686 42 646 568 633 773 665 944 46 82 546 519 721 349 700 384 6 152 714 523 826 
179 982 755 616 56 336 79 807 686 779 492 728 776 411 712 548 428 655 945 509 552 464 229 252 515 964 257 666 677 780 843 208 113 597 175 168 285 605 326 970 384 817 49 511 580 760 411 7 766 355 867 669 170 96 921 684 411 177 701 88 956 543 647 420 492 821 588 128 778 913 449 513 82 498 23 661 609 433 19 375 
140 885 395 309 332 315 993 743 492 45 182 799 940 828 219 431 1000 158 558 777 422 358 289 503 855 664 515 816 448 885 542 587 770 936 896 101 251 888 195 94 284 376 892 223 555 462 653 907 971 562 35 393 920 676 247 126 339 762 941 786 998 482 373 767 418 620 220 20 507 414 113 142 142 356 365 48 170 369 954 140 
283 989 532 554 16 131 679 354 244 972 491 241 805 215 8 574 834 579 593 692 344 705 834 485 61 198 533 230 566 838 721 848 826 605 401 193 735 432 546 978 403 389 218 559 603 577 133 437 155 725 480 499 782 313 335 842 510 219 423 428 57 143 275 234 747 28 427 833 811 324 810 565 712 380 123 667 308 255 103 463 
332 934 313 113 247 647 306 108 218 80 535 274 222 162 507 321 541 933 505 351 609 315 915 320 46 389 986 353 644 440 167 327 374 479 791 972 478 96 79 695 175 614 320 748 127 826 420 667 111 925 17 719 591 283 390 636 671 376 340 666 167 507 992 892 337 782 863 814 229 942 860 403 907 179 503 33 357 922 51 467 
8460 4190 5370 4360 7010 9260 4230 3710 6530 7630 3890 1720 2690 7320 630 9570 8660 9260 7710 940 2190 9820 8490 4770 1610 7030 8610 5170 6240 9110 3350 8220 3290 2230 2570 3810 1480 320 1030 1530 7940 4910 3240 4140 2230 7380 7220 4400 6630 4920 5330 2330 8260 7330 7090 3380 4350 9210 2060 4110 8310 5400 2320 1590 7620 8400 5390 2610 8710 6420 4130 160 4840 880 7810 580 8260 5030 4970 8400 
206150
