40 1 7
663 706 503 194 490 168 6 782 763 948 43 618 557 412 237 9 862 409 54 600 545 661 7 874 1000 527 664 420 205 751 421 867 456 923 60 946 442 65 727 556 
12 121 173 921 532 409 281 745 169 334 344 713 346 350 939 345 229 602 117 433 704 537 299 160 811 710 105 604 774 183 159 138 655 683 58 187 443 338 931 611 
23 627 675 368 328 613 64 556 566 180 340 270 68 990 429 230 699 885 833 473 419 343 610 73 25 19 611 467 708 894 429 730 520 104 449 847 68 864 755 634 
44 94 255 463 436 35 693 134 271 877 958 689 220 567 113 244 937 724 63 644 969 491 373 840 594 173 686 662 37 792 647 432 238 901 246 673 287 290 806 557 
167 764 597 738 682 709 981 971 784 395 614 104 886 339 943 831 511 981 844 899 772 490 682 9 742 928 33 28 217 839 936 735 954 532 472 987 593 805 957 728 
199 923 832 84 261 774 267 123 754 110 22 526 600 703 886 693 982 919 721 199 109 656 933 414 540 405 752 132 209 709 859 759 983 690 843 243 816 109 365 921 
218 738 446 169 793 684 862 774 602 934 324 62 941 257 475 480 13 226 963 573 286 174 331 268 215 525 862 30 633 579 951 203 316 748 723 460 431 936 586 384 
2210 9090 4450 5140 5170 2710 3450 5290 4970 3080 4530 1340 4810 7840 4020 6950 3080 2630 770 2930 8410 270 8470 5090 1260 9210 3200 5570 8570 9050 2920 4290 8140 890 9420 6820 3590 2870 5630 2070 
95100
