30 1 7
390 473 912 471 512 709 31 416 811 830 545 402 342 686 89 999 732 960 496 188 860 480 184 554 713 662 66 892 909 604 
505 651 428 768 121 939 476 503 706 286 333 251 39 674 288 127 24 19 438 520 207 298 351 742 203 415 755 269 307 664 
224 163 314 652 930 786 942 405 289 648 42 973 250 433 998 537 559 21 908 349 540 466 646 242 207 848 657 962 468 963 
977 692 477 290 695 406 427 988 162 715 987 203 39 236 987 36 125 546 409 32 894 948 849 891 542 407 738 198 368 206 
512 344 249 988 985 295 745 412 282 906 478 269 460 517 504 447 904 980 344 312 363 589 612 211 831 153 618 568 350 337 
125 213 33 725 200 17 19 296 428 301 201 906 569 12 774 424 810 677 404 505 989 118 445 600 329 275 752 298 843 453 
634 319 17 666 44 216 683 62 863 462 714 415 719 282 426 492 58 588 169 813 92 509 930 537 108 610 811 211 907 5 
150 8930 3240 310 5580 7190 5980 5920 7800 4600 4060 8460 8740 1240 4790 6510 6160 5360 2380 1360 7000 3300 6440 6300 2180 1030 5910 3800 3130 8500 
73170
