50 1 7
134 940 565 871 478 556 446 243 218 537 870 465 511 189 982 350 35 94 560 176 903 241 596 272 938 344 39 291 149 823 901 282 114 465 505 592 372 950 186 941 486 56 406 349 244 739 698 631 185 609 
806 439 850 402 710 139 97 101 781 597 275 681 879 388 497 735 331 869 684 517 161 522 572 918 870 167 657 567 797 193 176 603 631 377 356 692 867 804 792 648 401 66 328 631 806 825 365 136 45 48 
652 205 569 575 475 438 94 131 357 242 323 884 196 305 260 551 996 126 355 140 125 107 205 805 737 362 981 101 498 25 500 501 581 69 428 55 858 521 537 214 114 211 97 310 515 708 860 863 186 566 
2 310 672 558 466 408 920 446 860 769 822 360 621 403 780 400 809 637 920 698 203 386 908 651 695 775 359 554 989 896 472 990 557 143 547 23 903 818 468 114 938 290 825 559 44 604 958 204 593 230 
901 795 615 161 445 309 287 155 214 275 50 685 616 607 180 162 981 434 332 448 899 269 89 724 179 484 327 137 40 919 718 940 65 684 452 510 992 738 16 557 364 66 242 979 24 773 493 356 558 824 
803 456 444 244 179 975 79 858 463 118 776 180 410 841 863 861 702 206 951 717 762 666 134 355 645 509 479 489 864 36 664 667 844 107 262 22 81 340 879 543 810 7 74 219 847 288 431 548 493 381 
616 607 399 750 313 43 258 792 883 122 179 546 140 22 652 753 44 85 444 274 979 253 280 53 471 126 340 902 25 185 634 993 791 32 742 103 426 351 246 308 824 425 853 315 446 857 67 489 293 511 
1150 2710 7630 3940 6750 5860 8720 3670 4870 8960 9030 4720 2400 6930 8560 3330 1470 2810 6840 7450 9410 8590 1690 7930 1740 6140 10 5920 4550 2930 1020 5690 9160 2170 3140 5900 8020 1850 3080 6400 4330 2100 4630 6720 2540 3180 50 7530 5990 400 
120300
