90 1 7
113 639 105 611 230 649 846 455 396 241 644 873 928 748 357 28 759 333 651 831 43 259 410 502 398 442 439 279 84 676 497 548 666 954 158 895 602 4 701 349 244 696 573 523 443 930 550 201 262 201 384 304 811 793 157 208 235 595 838 670 622 335 218 639 288 375 886 241 730 586 589 325 634 161 848 76 442 397 629 703 949 12 358 760 804 514 319 390 461 509 
60 434 843 629 73 482 3 958 74 733 895 14 57 528 526 904 604 968 653 584 22 601 595 380 712 398 245 383 140 57 891 551 491 85 179 915 918 181 872 991 265 118 4 322 646 529 577 601 848 581 184 870 182 778 601 245 527 197 627 666 254 517 216 96 953 746 362 870 927 233 212 543 350 215 216 347 96 793 947 295 373 130 164 906 907 116 151 786 665 777 
451 270 646 19 365 950 764 78 820 42 310 31 585 11 598 152 358 45 944 656 339 669 786 855 926 44 322 428 829 986 557 632 255 202 650 971 151 765 48 322 159 709 705 95 720 654 246 429 698 542 84 388 562 221 594 487 265 916 267 445 901 823 76 508 24 77 478 526 194 526 200 352 234 256 446 305 909 43 85 958 584 521 697 497 741 291 336 357 558 602 
802 458 424 229 965 799 306 443 676 499 320 875 850 905 482 647 210 742 41 294 699 625 814 748 473 907 390 808 263 947 409 416 404 832 645 721 982 950 515 658 800 834 884 1 90 366 647 299 107 687 945 158 663 110 905 136 16 294 295 631 240 704 398 995 887 394 67 869 695 581 878 494 766 761 494 856 126 492 506 585 531 450 742 193 560 998 680 927 291 975 
909 882 30 307 228 916 700 295 136 395 227 13 240 993 126 734 200 603 577 705 187 107 507 928 652 66 925 331 344 567 657 605 800 686 263 28 954 314 674 441 60 900 806 300 244 931 385 443 533 961 148 72 68 654 999 719 71 276 401 766 194 410 370 346 447 632 725 400 946 398 193 5 649 998 656 893 280 40 335 164 1 834 235 420 839 586 490 261 213 890 
379 758 651 748 103 98 732 827 497 29 576 41 385 225 38 41 117 669 80 803 833 432 989 419 851 179 4 692 440 568 934 170 326 584 269 780 681 1000 607 530 380 182 570 765 758 960 805 226 628 236 381 812 20 369 231 870 899 586 914 690 154 847 859 831 430 128 610 463 127 568 992 859 102 913 623 859 224 779 85 852 14 465 15 33 185 597 255 83 183 520 
773 688 366 631 518 147 758 479 609 237 47 952 95 148 865 69 358 440 847 442 643 212 258 658 597 794 254 203 877 788 722 1 475 87 631 344 233 741 823 194 329 221 145 775 720 361 843 77 801 41 871 443 252 480 452 200 274 706 402 502 493 123 502 320 561 484 663 146 224 837 339 904 409 483 678 128 196 872 205 996 264 75 790 868 554 242 67 179 299 821 
6800 1430 9430 1810 4620 8560 6650 4770 10 2400 6650 6910 1440 740 5250 1730 2010 7200 3970 4050 670 6600 8310 2090 8790 7370 4500 9460 9150 1000 7660 5950 2420 600 7750 7040 2670 4390 1800 6190 310 1960 3090 1740 2690 1860 6980 4700 9050 940 2260 3240 1060 570 5320 9840 7930 3330 2810 590 4320 460 6530 6730 4580 4280 7280 7240 2180 2590 3430 2480 4550 30 7730 7230 1880 8230 1920 4450 2680 7700 7680 3730 8260 6510 7090 9700 3350 9890 
207910
