80 1 7
7 956 374 83 424 237 531 799 542 640 754 869 659 263 628 347 953 755 347 877 856 841 49 343 747 55 431 851 647 636 801 6 944 526 88 367 763 970 518 304 609 623 524 268 885 152 966 189 258 312 65 465 504 465 807 250 519 589 452 518 577 253 523 520 130 962 238 892 931 755 547 892 377 71 511 613 574 476 801 183 
140 218 647 643 682 805 245 553 746 696 70 322 300 592 841 430 905 78 321 835 185 220 78 913 290 588 878 215 64 678 397 203 247 43 197 929 199 441 833 944 489 902 265 788 845 105 217 749 535 890 935 71 109 13 983 750 600 860 964 15 890 712 569 136 106 118 416 304 558 248 248 46 501 864 186 345 321 402 445 855 
291 732 277 751 744 259 500 695 471 815 62 360 526 630 847 983 747 615 287 657 862 886 54 715 749 239 411 69 993 856 275 283 587 551 386 682 162 237 728 632 52 789 343 929 771 189 912 869 155 550 525 369 435 931 83 535 169 493 604 161 348 230 796 286 781 181 319 294 417 399 925 820 539 267 101 309 807 364 178 962 
265 54 330 699 984 764 233 505 256 188 665 956 418 812 593 550 992 912 843 761 662 119 932 200 737 384 861 895 747 390 856 11 443 537 61 779 300 646 283 908 833 947 863 602 759 807 151 102 70 345 214 731 463 146 931 551 881 143 446 980 532 301 990 974 190 403 752 841 48 386 748 880 685 962 482 443 769 984 896 838 
329 110 569 143 607 851 694 487 993 139 466 876 791 808 849 332 562 953 173 609 338 272 840 22 586 673 816 354 9 64 543 689 525 463 831 483 313 876 969 657 366 787 532 509 946 733 192 859 37 364 819 726 988 10 100 573 683 267 278 43 330 820 731 854 283 913 688 947 141 657 956 858 795 839 366 92 571 558 950 959 
273 120 685 612 129 784 536 163 402 813 205 732 985 287 937 619 200 625 565 692 633 872 549 779 711 267 222 633 176 523 592 448 642 276 412 770 411 947 285 812 112 489 895 96 776 832 714 327 808 630 370 792 854 918 570 564 536 791 196 711 665 139 159 306 414 922 427 176 868 711 340 979 200 234 426 327 417 491 5 576 
121 726 367 974 643 288 889 179 430 436 241 94 575 399 399 340 672 826 516 540 888 855 870 87 440 296 765 857 786 121 432 258 846 799 583 841 438 823 371 868 259 611 961 833 362 712 524 33 537 391 924 424 245 794 863 37 441 979 893 578 452 676 836 297 826 770 489 264 593 859 131 851 470 91 35 183 154 910 215 690 
3010 4910 4660 8970 2840 6800 9330 760 100 1770 6530 4610 8530 8400 7580 6780 6100 5980 2930 5540 4570 4230 7560 2780 8660 1420 8120 190 510 260 610 3510 8680 8780 2480 1510 9090 1800 5780 9180 3570 2310 3790 5610 4220 4880 5900 3830 850 8830 9360 8930 3050 430 1700 5220 1840 9810 8930 2350 3590 9530 9370 5780 1820 1840 810 900 7160 6580 70 4240 2400 7370 9840 6620 2240 5730 3960 6610 
193860
