20 1 7
423 61 212 904 400 960 533 984 822 8 337 826 129 465 864 272 152 802 465 277 
663 750 138 205 119 175 251 658 252 573 527 26 633 90 281 384 49 165 719 871 
172 56 696 653 872 911 276 375 712 741 4 726 842 141 931 960 315 533 617 918 
105 495 295 89 584 576 824 985 740 895 855 912 302 550 916 173 812 191 900 523 
283 903 601 124 395 883 83 709 415 51 979 871 897 273 311 833 848 134 817 940 
28 671 203 681 572 118 854 383 308 753 257 591 7 857 66 401 739 501 461 505 
551 439 727 800 64 37 632 263 171 800 202 550 470 404 231 393 521 436 127 829 
5400 3830 7710 5460 5920 8360 9460 6820 3360 4060 5390 2390 1970 2650 380 2600 3020 210 5220 8240 
46220
