80 1 7
870 560 323 738 491 704 796 320 330 908 176 470 359 682 335 403 40 806 152 686 720 204 659 923 279 653 38 247 145 993 54 15 552 728 752 394 784 900 65 113 807 240 582 517 273 268 919 313 426 70 350 145 273 8 67 903 12 104 150 157 448 555 523 351 634 274 97 417 525 161 881 331 753 463 199 25 82 117 689 507 
186 38 651 810 45 718 65 57 173 566 565 973 120 87 675 105 360 771 522 237 932 402 919 684 216 118 708 298 234 397 156 772 434 807 933 831 876 349 239 400 914 803 372 385 889 47 490 600 817 363 836 100 764 107 783 332 224 843 981 809 591 136 932 24 942 217 206 169 565 444 569 831 598 292 567 486 338 56 438 507 
418 625 606 534 731 741 865 306 583 845 467 173 980 750 548 274 966 106 442 883 549 362 65 499 654 631 984 343 687 773 849 456 398 807 341 480 899 557 138 481 753 604 5 733 353 904 358 671 9 151 553 910 513 617 408 166 599 743 508 285 516 709 93 265 867 433 96 765 342 233 597 94 836 601 178 541 504 535 211 865 
686 115 774 550 83 181 67 681 923 926 318 790 634 762 54 852 546 150 616 887 382 212 981 570 164 158 110 20 693 672 884 730 786 657 279 220 837 345 900 111 270 569 901 256 330 306 107 876 455 75 762 189 638 742 110 802 900 571 821 944 594 704 673 731 360 303 950 548 999 201 10 620 770 910 227 451 216 686 326 22 
760 440 562 397 533 23 550 784 593 722 727 186 425 751 916 136 405 217 35 403 418 45 375 539 954 953 989 521 638 667 895 397 106 808 146 990 831 47 774 775 769 500 313 545 251 580 681 7 797 715 762 566 111 136 104 417 88 444 289 78 110 183 826 567 343 971 557 525 370 330 651 138 181 963 682 431 895 714 790 43 
781 551 608 891 38 63 307 477 506 596 554 968 130 380 534 824 702 442 348 71 771 999 208 952 313 242 734 559 955 523 601 87 425 560 978 462 622 636 939 480 583 492 799 713 223 684 536 925 126 236 995 248 586 555 199 898 148 285 457 454 159 409 541 584 969 870 397 942 505 687 773 440 531 571 152 753 255 39 677 380 
626 24 627 211 930 178 461 429 814 269 882 324 677 422 259 645 643 656 939 500 342 711 939 224 282 442 977 888 832 5 619 458 380 597 20 309 126 480 737 939 748 971 263 425 744 521 421 387 528 359 886 222 422 176 445 55 617 421 942 448 778 912 257 157 508 277 818 634 108 906 924 856 876 538 632 620 411 404 358 938 
1150 5950 1590 5360 7700 9560 5900 3860 7280 8830 1850 5050 7940 4420 6620 3010 700 8310 2860 1770 7360 2100 3840 9640 7470 3670 9350 1570 7710 2920 950 8850 8860 6050 7720 70 9120 7130 7440 6400 5950 9280 1440 3880 7210 1570 400 7900 9870 3260 3190 750 5350 7020 380 6330 4210 9720 7900 5430 6150 2360 7790 8520 1920 5500 8580 1040 2620 6010 7430 8560 8800 8860 5950 6010 430 6340 7420 3810 
216530
