60 1 7
729 491 551 353 288 532 805 352 430 337 808 995 128 879 333 2 374 674 287 188 716 468 154 413 885 810 287 993 398 660 789 478 502 691 182 141 223 986 844 652 674 651 998 153 881 331 506 254 356 793 793 424 260 298 188 144 108 474 488 857 
485 628 686 987 319 867 479 893 204 323 896 877 325 893 381 206 575 887 811 283 31 604 58 642 901 245 137 360 70 624 568 554 251 253 540 921 119 19 813 674 693 708 902 17 953 283 222 879 521 385 513 551 988 570 192 888 814 328 600 883 
303 167 789 553 420 680 826 890 50 638 564 742 698 465 759 2 99 332 232 619 716 745 521 55 666 64 295 832 743 894 66 45 60 854 950 831 534 775 721 583 764 636 677 813 452 435 166 551 118 398 521 186 494 394 240 511 809 534 342 552 
427 408 596 487 613 897 317 498 23 389 81 787 376 757 951 828 543 117 730 12 866 602 197 711 347 789 221 156 322 915 707 101 674 654 939 286 551 607 784 573 996 216 711 723 324 14 550 218 130 631 229 347 233 426 409 931 214 629 86 887 
895 792 987 568 798 925 854 700 532 989 624 879 204 335 601 879 348 503 96 829 133 324 527 717 101 935 648 314 915 85 553 810 877 539 377 26 816 582 725 699 570 348 577 125 34 529 3 381 31 450 561 516 774 87 232 874 373 231 540 288 
316 444 449 544 982 177 569 149 759 645 847 680 344 775 157 378 304 511 110 686 961 671 201 86 109 785 311 834 15 850 473 330 645 921 225 979 97 145 127 207 789 326 239 133 100 747 510 755 257 971 441 569 993 641 654 102 425 965 287 792 
166 759 473 811 679 698 789 127 842 267 334 983 592 924 467 692 670 328 798 278 298 238 847 291 231 500 744 7 816 30 150 982 788 623 144 466 672 932 944 513 198 629 847 142 552 313 185 573 640 982 851 938 572 697 228 154 548 323 160 364 
3520 3100 3450 1390 2840 4880 9560 9550 7710 2510 8190 3200 8800 6660 4610 7830 9780 9970 3560 9700 9790 2060 2590 5500 2540 4860 7030 8010 1600 2140 1640 5110 8750 8600 10 1580 6990 3080 1120 4690 5580 9310 1410 4370 9480 9530 2200 2770 9500 9270 2460 2800 1320 5040 8290 7370 3410 8830 5370 5000 
160900
