100 1 7
426 269 846 10 935 259 306 720 90 188 504 552 348 483 904 152 721 903 579 667 629 728 276 233 473 764 76 663 142 140 810 919 760 8 280 694 618 585 413 707 124 268 610 823 103 865 326 175 120 904 193 748 984 469 333 456 584 408 470 77 899 280 995 659 639 626 704 256 211 469 314 686 736 923 509 190 788 834 364 907 90 557 6 73 377 338 880 960 745 350 36 996 981 382 654 619 7 357 874 569 
825 539 607 913 461 467 102 248 300 818 506 741 374 512 813 750 849 45 61 946 394 448 941 374 181 594 992 539 302 217 460 479 755 66 391 567 532 844 167 183 661 672 924 34 183 88 135 384 132 547 329 877 346 269 250 526 214 593 417 867 161 876 345 915 941 735 834 824 579 1000 6 591 671 281 625 206 721 111 589 852 10 917 729 355 537 330 233 102 923 649 968 435 524 665 702 816 399 535 639 329 
534 644 920 556 277 896 761 997 358 349 848 367 617 928 74 505 610 306 958 884 954 278 318 829 942 19 644 340 553 282 21 438 277 292 994 553 187 754 549 544 455 749 263 423 28 336 280 637 993 237 872 298 514 190 126 807 560 121 499 465 402 519 902 30 810 895 935 348 1 835 891 807 583 505 229 963 192 508 951 184 97 823 833 610 364 958 769 923 78 267 387 831 785 289 213 946 535 147 293 535 
981 535 341 916 40 922 878 583 429 180 119 877 2 951 839 717 261 607 640 690 873 378 873 657 18 85 602 553 231 246 439 563 780 132 830 171 53 59 754 833 239 224 710 592 174 548 309 786 154 300 476 26 677 348 34 47 432 987 599 14 232 389 928 363 520 758 534 924 816 639 757 406 862 818 998 387 365 658 173 870 957 648 247 985 347 280 383 130 618 981 495 201 722 422 563 241 531 448 165 347 
86 273 104 299 90 101 686 806 758 858 27 66 857 273 403 555 904 785 684 521 118 178 73 839 599 635 431 482 83 947 828 520 571 931 819 12 384 504 169 493 713 195 911 921 819 665 475 722 449 158 594 918 687 666 108 637 301 539 118 735 837 297 254 408 580 424 419 315 927 588 807 991 134 69 911 953 733 737 674 534 246 620 451 932 285 559 569 937 449 38 23 637 335 277 44 266 700 815 580 979 
754 738 321 239 807 232 191 539 320 217 72 566 836 875 497 120 785 417 409 585 807 431 221 493 59 617 758 111 431 689 89 536 426 761 774 232 992 317 123 312 533 194 229 720 420 77 191 204 494 599 788 652 30 361 144 440 977 253 550 407 941 990 294 366 751 419 950 94 735 72 757 619 617 985 338 389 62 529 592 907 479 732 558 508 92 53 300 68 305 849 826 597 839 471 314 941 889 263 34 976 
686 143 594 655 127 932 43 540 812 986 798 290 717 707 150 160 759 449 579 415 649 756 11 839 226 325 779 467 587 165 442 625 307 35 279 785 318 321 677 129 658 474 419 727 181 920 886 939 368 465 354 16 572 716 855 798 40 985 264 979 149 705 603 807 91 233 944 409 905 620 889 562 93 659 288 273 578 526 564 297 342 269 313 913 984 519 710 24 855 325 354 356 29 956 162 472 188 105 880 92 
7240 1200 6530 1690 7790 2930 4410 3560 8180 3560 6530 1590 6240 3170 710 9600 1870 1330 3350 410 4570 6880 3960 8380 6430 9100 3090 1820 140 5400 2730 900 6590 2770 2580 4370 9210 500 7930 7380 4060 7970 2480 3810 4650 6710 3400 6510 8030 6740 430 6110 3610 4390 4480 3550 3480 7560 5360 7130 6470 1600 1540 3060 7890 4110 7420 7090 8130 8860 7990 2180 340 460 9500 4980 7160 2900 1480 8700 3150 1910 4810 6760 9810 9280 300 6800 360 9180 7440 6820 770 8980 3390 2170 6600 810 9260 4720 
241130
