50 1 7
384 851 256 933 145 806 276 29 61 378 915 234 725 912 679 566 205 840 359 724 951 704 727 913 839 212 846 737 992 643 842 728 845 98 660 989 903 287 17 964 664 284 197 389 195 227 306 399 66 664 
474 369 367 201 281 557 764 478 293 756 472 487 835 316 584 494 657 486 780 673 449 796 956 997 536 502 223 193 253 289 856 726 657 574 278 289 482 42 118 126 149 589 612 983 904 195 828 560 681 607 
585 481 754 892 478 289 746 52 833 998 692 688 723 700 613 353 988 94 746 105 572 894 693 183 228 949 730 55 860 762 13 444 242 767 688 71 407 433 123 240 430 814 279 504 514 892 856 853 337 953 
310 260 846 354 795 425 302 524 479 162 285 492 957 878 610 644 949 16 76 423 607 857 236 886 361 101 129 568 306 465 521 615 77 718 968 871 143 270 394 973 783 30 816 739 907 425 735 207 793 162 
629 399 19 217 284 731 669 412 298 974 229 170 588 305 240 556 527 382 177 920 706 311 301 522 401 207 946 135 766 90 297 394 489 667 962 124 397 631 536 46 956 116 216 544 772 455 451 298 188 979 
569 893 289 869 766 689 427 64 176 544 153 824 290 993 490 251 117 238 233 4 283 189 119 850 84 242 656 886 891 843 216 459 88 504 679 205 544 457 268 71 1 773 894 290 765 383 892 881 972 477 
884 255 17 354 104 100 595 760 337 485 954 552 295 393 407 325 598 302 782 865 373 134 637 266 775 754 1 18 634 972 494 870 578 510 223 682 961 170 793 649 6 746 200 301 139 958 625 88 260 758 
9520 6320 2430 9410 2490 3690 6940 2490 3870 6790 5730 8800 5480 1500 7420 1230 8310 540 2920 9750 7030 6490 730 9020 9490 2110 2120 9260 6500 4710 350 9530 4540 2780 8930 7020 6460 9380 3030 3840 9690 8750 6160 8680 240 3570 9900 2070 7620 6330 
140980
