70 1 7
469 87 6 970 310 366 411 517 718 496 786 33 123 52 854 807 467 410 358 813 900 72 490 827 545 11 842 903 707 88 810 175 174 167 144 835 884 906 703 601 754 488 634 876 892 487 682 710 248 40 522 499 111 363 677 8 374 870 910 432 957 71 606 130 237 102 316 121 359 19 
721 112 858 706 988 749 545 21 458 792 60 332 643 523 694 319 882 419 189 143 850 145 213 808 627 801 261 942 273 619 312 994 731 170 51 718 918 595 738 376 739 150 59 381 24 752 699 905 171 239 47 372 736 611 179 362 411 791 655 684 410 967 29 140 488 431 209 405 26 298 
132 764 799 190 496 174 294 194 78 464 785 476 187 520 438 718 881 201 508 887 236 917 205 616 408 692 46 968 449 71 618 932 186 416 122 33 590 415 579 19 230 363 847 768 882 284 485 114 484 993 1000 719 261 557 334 21 600 732 988 400 154 957 332 692 725 805 724 314 219 302 
684 800 664 882 567 545 166 404 10 1 396 10 72 8 918 757 28 869 488 368 269 642 324 600 333 48 404 408 713 974 710 749 773 725 630 691 622 795 94 631 148 841 992 219 201 909 327 228 778 815 947 398 808 271 997 492 318 400 899 383 373 608 131 497 685 760 539 306 907 985 
936 54 177 280 624 377 188 302 957 317 116 903 714 275 173 62 766 843 461 665 577 185 624 707 33 308 466 572 965 724 908 253 129 84 532 752 813 71 406 769 388 873 671 453 148 196 515 913 390 327 929 966 864 905 672 896 564 489 819 529 213 726 781 693 162 312 797 974 382 202 
742 121 74 764 926 221 959 792 486 700 118 766 665 333 670 688 581 234 177 399 762 741 477 894 433 990 205 229 315 938 430 56 59 856 171 984 76 482 127 561 181 244 679 198 929 348 885 509 933 413 259 694 505 87 939 938 76 143 518 390 433 300 797 491 155 320 826 582 801 952 
495 333 547 173 530 475 520 415 335 453 179 594 498 684 680 789 973 108 283 842 497 715 141 646 205 647 965 382 581 117 685 75 449 232 247 331 58 118 97 745 922 275 338 772 958 369 560 930 828 842 772 677 909 264 322 465 263 638 847 843 754 531 269 554 114 867 884 524 984 980 
2680 2580 2550 9570 3810 5640 6770 9400 8460 5050 1330 9690 1810 3930 2320 8540 8580 8460 4910 7040 400 5960 5860 3080 1490 520 1740 3850 9270 5100 3640 1940 7670 9700 5020 4990 5340 5300 4380 3790 340 9220 3470 5660 3150 9300 4190 5240 1280 2610 2270 1670 2080 1640 8270 3570 5670 10000 7410 4930 8610 4560 380 6270 4260 8910 1250 9590 4210 9140 
175650
