90 1 7
875 283 152 762 545 78 511 242 154 319 226 959 828 772 506 677 156 211 582 457 768 996 684 349 824 731 60 768 964 657 249 838 291 753 599 835 830 462 76 984 780 653 942 960 777 447 988 932 9 569 740 776 564 424 124 739 506 535 858 469 544 459 659 186 211 609 373 40 70 800 23 202 805 316 513 581 114 500 864 122 420 604 898 336 379 373 74 236 260 932 
56 155 390 714 340 600 323 64 991 744 864 366 945 668 33 809 600 147 308 463 268 80 418 517 415 148 890 488 383 501 771 439 655 512 504 346 463 826 410 454 570 273 171 866 292 203 675 891 349 334 353 969 413 123 837 827 270 726 667 653 578 437 443 232 301 946 578 763 772 987 568 693 611 738 558 902 293 584 792 641 918 496 961 330 618 798 157 888 875 175 
892 453 611 334 684 263 631 613 26 754 951 593 446 913 683 356 814 975 939 957 967 856 453 280 538 422 77 694 309 951 220 200 755 182 885 791 445 516 403 470 269 706 414 67 618 448 422 432 422 712 740 741 568 192 20 105 614 448 150 274 750 369 826 505 550 62 295 346 577 49 815 198 754 581 616 724 28 37 507 802 748 246 894 667 790 913 123 755 360 624 
28 109 992 205 965 894 267 611 239 195 660 406 392 765 338 7 840 717 395 346 870 495 592 763 161 381 27 284 135 738 907 514 199 251 719 163 496 337 774 86 531 785 843 275 901 180 633 93 897 28 438 766 522 29 881 34 761 907 669 247 997 928 113 195 530 183 357 377 519 482 462 49 618 305 675 871 836 308 963 84 335 752 202 208 133 82 593 893 340 262 
492 336 541 604 530 70 138 239 446 656 72 259 56 42 915 731 264 751 390 578 834 724 329 387 283 461 468 875 706 160 136 197 847 28 152 377 97 641 967 894 648 390 153 703 783 67 785 46 169 174 623 355 249 304 741 531 764 561 406 821 720 893 369 566 921 872 294 369 512 612 615 159 2 767 214 136 185 998 182 706 524 156 60 772 811 800 655 927 360 412 
747 431 656 116 997 928 987 642 649 499 254 263 9 607 381 222 94 565 220 275 622 95 783 681 218 593 481 224 519 192 635 618 623 291 733 971 570 71 964 218 921 569 480 930 175 860 151 269 777 722 895 398 816 29 431 386 974 911 609 492 454 244 461 76 886 193 398 455 616 362 25 536 930 504 465 457 716 968 77 844 689 323 593 857 352 23 242 325 285 850 
168 739 445 629 166 682 173 564 489 788 277 513 676 206 368 492 14 435 459 90 278 500 413 223 356 116 245 949 440 882 150 607 620 595 587 137 628 760 52 116 899 328 980 926 886 348 418 899 782 228 341 412 727 105 634 434 220 230 382 11 111 532 969 730 478 556 219 457 667 270 573 565 950 552 843 835 251 260 85 385 487 777 796 566 881 781 999 100 10 733 
1100 1210 6160 790 2020 4450 9860 4200 9010 6520 6900 8250 5680 9910 3770 4100 8250 9790 6690 2610 3630 5080 380 5100 4250 9180 2900 7750 3700 3000 5070 8310 4200 4740 2610 6210 9180 2460 3930 1710 8970 4340 9950 8170 4240 7230 2260 6000 7020 2470 8600 4160 1060 2490 9260 5300 5190 2150 3040 8880 5140 1630 7180 2850 6360 9790 2580 9060 5760 20 4280 8250 4350 4220 6410 8580 4970 8660 4570 1980 4640 6680 6130 5690 9170 8900 4500 4350 1050 1060 
237120
