20 1 7
970 866 490 192 601 976 121 855 970 819 670 636 473 980 57 103 823 449 63 234 
485 594 913 200 498 484 128 183 122 1 837 91 219 326 634 819 653 107 673 622 
277 695 258 750 674 666 852 848 114 266 81 950 859 345 149 708 180 629 890 301 
981 726 392 199 403 377 18 55 483 42 677 760 736 286 861 410 951 64 609 416 
329 690 718 187 386 218 894 566 846 135 866 827 860 609 377 614 986 394 668 820 
436 696 931 523 333 143 284 635 206 893 403 534 934 120 72 319 337 317 884 535 
451 750 361 662 710 737 275 47 483 295 219 270 990 149 792 323 292 76 309 849 
9680 7110 3830 9010 8300 8060 5710 5190 1230 4550 530 5730 5560 7650 2350 2650 8530 8610 6640 3350 
57130
