70 1 7
705 787 845 773 575 755 162 492 583 554 531 221 777 471 969 123 92 312 409 115 771 225 429 719 120 33 377 880 280 902 39 985 40 236 109 614 342 270 457 924 175 987 496 952 809 465 426 900 128 834 14 898 410 795 617 881 179 993 760 458 246 150 794 286 737 903 251 78 172 708 
353 699 46 849 2 855 665 427 106 792 260 472 690 21 618 658 901 796 2 660 253 248 161 47 533 898 301 135 975 824 194 680 522 240 528 523 446 192 301 903 335 560 726 376 580 343 33 832 138 35 843 743 634 4 789 518 901 441 652 227 264 846 258 138 437 785 12 234 328 313 
136 15 224 862 390 156 556 423 987 694 809 830 436 442 185 576 959 437 16 610 663 631 807 921 120 243 57 132 476 737 796 964 751 19 177 140 174 732 914 513 425 74 694 212 515 878 787 825 314 154 787 328 137 593 600 256 188 657 739 663 745 534 978 495 905 154 986 430 886 252 
942 662 325 635 874 192 864 12 16 177 166 802 505 654 395 104 909 582 112 1000 596 856 885 926 702 789 79 40 219 316 643 512 978 967 499 851 158 362 214 526 891 379 327 747 384 73 850 645 654 314 644 602 521 528 527 575 317 957 614 887 273 256 750 250 574 248 452 84 962 665 
609 852 396 287 598 779 360 799 423 365 112 418 966 985 946 844 559 614 801 172 500 73 779 249 674 704 849 125 139 810 789 747 13 536 34 610 315 745 408 89 109 872 507 75 856 452 270 766 417 70 937 916 494 67 516 167 122 364 291 261 525 432 359 537 967 744 146 633 488 906 
722 597 129 580 23 336 31 292 101 799 714 389 714 207 807 581 726 928 297 368 540 821 799 899 358 118 994 855 750 482 112 823 430 240 402 452 927 784 95 379 582 808 767 647 367 573 228 444 853 524 811 392 696 962 642 405 79 636 260 828 469 723 651 898 315 404 701 241 188 795 
620 769 955 738 416 673 663 995 116 515 870 278 258 565 239 252 970 317 239 581 497 707 303 499 956 617 902 656 210 441 802 181 210 756 918 977 428 580 323 895 446 192 173 56 108 411 307 429 80 545 361 576 603 664 426 910 632 679 565 193 120 366 373 681 474 643 9 253 222 331 
1480 6680 8740 6720 750 3330 4340 3810 7620 5130 2770 4740 4400 2310 1370 2170 1400 1210 8960 560 6650 150 7730 380 470 2460 6800 550 8510 2530 7370 3500 2720 6100 210 3460 2940 4540 780 4070 3190 3540 8810 1100 9360 3690 6790 4270 8410 5740 4820 5060 9400 2550 5430 9860 8520 5740 400 7020 1780 7760 510 4500 7370 4230 1470 3820 2290 2250 
150040
