70 1 7
217 774 528 250 715 486 104 185 187 281 129 821 689 952 905 935 286 719 155 891 431 39 507 336 174 95 4 25 382 767 274 951 892 801 200 607 286 656 791 825 288 271 997 976 222 902 910 508 972 416 750 754 806 608 89 980 702 444 356 436 210 629 386 102 781 937 708 419 592 850 
243 879 121 239 207 342 492 468 201 815 884 303 920 689 910 9 668 964 804 376 399 14 4 136 115 137 72 174 555 664 23 149 894 143 739 100 485 583 568 37 397 803 339 317 491 601 677 511 916 832 238 666 845 241 801 311 729 224 484 283 239 507 783 133 649 522 584 485 104 151 
874 852 953 212 168 796 164 196 658 79 28 895 744 224 487 896 535 216 120 18 850 358 876 633 490 525 506 426 361 609 576 234 460 881 798 980 28 313 527 37 392 906 931 487 130 769 383 16 336 854 33 186 211 261 170 53 785 675 478 497 635 405 731 446 637 880 425 16 192 304 
52 935 209 982 774 690 103 508 705 438 361 90 975 923 350 496 975 134 522 804 982 156 561 64 602 197 943 378 213 487 681 616 773 890 950 546 579 52 53 284 841 765 725 816 688 74 311 14 559 833 818 540 340 730 604 941 278 898 671 842 384 351 458 509 592 407 406 171 458 459 
806 298 575 882 465 262 955 128 276 513 960 445 52 651 174 7 592 451 905 262 293 640 964 750 500 556 508 906 78 317 716 235 966 290 116 431 552 70 910 827 934 869 623 337 871 796 344 462 598 600 75 242 239 391 343 739 946 850 644 375 166 711 609 484 1000 76 914 551 497 823 
729 430 43 351 766 913 498 461 727 448 60 153 689 651 543 32 389 840 881 384 214 399 94 174 882 445 249 147 996 745 321 76 526 715 779 644 627 628 104 705 75 164 210 764 166 752 795 554 592 27 289 157 777 734 331 658 178 931 156 525 28 476 601 553 190 379 548 169 358 652 
225 433 167 434 196 332 186 342 237 129 720 877 637 497 610 319 506 139 250 14 664 629 841 616 181 31 346 81 551 703 732 775 135 250 561 682 933 98 23 521 578 95 397 214 943 358 533 448 496 134 461 159 762 302 774 294 684 119 374 586 174 457 712 308 58 272 990 990 369 364 
8620 2980 4580 2580 5120 4000 6150 3960 2000 4630 8810 120 6210 6420 6650 7470 2870 7000 2170 130 2850 3900 4690 3490 6980 8790 6200 390 2200 3410 7540 820 6380 2120 3390 5010 9630 3060 8960 5140 7680 1280 5260 7400 1210 5420 4860 4080 2420 550 4200 8780 4440 2400 2260 4930 1180 1980 8830 6900 5380 6370 7710 5270 2000 1090 280 5140 7660 2750 
158560
