40 1 7
507 803 302 699 289 466 217 66 697 552 568 959 448 197 139 933 124 826 97 765 268 622 105 454 751 561 763 311 665 790 677 523 945 330 221 233 795 789 650 844 
340 217 154 139 413 292 71 888 117 520 653 736 141 757 541 243 670 303 905 334 445 933 856 741 262 428 973 409 216 622 604 907 190 109 46 954 400 468 842 868 
987 494 603 479 602 495 73 271 149 977 956 593 261 163 333 875 942 657 635 157 630 238 416 171 698 461 477 97 280 318 316 267 163 270 97 116 764 170 387 912 
498 694 505 759 857 189 985 150 198 619 307 827 208 74 350 905 534 826 353 813 143 668 431 657 937 528 772 700 49 510 611 898 204 467 8 412 8 992 561 205 
610 219 383 169 292 732 73 177 557 425 342 51 92 772 707 380 651 479 79 51 988 42 949 543 860 956 954 219 300 515 423 261 733 158 430 377 889 502 553 798 
927 894 848 370 666 907 750 668 737 180 719 76 573 19 619 433 326 572 3 625 438 426 238 523 935 667 899 175 168 803 972 446 697 172 168 714 78 269 381 166 
448 451 241 21 469 859 805 147 783 807 771 572 584 8 94 518 26 344 45 546 147 16 343 843 539 510 908 968 778 288 133 578 91 374 598 559 584 754 705 366 
9120 8280 2900 4960 1870 3830 3650 2130 790 4090 7580 5770 7770 1000 7710 3150 9620 6780 2830 7390 9650 7670 6680 550 1400 2650 9660 7240 3700 220 4410 2820 2010 7300 1290 3880 4650 4930 9520 8950 
100200
