30 1 7
231 482 695 107 514 932 143 695 663 800 160 521 575 642 982 96 649 816 393 661 955 843 566 216 412 577 541 236 835 921 
448 417 402 494 875 268 777 369 314 791 169 473 312 743 114 293 191 763 460 583 775 766 777 341 982 189 269 874 776 455 
794 575 871 547 69 746 166 845 466 479 988 634 952 299 729 417 943 919 531 755 853 306 520 629 646 501 169 914 374 944 
368 519 871 590 418 939 687 583 135 153 62 122 138 365 772 866 781 67 136 312 821 988 617 340 617 614 193 137 879 918 
433 598 789 303 187 206 241 874 788 727 378 201 201 515 565 324 381 698 390 516 9 562 856 977 902 824 590 446 960 820 
363 392 417 503 694 603 708 286 828 496 365 205 696 565 720 613 240 452 310 630 319 670 191 174 998 444 997 939 241 957 
758 956 700 174 458 394 128 166 679 956 13 43 160 60 959 231 672 199 34 333 180 353 2 722 878 999 518 227 937 758 
5350 6940 7130 2340 2190 1710 6270 3470 6880 6580 3020 7000 520 8130 7590 110 3960 4310 5610 4290 7630 920 1330 1170 1650 110 1150 6820 5890 4040 
62050
