90 1 7
285 767 371 421 996 536 19 50 921 972 480 521 223 456 910 236 504 835 121 757 341 852 935 980 406 923 387 108 291 919 210 928 685 581 348 681 468 366 730 388 690 562 260 264 369 521 499 225 355 619 981 696 470 916 27 876 838 413 335 481 331 544 408 367 124 107 47 591 825 129 330 514 42 941 777 410 461 275 634 816 245 615 863 715 882 241 942 719 653 628 
199 335 171 958 701 647 65 100 237 241 228 919 754 621 859 882 30 320 508 16 487 752 982 701 818 863 941 111 581 945 738 132 279 261 441 331 907 857 430 495 97 9 765 202 629 624 435 659 295 942 26 781 46 7 833 215 869 773 678 801 717 767 932 347 27 725 677 285 581 107 132 678 115 896 879 96 519 314 106 165 607 131 297 4 137 129 571 357 253 248 
157 969 14 441 315 393 165 992 677 745 450 808 774 916 56 5 11 926 670 468 91 276 598 387 632 86 868 202 442 120 449 599 89 814 391 755 206 555 98 235 651 899 394 425 815 449 429 177 375 450 645 465 77 594 203 708 680 70 909 121 190 709 719 630 523 109 384 80 15 834 314 666 732 708 442 898 508 222 75 882 671 71 698 747 664 901 807 343 322 67 
464 511 776 534 492 650 995 228 81 9 61 395 26 144 454 819 42 961 392 116 195 414 186 892 513 201 144 319 544 466 385 7 328 512 892 820 161 886 399 242 247 811 988 272 954 793 443 995 105 834 462 299 248 647 543 760 848 686 430 743 503 814 101 183 678 992 354 838 878 752 431 124 562 418 747 515 562 541 862 667 375 323 965 974 322 507 85 521 545 866 
263 399 31 363 581 708 354 934 546 583 685 328 58 598 98 805 465 659 345 326 325 71 648 642 396 969 500 832 489 396 697 103 795 80 465 375 787 171 661 684 753 697 12 811 295 109 967 759 119 663 436 444 86 435 437 833 756 936 665 596 332 713 699 478 792 515 852 579 685 512 614 438 209 625 600 855 85 566 965 204 228 752 999 665 186 435 498 941 722 162 
537 405 226 587 882 370 101 86 300 786 949 913 575 509 890 174 363 974 91 679 177 670 430 527 335 616 313 832 908 35 345 796 791 922 382 673 291 483 110 942 620 58 207 546 567 96 71 281 69 161 960 598 182 741 124 516 708 437 699 616 823 43 411 613 317 145 637 959 979 746 901 598 156 107 495 722 202 565 2 622 725 313 219 258 54 343 774 761 131 472 
728 305 867 491 917 183 635 906 141 613 3 393 562 158 499 56 879 52 972 233 674 48 897 244 305 302 938 78 415 68 902 142 372 120 984 641 302 618 898 794 582 900 187 495 58 37 902 288 441 873 872 114 920 769 709 225 422 647 654 836 714 907 978 438 26 961 430 679 931 327 473 864 578 11 359 987 399 260 275 839 485 498 304 404 618 13 980 40 659 986 
8750 7240 8920 2040 1610 9180 5170 5900 5960 4470 2680 4200 3100 8460 4300 200 1840 8290 6320 8100 190 1160 3080 3230 8710 9250 3350 2030 3160 9930 1880 1910 680 790 3940 2290 9960 9100 1700 5920 7080 7900 110 3700 9870 7930 3890 1700 9730 200 9800 9910 4870 2870 3130 7100 5630 9990 9120 8790 3430 990 4210 4110 1770 1660 9910 1730 4280 1600 1160 1350 9490 4780 5040 9350 2700 2450 4570 2420 6160 4360 5850 1030 7220 2490 1640 6360 2480 750 
213820
