50 1 7
390 317 384 148 858 154 984 142 535 87 662 419 419 512 524 633 785 554 743 705 929 647 33 564 554 735 701 603 822 492 514 211 160 897 710 17 402 693 158 288 131 820 58 550 331 581 534 115 486 277 
172 414 923 556 329 828 642 382 430 816 873 943 26 33 191 88 49 592 780 559 231 263 378 289 164 60 869 697 526 707 973 49 120 247 956 801 74 598 182 855 765 406 149 142 790 339 229 191 282 361 
749 513 623 478 801 786 889 21 834 414 727 807 815 199 405 770 351 831 719 884 685 483 289 834 625 431 524 853 621 158 213 721 670 187 198 822 324 438 194 158 203 921 964 17 471 720 787 821 550 857 
704 587 340 344 772 964 774 295 168 746 452 733 466 473 919 15 646 243 452 840 400 655 760 715 23 582 786 809 402 336 18 457 274 357 800 45 672 926 339 191 671 143 923 489 967 842 503 613 436 307 
452 187 313 563 253 335 144 38 496 545 725 513 353 998 221 504 42 892 429 733 82 452 875 5 292 193 198 794 805 985 452 256 171 764 170 423 99 313 812 946 209 537 458 561 534 678 417 576 921 197 
308 2 1000 534 358 291 726 907 437 883 243 888 490 413 4 660 187 454 324 351 399 533 887 208 445 772 237 861 347 157 410 6 510 409 891 868 700 969 126 136 851 369 23 692 133 26 351 672 831 27 
22 229 559 260 436 355 31 672 568 730 180 977 87 690 385 978 909 84 298 34 571 500 754 946 191 239 323 894 910 154 920 283 382 830 542 170 536 924 841 103 653 21 79 92 62 816 421 970 251 718 
3550 8220 5690 1090 7670 1110 3470 890 3560 6080 5940 6270 2420 9760 4560 1350 4970 3440 580 6890 4460 630 610 8770 1540 1220 440 5740 910 2940 6430 4460 4670 5630 9060 2330 6730 6040 6740 290 2110 6190 6550 4520 5940 4630 9380 4420 8060 9950 
114450
