60 1 7
871 518 306 767 72 833 476 958 464 626 658 679 744 11 423 579 312 587 710 710 477 431 883 584 467 750 1 981 737 706 429 959 575 735 78 999 567 553 956 382 531 965 60 626 328 835 204 639 421 266 348 249 48 582 184 866 332 184 199 420 
241 627 379 168 361 456 166 279 360 473 12 242 438 72 868 765 258 423 403 678 40 750 279 87 331 462 305 14 998 503 434 238 129 812 757 842 619 922 472 978 395 484 220 832 907 439 948 164 861 350 193 901 99 471 339 781 933 643 795 930 
497 580 519 626 391 628 819 361 549 642 338 295 125 909 478 31 347 425 546 560 126 739 812 224 209 150 357 493 145 503 774 641 82 645 618 824 272 788 184 172 430 873 819 554 782 296 937 480 73 482 391 198 572 202 774 781 704 482 625 200 
984 751 840 417 395 810 240 18 597 423 189 26 295 7 932 428 655 868 260 79 701 650 276 273 204 401 405 259 882 29 458 217 779 649 633 525 810 224 542 407 998 731 784 645 89 715 72 95 934 683 173 635 685 801 907 888 201 663 498 435 
43 307 651 174 307 636 698 117 859 592 875 857 674 658 501 762 373 924 857 658 959 29 292 643 829 550 882 382 564 379 168 607 37 818 780 343 805 829 811 16 420 685 224 93 343 76 855 67 351 63 724 309 443 368 951 624 269 832 5 833 
562 172 439 598 341 570 293 498 398 103 513 818 788 736 910 130 163 116 548 513 530 623 822 973 990 772 596 259 956 952 91 517 475 881 115 815 450 407 664 847 861 176 16 648 263 278 129 425 393 676 290 923 651 111 247 640 234 842 250 189 
145 692 58 619 572 172 785 373 930 449 220 790 976 235 790 591 512 918 367 257 946 656 531 596 118 777 587 352 970 837 892 114 880 949 84 452 472 868 824 401 668 395 543 644 982 684 234 845 601 952 453 898 608 983 493 725 111 80 428 432 
2680 3200 8970 1470 2680 9800 9500 920 2000 1260 8440 2190 5200 3860 8620 8530 690 4470 500 220 7510 5020 9190 3580 8370 7640 4340 2990 8430 8620 7310 4620 5330 9790 6080 8000 9590 5580 8910 5100 6830 7350 7280 5540 4720 9420 4070 8930 7400 4560 2660 4900 3090 1840 8470 1450 9470 6330 4440 1410 
165680
