60 1 7
312 701 821 947 796 732 716 947 360 2 651 288 674 251 708 879 967 730 514 784 997 393 715 872 898 298 210 947 940 901 152 603 602 325 549 749 56 616 696 416 618 698 55 643 300 763 521 266 492 387 49 840 131 116 63 28 413 272 326 704 
525 478 307 478 154 207 226 561 175 273 328 144 323 383 786 622 497 306 888 340 44 288 531 174 403 594 553 168 217 879 871 741 708 529 218 861 88 444 773 262 68 101 405 390 483 190 12 331 847 251 670 243 538 200 416 293 793 969 460 362 
199 682 102 906 211 320 118 650 115 890 911 534 342 667 924 824 208 287 506 406 889 175 648 778 727 416 70 871 736 529 232 934 563 686 191 125 5 308 774 471 549 36 4 891 54 279 66 261 917 572 18 805 98 666 583 176 81 4 47 168 
533 630 101 95 315 291 219 671 950 344 141 498 379 497 740 432 775 806 44 44 729 61 848 826 78 782 2 158 786 400 325 670 381 777 116 696 419 686 718 720 29 859 570 759 355 309 542 481 466 585 524 194 997 724 372 75 505 725 584 642 
124 261 663 856 37 778 551 808 815 269 527 195 479 96 953 185 757 846 665 222 782 541 416 779 264 787 853 120 511 788 114 986 48 776 841 437 906 744 244 720 364 122 915 842 570 219 378 326 65 394 547 846 934 314 624 549 452 828 21 314 
968 134 651 15 261 844 803 166 587 46 886 302 520 800 495 89 18 872 766 434 265 664 280 551 978 255 451 781 435 823 95 402 956 97 416 569 940 219 734 526 616 971 179 487 122 673 927 492 544 692 925 161 356 556 63 685 811 513 817 245 
336 263 998 643 360 765 563 299 335 297 177 951 619 355 789 741 28 716 584 923 407 508 435 114 416 497 150 226 362 967 822 697 229 819 691 940 583 254 591 918 902 767 220 872 473 360 612 852 75 547 127 834 407 561 299 822 58 449 47 419 
7670 2200 4670 3470 380 5090 6390 9720 1140 2290 2410 3670 9950 8120 2390 8190 1720 2020 6710 2460 7490 7970 4310 1550 7090 7300 9760 7660 5300 3740 5360 2960 5930 3540 9940 9820 2150 6320 3050 3280 8600 5460 470 2060 3570 2850 3770 5280 8380 470 1260 5860 1950 5560 920 2550 6370 4190 210 1660 
138310
