90 1 7
594 566 467 930 877 939 600 168 393 908 59 68 767 569 355 913 753 145 611 864 199 370 730 321 953 459 335 444 954 587 547 548 152 365 829 380 655 780 547 48 687 605 467 806 173 821 718 278 966 328 141 516 49 223 836 2 33 170 445 987 108 343 886 611 708 714 342 362 846 888 761 532 844 228 689 17 400 406 646 365 85 138 232 134 360 419 135 393 940 931 
731 399 626 616 9 685 681 350 46 526 589 159 410 433 738 98 801 137 856 798 854 940 935 85 425 647 856 911 391 795 842 121 194 819 88 554 503 120 256 900 998 844 58 407 628 795 856 780 284 63 577 137 355 864 573 779 510 428 690 900 223 883 372 768 701 811 321 203 930 928 102 927 124 512 685 751 658 893 883 941 955 459 429 309 674 2 440 183 781 481 
434 355 715 157 122 415 967 795 969 897 722 422 175 845 933 860 948 943 104 830 883 58 640 312 719 314 665 510 848 445 990 282 800 704 438 273 470 757 67 438 653 141 211 179 985 144 38 284 438 141 113 320 551 105 983 621 770 999 130 617 444 119 250 243 174 40 515 643 796 934 432 800 74 642 978 410 137 368 694 574 860 158 246 410 614 580 30 383 579 511 
1000 22 981 601 616 154 640 482 148 787 767 931 586 840 925 564 250 413 931 295 987 142 804 584 552 418 163 933 800 741 444 151 114 424 752 81 930 391 563 429 178 681 360 115 521 284 30 122 696 960 768 34 102 571 969 5 988 132 289 140 224 732 290 690 508 41 770 789 784 684 217 313 365 576 779 237 211 809 358 907 120 125 292 573 47 261 577 35 744 866 
174 319 949 815 8 808 208 130 596 343 813 813 655 529 740 785 765 951 593 474 209 713 950 852 285 997 112 214 383 207 431 908 526 731 722 533 539 929 662 486 271 827 650 277 355 390 62 472 692 6 945 252 718 895 455 355 243 919 568 625 125 350 532 650 80 253 535 970 534 548 456 156 374 105 785 81 846 198 552 889 203 848 492 273 94 947 627 336 865 546 
960 989 895 843 991 974 448 877 944 981 424 751 488 150 855 272 582 53 469 485 293 24 332 785 296 778 731 274 113 947 819 425 287 713 267 629 38 714 505 333 46 281 83 886 430 290 509 363 694 978 847 986 353 530 770 648 659 852 921 772 150 91 196 437 155 814 65 544 880 570 877 277 202 311 162 983 952 671 345 997 1000 543 983 704 424 104 703 83 956 975 
854 105 65 401 893 219 566 958 762 797 879 990 74 80 653 587 62 956 609 758 953 608 300 935 663 723 38 365 157 345 339 10 450 403 762 694 973 680 651 87 476 881 76 549 312 80 488 725 36 96 482 988 56 133 274 718 856 311 83 12 8 421 374 809 176 487 502 148 166 153 234 994 385 662 894 697 741 381 421 128 477 903 115 532 35 388 601 242 51 35 
6060 580 8080 3310 8660 9830 1690 3670 4820 6870 8710 680 6800 2560 810 5730 3040 8210 9540 7240 9490 7820 9780 4150 6650 3650 1550 2650 9580 2050 3000 5630 6140 4590 2450 8310 4410 4140 5490 2740 1000 4200 3410 7790 270 7730 7030 3300 5940 6560 4050 8940 7890 3830 6600 4530 7470 8140 7180 560 3700 3690 6190 3350 8270 2150 1650 6190 9800 7140 2440 790 4850 9370 2090 5110 7090 9120 1920 6540 9190 5960 5470 7080 9780 5590 1600 760 3720 2290 
235230
