40 1 7
688 380 781 524 777 589 474 657 599 936 237 251 501 730 158 290 962 949 781 672 828 821 272 767 363 541 747 517 411 135 157 451 866 937 974 643 877 799 299 476 
734 888 726 587 969 235 876 930 535 9 954 362 181 225 128 544 766 226 60 528 360 569 330 226 857 655 220 734 454 870 561 187 757 638 125 77 872 353 359 406 
361 312 120 541 536 599 436 653 825 848 533 536 416 862 113 624 517 332 709 322 202 269 860 310 258 985 739 129 337 97 887 697 760 358 589 647 308 377 300 132 
224 184 20 991 397 132 614 265 464 323 586 17 943 446 678 201 430 416 681 118 864 919 166 623 276 106 270 584 482 921 67 57 456 86 47 852 570 13 117 33 
687 54 401 981 499 430 533 280 198 566 749 61 484 914 36 112 20 657 47 853 577 465 910 32 551 308 235 120 320 703 504 358 757 256 339 607 685 871 887 234 
436 635 295 272 901 682 383 272 338 429 476 914 893 385 297 795 45 883 266 364 586 121 74 342 728 412 948 765 634 186 998 422 173 644 693 425 325 427 696 662 
855 171 927 99 908 575 246 952 458 863 667 43 336 740 736 63 503 35 827 137 573 825 558 745 468 250 169 793 676 216 806 882 738 733 332 645 307 929 596 116 
1440 2630 5100 4790 3540 2450 5410 8570 6320 3680 9930 2040 5440 9020 3000 3630 5030 8200 1550 5300 3870 9610 7630 1240 450 4460 7690 3510 3750 7160 8190 8700 3300 3280 3480 6840 9250 8880 8920 5560 
106420
