90 1 7
480 710 371 151 858 14 766 835 493 158 731 381 673 184 810 79 412 809 993 980 73 696 126 248 892 983 537 887 852 490 586 684 551 308 834 408 322 951 242 166 108 324 547 132 508 708 211 919 516 555 250 940 602 375 188 494 358 76 732 561 565 317 244 467 977 77 874 298 380 467 463 839 142 361 971 649 69 533 919 936 439 168 228 40 895 415 885 604 842 616 
164 758 285 408 224 261 836 97 558 215 915 372 54 56 733 376 57 153 260 327 440 698 847 667 89 741 433 974 344 274 941 507 31 225 266 254 837 102 702 394 668 968 118 721 376 202 448 432 706 707 110 145 756 956 164 845 696 596 170 391 870 110 250 252 687 515 506 523 968 559 269 636 527 738 708 902 939 156 685 644 214 794 140 970 102 303 166 149 251 335 
540 472 796 141 723 834 655 580 357 975 139 977 610 17 714 317 270 652 824 954 647 38 99 138 359 200 441 524 349 43 210 240 514 5 380 588 839 386 520 547 360 658 523 969 26 588 638 295 591 813 248 237 202 698 374 560 898 166 435 598 560 644 837 73 649 216 13 839 601 532 737 961 541 611 281 566 198 918 860 788 83 459 376 284 156 101 844 405 619 630 
2 178 274 838 251 274 405 615 112 6 146 848 318 686 458 598 251 7 868 462 794 950 920 521 233 427 621 428 184 239 58 185 417 331 375 19 604 779 633 67 784 778 266 101 815 723 51 417 729 918 878 874 867 149 746 451 927 366 231 110 957 640 295 725 970 21 743 925 799 727 343 583 856 608 35 670 682 85 438 762 2 315 987 220 815 732 23 93 449 253 
203 405 892 849 481 213 869 223 489 19 301 183 601 156 790 988 177 823 72 614 584 426 280 922 997 446 653 19 539 453 623 93 858 514 293 338 78 513 913 918 531 565 100 132 721 889 471 249 63 542 863 998 967 494 919 964 940 571 334 478 24 957 922 233 822 214 922 900 78 186 817 608 751 917 91 823 157 561 71 220 103 933 217 421 427 136 736 718 58 70 
547 433 26 468 17 847 33 291 98 110 476 915 69 578 183 160 400 339 720 471 910 174 755 479 947 533 966 682 250 23 103 796 808 480 263 176 679 647 466 776 756 294 42 825 871 224 336 271 915 407 93 824 581 847 654 879 380 619 912 629 642 15 777 801 846 39 976 524 38 442 300 145 735 693 969 957 917 656 579 183 63 671 6 995 870 12 873 601 630 136 
581 623 502 357 423 348 748 751 871 785 192 522 929 278 215 250 234 483 905 813 665 967 835 22 313 704 33 185 656 663 673 237 285 174 593 60 521 340 810 744 124 353 617 405 630 183 654 215 17 558 379 681 877 566 55 189 621 87 726 277 101 398 513 738 923 105 797 444 797 606 539 920 310 507 676 939 690 329 505 706 239 236 739 467 801 793 7 421 231 732 
6970 3320 4810 5610 690 4040 6660 2170 1990 4620 1740 890 7330 4830 5950 4090 7730 2840 890 2770 3420 3270 5120 800 1450 6640 2240 1520 850 4540 8830 1330 7850 7160 6940 2050 4710 7110 4210 6690 5240 5940 1090 2560 760 7030 160 8480 3390 1050 4770 6800 7830 3400 1110 9280 40 3340 790 4400 7870 3130 5720 9240 3800 6170 1280 8500 3270 9010 8700 8500 4940 9780 4580 9220 6810 8250 7690 190 2810 5970 500 4160 9370 1600 3430 9400 8450 7730 
212100
