80 1 7
169 790 250 976 248 380 718 230 921 468 346 69 743 151 236 116 380 399 847 210 991 18 45 67 961 306 270 721 975 933 9 495 75 259 822 322 638 539 904 910 358 601 979 453 752 566 568 483 317 415 44 307 784 88 725 96 745 995 169 719 927 177 214 353 787 387 675 424 926 578 686 635 178 16 87 281 581 7 764 897 
421 807 556 556 247 280 652 991 274 820 62 553 996 627 905 783 13 931 558 290 508 595 925 686 610 11 966 543 369 81 439 789 240 346 345 838 626 348 828 251 167 889 155 514 515 60 648 528 990 558 169 850 152 93 887 762 456 204 304 824 285 94 965 876 440 309 713 417 656 540 19 174 781 174 687 647 233 687 526 574 
244 695 423 395 787 309 156 242 513 811 418 149 257 382 24 696 42 88 464 49 627 482 222 759 655 260 406 239 946 931 165 541 977 939 936 764 248 443 357 112 606 126 612 862 507 987 909 900 74 372 948 52 853 521 163 860 133 568 450 430 850 614 971 827 553 258 942 152 700 298 615 305 424 226 166 282 564 74 182 637 
797 481 40 2 354 202 861 486 121 310 267 971 276 237 149 828 494 90 979 546 739 593 202 514 170 720 796 733 793 329 721 942 809 760 943 162 962 155 999 82 816 266 404 91 854 552 918 348 641 896 245 732 840 446 245 9 165 40 93 310 368 813 251 529 573 545 42 886 699 41 967 866 306 723 957 159 274 874 858 267 
122 102 998 313 900 242 674 64 634 766 725 353 579 327 233 503 871 275 388 921 315 706 787 620 428 743 130 702 968 340 320 441 441 669 754 692 262 427 108 895 544 832 600 122 159 832 624 29 106 363 950 772 69 88 391 496 830 873 549 797 212 868 238 4 888 343 696 150 121 803 396 664 986 995 138 144 179 113 525 636 
476 826 408 544 913 150 391 742 22 940 890 585 159 479 941 399 821 636 548 941 790 943 957 127 290 94 271 820 206 147 455 681 972 862 576 884 12 967 977 385 258 218 322 768 697 262 166 869 249 65 162 390 360 118 516 1 211 138 820 416 284 626 449 255 840 376 490 851 342 818 587 951 36 908 71 732 521 588 600 769 
5 113 158 364 230 674 364 440 163 535 208 447 160 8 701 999 383 543 201 77 360 140 379 395 399 449 478 920 389 430 40 393 542 198 756 772 223 471 563 385 357 122 831 868 129 884 219 864 778 771 940 489 910 318 884 661 119 713 580 507 142 971 251 36 168 358 807 742 180 721 479 536 843 661 755 323 896 973 186 673 
7440 1250 1620 50 7950 3970 170 9130 1090 9480 7710 6030 9190 210 6380 4380 3780 7960 1800 5570 5160 100 4440 7100 6700 1980 330 5660 5230 5700 5900 6180 470 1030 6220 8410 4990 9910 1050 9600 9380 8750 9140 8560 2470 9030 2940 9760 6980 8250 8840 5650 8340 3270 2750 8550 8760 6590 4200 3980 5800 3620 150 6260 4640 9890 8180 3150 9790 9220 6260 2680 1480 5390 1240 3940 4410 7690 7210 4900 
216700
