60 1 7
532 328 408 566 601 605 402 546 111 831 640 960 929 407 452 366 248 168 400 755 791 12 145 382 299 393 864 262 145 864 545 28 543 304 945 495 909 346 40 19 176 31 330 457 790 133 174 37 300 573 143 443 936 287 824 234 32 688 496 176 
903 392 555 445 48 499 939 956 197 330 326 724 712 7 180 501 139 353 889 790 277 32 232 213 670 408 446 701 95 293 228 349 37 782 145 84 633 435 391 181 116 68 904 827 74 84 680 564 436 568 353 65 599 585 277 621 992 74 321 438 
719 549 786 107 682 282 190 666 716 932 846 183 999 102 361 72 185 40 635 972 960 987 36 558 923 664 530 914 90 851 351 808 751 488 914 784 121 455 450 188 386 647 370 384 748 731 807 284 122 441 256 81 779 643 991 54 307 520 967 748 
722 670 555 472 509 820 256 982 626 57 169 11 703 891 746 803 973 552 86 94 344 693 527 474 336 517 527 994 36 494 741 758 515 647 581 375 818 836 356 443 244 525 805 299 415 550 101 739 101 186 832 796 231 358 269 566 226 796 911 614 
641 3 723 155 1 303 529 818 491 237 612 734 761 416 384 527 317 484 265 769 22 448 564 252 158 184 169 735 979 79 348 971 433 70 477 433 725 358 250 567 594 861 652 706 628 36 232 944 519 848 64 892 647 627 143 156 810 663 891 141 
741 238 111 525 660 940 957 736 297 206 302 890 418 953 595 397 988 178 692 859 377 755 750 23 733 245 179 895 907 421 35 1000 658 497 524 669 436 481 404 84 38 57 325 808 10 271 204 349 448 248 207 824 2 309 199 87 553 729 981 811 
149 15 810 158 863 686 827 651 518 582 734 555 639 59 362 1000 329 918 348 129 165 907 304 518 215 502 604 119 230 584 281 378 950 443 888 813 128 714 463 645 647 548 199 285 958 913 284 287 182 632 767 698 890 70 215 104 572 171 574 153 
7540 8540 8830 560 2960 7700 8680 4230 8350 6820 4190 4810 5810 9700 1180 5390 2340 4010 8250 4150 3840 5910 1120 6250 120 3260 800 9350 4960 6530 880 6020 8590 3220 6570 1540 4430 8760 9290 2770 9090 6990 1090 4890 6680 2260 270 9010 9790 2030 3150 7140 1450 4260 3390 5090 1040 4180 4430 9510 
151990
