100 1 7
977 61 473 737 551 669 589 672 759 146 866 128 490 39 438 81 55 277 295 276 749 521 418 636 730 604 202 820 407 407 339 383 819 811 472 369 479 60 392 590 205 257 717 46 648 506 478 702 135 125 977 883 997 394 518 727 349 720 898 755 126 588 490 944 750 961 664 229 372 56 170 928 664 886 973 311 392 803 13 878 279 341 760 275 87 277 353 435 348 251 542 473 190 31 768 940 343 432 520 714 
487 689 641 150 574 965 813 317 119 177 194 397 517 953 672 955 582 376 390 929 978 931 754 168 313 521 107 655 304 626 368 142 314 360 644 239 324 456 908 443 984 453 191 500 758 862 455 339 238 196 619 215 478 724 734 790 597 840 444 900 465 163 42 130 522 37 721 845 492 628 639 475 80 830 326 837 43 132 527 632 679 146 199 156 869 932 945 817 124 388 717 940 550 110 70 423 146 790 620 989 
769 610 815 848 439 140 37 834 624 563 817 302 60 367 458 281 651 402 97 774 142 165 713 43 274 134 466 771 923 437 759 691 46 573 891 837 65 927 670 688 841 838 341 901 205 798 181 855 552 629 980 693 794 692 87 419 826 904 190 100 340 948 143 386 873 33 222 289 311 243 976 151 80 668 403 636 466 583 842 369 564 821 61 357 865 499 775 42 403 316 141 742 264 635 127 488 19 700 776 329 
942 103 832 374 770 234 9 587 169 851 955 732 23 367 440 887 866 214 280 268 530 421 361 145 407 488 984 426 187 759 106 129 861 937 854 982 171 862 569 339 64 523 70 439 242 509 325 107 74 605 726 955 377 86 451 135 573 434 560 112 192 666 592 404 602 445 738 124 306 306 462 722 180 883 160 421 743 836 527 169 792 604 123 520 690 926 655 614 359 214 725 903 231 316 658 833 112 395 956 770 
52 770 491 232 4 2 652 747 837 531 915 981 486 389 500 175 314 154 789 25 720 865 279 950 181 936 134 644 331 442 413 734 211 255 965 214 256 969 312 445 851 226 425 336 967 924 863 632 78 651 656 149 515 934 98 47 222 232 691 904 25 455 637 235 710 602 800 317 922 112 761 772 689 185 459 655 109 321 287 538 323 294 38 838 228 135 236 449 718 278 352 742 733 340 328 794 941 480 110 862 
591 871 985 631 55 796 638 515 116 276 404 439 569 793 628 148 928 863 948 997 141 299 91 225 991 770 18 931 249 127 145 191 997 481 822 404 276 811 270 392 86 26 182 654 818 809 802 97 23 749 446 515 400 536 739 390 305 108 672 554 235 168 744 583 649 917 338 924 727 608 667 812 985 200 818 802 360 971 251 383 719 696 249 470 231 340 211 535 447 883 440 33 50 536 616 50 804 953 326 531 
912 344 694 896 544 863 50 903 833 300 637 904 995 238 373 225 577 936 111 23 818 903 56 219 790 23 621 593 975 946 475 239 289 521 134 832 383 183 87 216 482 75 471 476 312 843 52 888 778 515 263 947 417 670 518 206 44 138 150 18 435 625 256 723 145 742 907 879 924 345 94 758 419 564 233 83 759 637 970 888 151 584 187 919 605 56 476 648 545 625 18 979 601 625 53 745 366 311 624 642 
6550 690 3990 4260 9850 9830 5080 950 9710 8290 3340 1210 7650 8720 3910 3690 9270 8660 3690 4710 8430 3860 8010 4430 100 2060 1880 7280 5160 1630 7210 5230 5830 4710 9480 9190 4530 8070 3650 4240 6350 6990 8960 3990 5700 2870 1200 8490 5040 4880 3190 3460 2250 4720 7890 5860 6770 3280 3130 5440 8420 3850 660 7760 8550 3650 6950 3080 5230 590 830 5100 1090 3300 2600 310 9680 3790 8790 4720 2180 5490 1690 4420 3720 9570 280 480 6360 6920 9440 4770 4290 3610 2530 2830 780 9470 9420 6000 
251340
