80 1 7
407 921 740 301 829 835 565 798 242 123 388 859 988 7 523 936 416 436 913 729 177 604 387 503 576 885 146 985 38 288 524 444 208 615 97 388 449 661 185 690 783 924 901 122 930 423 409 697 858 321 425 387 925 164 241 852 48 386 188 437 25 711 233 584 325 329 972 126 989 508 815 123 432 715 244 361 490 652 410 347 
325 834 85 249 349 678 452 749 63 640 185 440 350 769 23 27 97 346 152 437 854 318 559 637 385 154 997 874 806 758 572 130 592 657 730 292 686 181 40 100 172 577 539 522 345 914 900 794 259 51 230 464 368 141 100 752 294 449 977 451 206 549 580 797 557 309 441 242 842 480 341 13 408 232 886 753 145 785 546 403 
187 127 867 555 267 318 658 913 766 635 363 972 535 943 120 91 603 560 684 796 392 24 809 799 255 694 551 751 831 448 154 17 575 372 923 193 689 581 105 807 567 468 778 101 762 897 543 716 457 226 512 848 249 672 646 856 717 549 606 547 996 111 564 570 834 838 763 875 418 219 681 336 686 458 436 799 354 978 867 162 
555 378 9 804 49 7 11 765 555 616 664 550 79 579 472 912 416 234 786 834 452 818 521 490 275 957 640 981 286 506 142 841 235 503 996 283 861 6 400 767 973 63 668 51 641 139 315 56 724 452 241 528 270 762 369 896 70 8 876 707 866 370 899 100 224 894 735 436 251 134 202 576 548 869 978 188 8 292 595 83 
744 836 610 365 949 978 260 370 338 488 76 203 209 975 654 784 220 388 219 823 873 420 398 772 640 727 959 647 19 906 730 114 93 691 830 41 21 89 762 358 928 837 912 136 163 565 271 383 305 489 205 529 260 954 301 900 680 611 898 50 516 979 515 960 670 344 352 690 785 113 399 712 950 310 200 464 226 470 846 882 
311 402 411 570 707 63 821 739 673 719 788 541 697 655 500 718 998 204 759 782 316 157 846 617 818 45 81 44 866 278 277 176 32 39 98 738 101 918 476 126 636 616 18 685 270 869 402 619 72 161 753 740 669 598 356 487 994 788 882 211 66 158 739 97 197 836 834 649 753 662 774 389 277 143 425 898 12 826 516 435 
338 620 174 7 569 882 493 914 669 374 125 734 531 863 182 79 698 368 728 802 29 853 542 657 348 966 906 711 792 773 145 129 393 671 487 313 552 979 227 220 352 351 306 235 565 839 665 614 206 744 415 586 949 957 594 296 274 499 6 417 624 502 898 16 172 384 328 723 363 906 295 66 256 952 652 172 790 669 785 348 
4120 5520 9330 3600 8600 8790 70 1330 7290 120 5500 3520 5140 4470 7190 6850 8300 3990 7600 5440 3040 540 6100 9120 3570 6130 830 1460 2810 2200 4930 6930 7710 7780 4040 6300 80 4110 1140 7360 7740 6630 880 6390 4610 1580 6760 6430 5560 4350 1860 2120 8400 1470 1230 1960 7600 5570 6930 400 1280 1860 840 2500 3150 4880 2310 3220 2500 3450 570 230 3590 4960 140 8200 60 6890 4620 5610 
171140
