90 1 7
430 158 247 156 395 419 37 753 613 601 65 466 336 133 790 75 81 272 254 498 880 644 225 109 682 423 689 343 9 878 439 439 388 37 946 134 456 983 238 68 935 654 885 270 139 27 697 219 298 950 717 177 945 941 637 626 363 677 320 371 907 759 161 646 795 459 131 602 441 368 22 727 22 906 996 160 284 692 378 581 993 446 109 937 386 98 563 100 126 882 
823 384 992 335 29 139 793 159 740 585 879 113 311 900 371 659 411 654 350 140 587 343 586 695 279 323 144 193 423 270 427 597 5 418 931 34 556 724 544 648 308 422 112 971 321 482 629 83 136 330 223 722 672 808 768 303 130 912 847 904 533 273 500 889 43 431 922 950 154 818 949 813 239 61 783 912 542 763 994 677 93 216 750 116 23 518 770 505 781 617 
408 665 241 908 553 283 338 475 585 843 644 533 7 882 593 142 793 135 904 139 163 348 354 913 464 729 782 233 233 562 849 640 226 442 899 130 724 588 956 308 782 599 193 789 481 785 930 625 271 185 763 786 533 117 698 348 197 831 580 429 392 781 420 969 222 671 98 297 258 406 957 40 4 149 180 484 285 461 461 556 645 223 341 529 691 390 876 887 220 808 
667 963 940 439 283 513 109 732 809 718 137 117 109 141 617 288 976 902 748 788 809 745 363 149 625 53 890 853 292 461 660 310 423 599 748 57 111 208 788 271 278 277 740 386 769 356 674 96 257 421 884 65 517 246 565 142 650 454 994 293 914 5 603 688 955 702 96 65 262 236 687 539 512 426 924 632 782 949 727 390 722 962 807 238 559 371 731 209 177 724 
853 442 80 807 482 34 861 577 98 122 812 137 12 675 914 287 306 47 588 385 437 309 346 243 898 905 965 629 465 141 704 669 583 784 476 64 817 336 992 267 809 804 755 172 830 668 458 488 715 397 872 503 705 569 745 955 825 709 935 641 202 638 310 784 773 137 199 942 472 190 560 632 345 314 803 175 981 612 14 47 9 237 549 65 805 645 19 982 706 953 
974 907 943 635 690 67 771 888 8 594 429 567 225 774 880 379 300 213 991 313 611 351 549 160 767 705 156 138 38 861 442 12 767 384 646 808 451 417 47 810 10 828 377 587 601 608 965 900 172 307 212 783 657 112 294 776 816 449 913 854 662 354 217 780 90 862 940 892 630 986 701 992 813 429 578 765 389 542 664 560 201 227 342 209 690 987 984 506 436 248 
711 97 602 927 228 43 140 167 286 770 505 338 761 669 767 690 434 507 231 449 66 783 676 760 992 717 746 975 222 181 223 284 629 176 562 209 570 702 375 855 823 879 192 583 548 310 624 333 816 206 781 882 989 808 641 980 525 386 954 98 919 528 382 899 703 943 107 624 644 482 478 466 712 670 400 611 331 375 943 147 581 724 380 569 531 372 548 407 109 853 
5050 270 3810 8860 2780 4350 1800 3840 590 1760 2170 8880 9930 2810 9090 3930 8910 2400 7670 8340 3860 6990 9090 7650 2670 7910 4880 1660 1980 5960 190 7020 6230 7510 9390 2520 5370 1180 9870 9470 2930 2040 8350 2860 8360 7430 300 7260 9820 1480 9110 7190 8470 1710 8350 4650 9620 3220 6310 1590 9180 6490 2120 8920 7510 1500 1430 2870 2670 1290 2340 9120 6840 4200 1970 5190 1620 5780 5970 4960 770 8590 5660 9230 300 7530 3880 9910 740 180 
229220
