90 1 7
121 785 264 429 298 206 638 590 825 989 253 898 397 219 721 186 425 299 208 995 276 810 299 524 221 975 39 999 108 709 453 580 845 68 9 142 625 646 732 449 635 336 698 383 554 419 569 330 717 128 677 344 938 975 220 510 949 258 860 408 318 312 988 162 731 996 304 355 641 387 155 627 722 852 362 628 622 930 309 339 409 985 34 346 312 253 207 612 863 66 
20 180 729 359 342 459 354 997 165 346 735 319 325 808 523 686 435 144 967 96 834 375 80 868 73 743 120 279 355 334 345 726 514 425 84 207 884 437 555 400 134 289 719 458 96 241 143 883 736 109 978 570 836 409 437 908 152 908 186 858 242 882 583 107 307 666 665 542 454 219 941 587 507 11 397 954 603 891 188 339 1000 165 908 187 926 344 94 429 603 279 
286 196 513 220 302 819 885 966 712 338 536 652 276 394 663 672 700 265 563 887 603 914 404 510 100 329 205 545 109 160 175 394 355 687 613 9 857 849 326 568 538 862 220 813 607 234 837 306 498 751 193 453 16 596 314 115 276 519 11 384 678 185 129 384 872 741 392 80 941 718 648 478 931 219 290 537 452 478 843 301 228 387 753 243 982 67 709 257 937 719 
992 966 904 120 349 127 212 93 558 152 810 557 629 740 775 270 628 578 748 822 231 975 208 983 218 189 401 278 797 689 997 788 6 252 907 355 730 470 447 287 621 608 844 249 699 970 871 326 548 618 148 778 944 355 112 513 896 865 791 44 905 787 832 911 390 90 265 119 560 63 405 532 670 600 133 720 570 3 45 117 972 544 246 915 251 709 428 498 573 218 
541 478 356 724 740 745 814 4 863 725 418 619 256 439 571 740 158 140 742 554 608 713 450 205 980 700 913 407 197 838 624 89 667 979 813 406 75 626 761 937 702 178 907 309 616 477 49 773 968 142 678 575 207 127 131 186 826 44 592 374 881 567 463 547 545 275 304 619 252 64 907 305 241 165 613 856 994 13 980 961 155 657 888 361 784 18 898 961 413 489 
335 293 55 149 191 951 775 846 921 26 909 179 682 149 343 294 356 336 307 687 649 813 344 536 525 479 905 422 791 318 262 477 962 668 625 505 970 399 350 890 776 259 420 457 759 762 103 115 450 761 801 450 573 496 985 97 326 241 870 117 558 131 593 520 798 570 376 119 320 725 8 448 983 779 256 94 892 358 208 341 118 360 142 42 208 478 490 885 719 359 
353 276 489 946 147 638 867 522 756 538 599 115 985 581 893 241 674 137 950 233 477 420 945 971 461 504 448 951 388 166 309 741 794 150 38 940 139 256 814 247 793 412 713 778 344 958 370 370 94 671 602 922 90 898 892 903 401 340 205 141 505 865 233 298 14 622 590 505 877 403 103 669 166 815 798 509 772 519 878 865 190 832 787 631 81 30 533 482 369 737 
9740 2260 9540 2060 8750 3190 1790 4640 8230 550 2180 9250 750 3830 7400 2250 8920 8630 7430 1210 7280 2840 9520 8660 2670 330 8950 7990 8660 6160 8880 1910 8410 8410 7480 7150 1590 9260 5310 3340 9800 7480 6100 4060 4830 7010 6300 3740 5640 7250 4940 6430 3600 7980 8600 6260 1820 7540 7770 470 7210 6640 2370 5610 8560 3360 6280 3660 2610 1580 510 5920 2570 6610 9970 7390 3610 9790 1120 9240 7030 9580 9180 4140 1070 7770 400 2880 8830 8160 
254330
