40 1 7
89 281 593 843 439 512 277 998 612 331 976 675 752 528 815 929 98 295 637 728 281 119 397 429 993 978 663 380 809 54 757 249 686 701 443 476 213 719 473 176 
49 800 202 152 679 16 81 777 663 69 504 943 187 900 724 531 229 738 262 390 791 370 638 829 71 81 656 635 799 481 162 200 280 363 351 959 378 783 87 392 
851 590 687 389 841 410 272 422 147 885 811 290 255 800 470 677 880 125 663 31 605 824 230 237 186 932 195 915 715 281 307 917 222 993 306 414 754 929 835 252 
813 997 541 419 797 362 95 28 487 109 410 443 932 991 679 117 923 225 384 989 857 42 905 78 386 562 844 139 490 30 390 655 379 283 73 175 996 520 554 482 
628 316 277 912 306 955 380 580 532 763 568 388 156 825 818 541 386 661 31 228 42 773 234 420 55 658 946 402 177 500 884 157 815 512 420 472 818 799 52 349 
914 971 737 69 795 906 962 533 566 992 112 959 764 345 379 170 354 324 572 883 823 807 391 989 670 810 813 487 960 216 836 873 186 924 294 333 181 255 217 98 
598 680 56 714 376 434 235 729 758 806 611 932 964 1 273 633 810 85 472 770 300 659 994 837 582 639 521 762 893 89 859 843 768 266 556 143 700 790 224 457 
9480 8340 7400 2630 1870 120 2480 3480 960 7190 1170 7470 3770 4630 9360 3100 1010 8080 4230 3460 8970 6330 5400 160 8980 950 5110 5970 2360 7340 4050 5350 9190 1450 7980 1050 1560 3970 8050 6040 
95240
