20 1 7
749 77 650 400 545 95 535 466 212 317 755 381 882 141 35 786 409 91 669 982 
834 401 459 761 824 75 99 288 325 500 910 74 929 559 473 473 5 359 938 568 
27 45 300 908 185 335 46 945 777 714 278 611 466 736 723 641 810 821 928 135 
672 189 560 600 100 384 424 104 742 714 24 120 758 323 28 294 9 73 238 786 
138 515 396 603 603 118 243 412 290 523 898 313 711 457 265 810 840 688 266 933 
401 641 53 510 963 80 803 972 504 392 757 641 259 152 595 861 621 189 272 262 
711 170 574 774 978 838 935 818 878 552 102 630 192 154 140 155 585 294 126 440 
6860 8820 4320 9440 3850 260 1560 3570 2150 4270 9700 2770 9480 5430 500 2780 7330 9850 4470 9620 
53510
