70 1 7
758 436 231 722 908 529 115 672 113 459 850 446 458 758 562 185 978 653 135 879 148 990 507 563 103 469 455 284 6 44 867 116 479 97 189 386 977 655 410 441 113 259 239 922 368 800 106 346 452 241 576 951 582 82 513 36 902 320 319 260 363 537 375 841 985 563 579 961 570 340 
753 682 598 991 604 317 790 709 14 594 301 589 544 234 22 409 269 276 728 939 535 442 475 261 282 459 175 212 771 744 551 524 426 500 866 381 817 656 441 830 601 94 771 496 327 792 904 948 67 631 238 953 72 713 213 706 523 388 269 646 483 820 521 260 319 738 640 487 745 433 
669 345 526 439 841 204 230 744 151 649 727 741 601 150 805 814 855 679 553 124 324 387 295 196 647 965 934 638 452 678 70 120 375 947 910 215 151 139 310 653 787 388 393 388 538 197 553 744 876 457 219 551 843 513 99 489 478 384 479 281 61 548 752 787 495 661 353 997 799 663 
649 938 50 42 677 939 590 581 683 817 37 901 720 879 766 818 720 595 201 198 227 613 97 978 400 943 638 752 291 788 766 940 77 168 333 753 106 922 333 788 91 721 41 810 952 806 979 671 752 179 220 978 143 668 955 894 963 944 998 253 731 763 192 160 930 876 912 36 150 597 
175 240 317 215 401 268 372 379 290 475 557 861 452 51 529 758 945 491 53 942 95 136 56 287 295 986 514 206 373 663 154 899 902 823 114 302 442 837 680 732 312 588 944 115 639 472 225 935 314 277 876 409 412 283 47 706 268 560 264 992 223 417 891 476 591 356 130 33 544 161 
116 207 749 59 322 739 883 546 673 548 174 900 956 586 182 354 643 802 266 906 145 840 675 387 315 265 94 444 297 638 957 764 844 705 175 517 795 57 414 819 604 588 718 912 525 251 265 167 404 882 73 549 721 99 935 36 363 29 831 12 18 787 775 213 843 949 730 989 357 143 
807 961 82 876 224 606 479 488 773 882 370 197 430 442 295 717 477 9 97 660 20 114 798 147 326 641 447 407 981 804 550 788 116 983 15 339 589 493 178 713 727 899 909 156 341 555 224 817 563 320 828 583 785 626 81 463 618 527 869 598 330 770 737 445 753 752 783 341 596 961 
530 3220 2110 3130 8300 5510 8670 4050 7200 4290 7250 5470 3630 8610 1720 4430 3230 7890 9700 1920 3870 6510 9610 4750 960 7130 5780 2300 4050 1740 5420 4570 8470 7530 1210 280 6550 9870 4330 3740 7680 5090 9210 1300 3690 4440 9250 6920 2330 8940 2350 9710 8960 1950 4450 3430 2600 3750 9250 6640 9000 4660 4730 7460 5700 5930 1260 2250 9320 9100 
185440
