50 1 7
127 725 979 676 121 56 470 824 482 330 499 246 341 690 807 697 435 409 356 979 812 309 706 502 281 623 951 561 856 632 998 982 708 328 9 180 735 830 3 568 159 501 813 852 543 619 548 977 27 904 
955 191 212 12 44 844 635 346 756 842 329 105 175 36 432 183 567 166 364 570 733 522 422 545 373 316 516 273 292 894 176 598 84 739 610 479 582 596 825 337 437 153 794 611 189 225 793 755 391 508 
676 475 29 450 372 754 765 887 378 57 780 553 6 216 291 615 694 224 210 518 912 646 671 705 608 211 930 752 317 672 259 345 146 640 794 517 393 558 755 770 966 535 674 972 750 316 938 443 539 500 
313 802 497 335 507 105 545 788 856 213 459 115 557 956 754 702 825 498 612 579 619 929 465 292 252 214 959 190 9 849 41 321 650 537 655 156 641 551 295 497 115 105 963 672 61 716 725 237 213 336 
167 183 617 632 826 868 197 784 409 205 632 449 877 281 986 883 789 626 785 83 474 900 188 436 923 600 503 647 188 715 335 354 249 303 985 74 170 182 209 579 738 840 27 967 473 364 201 613 342 986 
695 815 237 234 603 159 185 105 157 372 172 843 726 420 145 62 846 667 595 54 245 685 246 623 651 718 987 851 330 328 188 376 494 424 962 96 934 146 201 443 870 724 285 947 143 782 8 988 448 955 
394 44 639 639 666 289 356 4 491 37 683 679 412 177 454 373 624 388 871 176 830 92 899 466 38 394 599 397 733 46 351 126 89 989 764 755 629 471 110 120 859 793 150 271 969 955 995 944 342 217 
1200 5230 3080 180 3410 6970 4110 9390 940 1440 9850 4440 6210 4250 7850 3850 5310 7650 2070 6410 8840 660 4330 3850 6880 7530 3400 340 6960 330 2510 8150 9080 9100 1850 2480 6070 9470 5380 7000 900 8740 4950 7110 2990 6310 4470 8290 3960 6530 
126150
