90 1 7
872 71 328 154 791 332 696 121 796 218 698 47 692 439 880 776 126 16 430 979 493 40 515 725 435 640 293 393 14 496 417 885 566 96 390 708 779 86 181 575 655 878 973 346 668 853 121 793 868 902 124 712 941 990 436 728 629 729 120 643 576 888 879 142 983 621 849 761 706 381 687 360 258 660 58 278 512 530 422 731 432 545 442 724 535 877 803 515 957 274 
509 533 161 740 26 495 360 226 608 65 607 294 776 216 305 833 493 816 715 267 898 146 811 339 221 697 568 376 212 524 649 72 408 162 811 433 8 170 11 615 234 617 261 362 832 565 194 677 733 260 943 630 757 105 321 978 802 888 353 365 763 353 436 171 514 247 955 522 768 965 488 2 581 100 363 765 17 908 441 749 168 735 730 924 839 50 253 992 289 957 
708 52 662 496 222 175 94 528 48 861 493 536 214 425 987 928 541 3 836 981 751 355 67 833 630 258 234 235 601 523 191 309 926 204 156 499 379 249 26 778 461 518 665 675 295 652 602 835 654 789 168 757 143 234 589 125 843 174 359 444 48 901 104 973 105 259 471 835 859 497 612 319 366 277 993 660 280 947 847 933 735 14 689 230 599 629 706 442 803 64 
885 202 316 988 175 772 598 997 606 456 493 570 774 211 198 119 222 477 65 68 409 151 433 450 380 32 78 85 825 232 500 61 434 168 400 608 939 997 604 897 804 449 466 577 659 663 47 880 491 463 300 899 614 732 348 345 115 778 782 291 9 633 351 442 800 102 401 91 450 357 987 253 805 452 182 815 466 228 46 956 43 345 206 8 77 906 704 543 683 837 
834 691 470 536 485 621 990 237 711 439 593 697 692 749 500 873 563 965 452 609 920 494 953 126 853 381 31 557 276 65 393 461 107 862 348 943 835 337 180 545 776 772 594 467 521 93 691 435 58 142 43 329 988 348 806 840 80 188 396 707 252 141 167 359 354 515 653 188 851 832 733 978 604 326 444 476 418 486 262 827 628 305 156 967 4 313 158 435 501 554 
142 104 46 660 814 399 174 467 587 377 298 671 354 253 996 150 80 765 635 342 944 614 998 451 580 353 763 738 787 615 643 280 719 688 940 532 86 465 350 672 193 648 342 547 252 689 48 332 806 682 673 101 296 22 551 227 374 665 964 512 280 958 792 350 645 83 233 83 547 583 106 740 582 448 638 833 488 685 516 645 718 540 745 13 561 295 240 934 960 555 
446 591 513 589 940 509 671 172 591 569 754 697 660 335 496 649 520 983 333 35 980 51 575 724 415 487 371 6 421 682 913 218 272 425 158 211 933 828 734 876 748 488 572 408 174 67 56 693 401 741 80 380 143 6 104 909 492 826 915 264 507 179 833 778 603 990 340 887 169 73 762 917 912 685 676 86 751 83 130 152 823 561 883 317 566 338 226 410 163 492 
6730 6690 6700 8580 7980 6240 1990 4890 5100 3680 5620 6240 6360 4730 3080 6630 9100 4110 7450 400 9140 9200 6000 7960 2360 5180 4860 4610 9270 6480 9520 9510 6690 6210 1600 8180 2440 3590 3070 1060 7260 8680 810 7130 6920 3880 3750 6020 1500 4710 6410 630 3900 5920 8590 6260 4610 3440 860 3870 3430 3900 6900 3630 3620 8490 1810 6060 2070 4870 630 2840 7060 1430 3480 3970 8820 7220 9980 320 5450 9900 940 9340 5820 3040 5590 420 9990 9970 
237680
