80 1 7
146 338 864 960 338 118 89 42 963 37 272 364 894 874 562 439 698 468 729 672 510 975 554 596 136 331 315 593 558 767 426 56 456 289 15 793 758 103 186 73 491 810 436 737 683 350 175 381 169 255 404 678 582 957 625 717 287 291 661 197 57 87 604 864 727 618 656 485 72 194 557 915 3 992 3 37 341 529 769 861 
784 172 538 365 480 514 433 119 805 93 315 213 531 270 77 258 239 84 742 310 277 650 576 279 641 578 316 334 107 84 194 242 608 84 606 87 597 38 205 753 482 871 966 13 492 42 622 730 125 715 392 402 364 967 32 4 897 699 689 355 135 235 596 742 670 553 180 266 942 737 19 423 959 336 787 451 377 760 180 853 
474 571 606 837 890 638 193 786 336 233 492 822 467 87 563 136 639 95 754 932 831 124 354 789 459 493 591 187 252 771 39 726 693 645 914 934 634 106 71 321 339 562 143 157 1000 57 645 990 151 398 921 333 873 275 122 683 119 64 221 722 186 259 799 231 255 713 164 240 818 235 561 508 148 703 665 148 111 309 137 262 
58 410 594 282 36 67 964 154 483 184 875 668 794 674 898 401 386 62 640 555 648 552 63 795 606 79 294 717 739 783 330 148 192 275 429 227 694 744 732 176 279 606 843 424 631 93 824 368 154 816 275 153 719 689 299 325 767 593 393 505 727 722 652 918 996 432 496 41 175 227 216 805 184 411 228 167 503 404 534 656 
219 808 160 937 496 458 613 614 402 5 470 128 78 473 397 74 904 892 114 78 118 682 882 654 92 462 820 594 865 353 601 435 513 760 723 360 569 336 326 971 340 795 450 418 268 847 843 171 738 308 601 208 341 834 861 432 295 680 25 159 384 977 945 248 736 668 960 657 3 285 979 694 79 428 463 698 274 305 221 364 
965 821 923 305 6 135 737 301 814 113 811 549 90 756 149 177 423 108 185 777 392 163 470 822 591 933 520 216 589 740 931 553 912 853 210 917 987 298 569 152 410 732 53 851 839 201 380 613 660 564 389 403 727 858 224 669 142 95 236 731 186 519 283 449 371 844 366 710 141 286 213 551 17 617 753 207 169 484 819 828 
48 207 230 126 417 454 146 558 900 381 288 438 899 923 886 622 766 603 683 907 889 247 809 257 864 913 464 32 397 634 212 444 841 441 921 257 246 66 814 146 798 454 935 49 376 820 22 493 423 56 751 663 302 559 271 165 472 86 549 868 720 760 663 560 552 935 168 798 352 981 295 501 434 229 549 161 48 922 654 822 
9770 7560 4840 2790 3150 7550 7950 1380 1920 6950 3570 9110 8060 3710 4700 3580 3050 6370 1550 6560 9700 8010 1560 7550 290 570 2680 4280 9780 2730 2500 3070 280 850 5850 3420 1910 7310 8310 3830 4260 1870 2930 5830 5570 1150 9400 2130 1030 940 2200 4240 2460 3760 1790 2740 7840 7980 540 1130 700 6550 4190 970 7390 3550 7910 2820 860 9730 6640 8630 5120 3080 4450 680 7740 3850 6330 2290 
175930
