30 1 7
699 218 347 738 631 940 941 725 931 300 725 934 218 41 339 871 853 106 490 958 788 257 194 725 973 483 900 582 256 690 
972 307 260 670 44 890 610 985 614 892 636 339 177 205 379 516 75 583 973 564 540 760 172 85 837 496 920 736 77 175 
778 400 481 37 70 877 278 31 213 891 274 200 581 451 404 311 318 478 893 290 393 785 401 916 869 589 411 788 677 839 
315 454 591 147 842 660 23 471 42 235 361 315 434 294 117 189 604 434 666 497 75 410 281 476 325 501 64 87 641 92 
278 955 545 868 101 738 527 476 208 920 710 921 586 496 214 703 684 169 136 702 665 563 463 297 38 788 150 453 226 790 
545 503 96 441 370 548 531 248 23 90 167 85 10 753 932 575 807 615 744 294 668 760 856 131 409 245 270 558 698 495 
699 594 998 146 34 367 693 916 967 68 6 133 152 15 237 83 942 395 49 37 689 717 796 896 847 556 141 116 465 838 
9620 1630 7830 9590 6600 8160 6780 3530 7320 6440 7720 890 1280 2750 1030 7170 7090 3960 1110 7570 4320 1510 8250 5800 470 230 4870 1870 4900 9520 
74900
