50 1 7
839 719 34 904 788 210 244 776 942 310 177 228 6 475 884 884 91 499 765 377 227 299 689 564 21 312 618 713 669 506 374 859 224 759 762 364 969 357 139 262 18 315 489 24 141 372 259 231 223 23 
608 801 674 648 365 694 959 334 759 979 840 484 838 415 243 951 130 211 660 620 472 677 286 312 52 426 684 310 9 258 685 968 58 358 967 774 51 925 108 809 255 299 293 444 65 887 395 195 97 54 
166 920 82 452 231 134 877 266 795 885 523 479 204 933 836 170 706 239 446 813 399 701 111 43 144 176 929 890 722 377 295 887 296 377 690 879 862 567 144 656 803 19 135 7 951 322 528 656 560 974 
821 959 674 283 1 169 810 930 411 531 306 705 770 954 433 459 832 294 377 327 302 532 697 788 890 999 461 417 655 21 390 827 331 415 109 683 936 919 612 346 801 270 50 570 575 835 381 758 480 757 
84 781 288 133 920 529 131 381 946 137 753 687 963 83 102 72 765 389 342 729 734 142 350 135 712 924 969 92 681 449 200 116 581 840 248 501 368 731 233 313 867 985 1000 830 419 453 253 535 841 594 
263 926 735 964 60 798 887 29 241 919 477 441 387 409 280 986 909 999 716 493 664 583 829 15 764 247 467 16 134 659 961 748 584 47 712 643 845 950 23 85 221 851 877 607 260 508 592 520 507 308 
13 170 242 193 184 5 792 2 372 925 660 684 672 595 730 735 237 574 685 260 11 257 462 887 863 721 395 806 241 253 465 605 774 706 797 957 62 940 310 785 864 321 468 888 915 198 622 151 123 658 
7620 1330 9140 2240 3720 1280 2960 1180 2860 8880 3700 7500 4920 1430 8080 6410 4510 2210 5800 1120 60 7960 4320 8250 6830 3460 3740 3040 8480 4970 9620 9620 9810 2270 5370 7040 7070 8320 8210 9920 7200 1900 7410 5630 6840 9000 2030 4860 1210 1350 
131340
