30 1 7
98 534 167 86 268 947 735 37 373 775 413 532 294 817 401 612 874 333 285 168 875 329 953 274 763 542 740 110 804 818 
229 253 352 747 691 619 694 425 656 418 552 420 950 845 236 702 808 461 386 444 628 260 124 933 534 887 474 625 348 278 
442 928 882 145 675 572 116 720 349 123 489 900 542 790 96 777 491 903 237 876 346 216 488 469 148 373 707 622 997 54 
251 790 334 132 935 360 56 50 431 404 172 919 655 65 709 750 841 551 652 429 779 349 996 266 169 144 638 228 117 986 
633 367 775 966 850 61 325 257 462 755 660 633 674 314 49 734 63 241 636 66 669 414 766 665 31 935 160 20 162 276 
5 794 994 132 112 843 544 436 452 6 191 111 990 216 777 39 301 191 279 936 257 300 702 22 964 732 308 475 104 821 
750 460 615 95 943 726 289 487 513 740 492 55 851 481 270 979 519 922 521 798 858 777 97 911 151 412 994 810 238 97 
6310 3390 5570 5970 4330 4990 6740 7210 3370 1860 4610 8280 5930 6630 3090 8620 9930 1790 1360 5130 3280 3450 6420 7760 2550 1440 5390 2480 9530 7760 
77580
