70 1 7
529 407 241 113 100 734 173 404 832 981 984 251 121 589 742 612 30 69 520 720 817 620 596 204 793 881 658 141 425 245 237 306 3 829 418 103 915 942 858 746 922 193 348 394 781 442 5 811 510 876 882 326 848 830 529 640 710 538 132 487 135 720 792 137 901 561 591 815 502 449 
560 775 641 260 520 422 701 524 584 210 399 817 888 246 646 416 886 708 306 369 546 440 89 689 928 989 249 519 803 102 319 714 228 959 325 747 732 25 622 667 587 20 484 474 618 481 241 855 540 546 223 85 337 663 773 265 651 373 135 805 826 453 871 405 763 195 503 847 572 124 
513 158 496 348 631 113 181 223 319 720 769 893 157 105 556 281 721 206 6 855 363 831 659 233 588 774 779 90 620 350 214 484 859 709 184 841 173 364 64 491 435 184 383 591 640 938 224 361 496 229 567 210 59 578 442 646 351 572 736 322 274 301 805 132 9 988 325 533 703 740 
23 138 923 757 80 562 47 303 274 894 531 193 103 942 770 896 587 472 467 674 793 740 974 597 224 334 937 900 866 639 639 240 128 561 349 208 474 395 510 748 288 41 940 742 982 61 637 920 532 455 946 676 195 919 624 770 605 560 669 822 551 307 62 678 219 410 885 692 156 747 
439 795 139 730 536 120 142 524 391 673 978 336 700 524 607 324 293 563 235 961 384 785 619 445 815 837 206 699 529 361 797 319 507 935 401 42 406 542 917 797 567 895 484 266 418 442 589 711 4 176 23 740 312 994 184 126 182 742 177 710 454 973 381 961 908 781 354 665 322 271 
813 888 165 297 506 934 90 94 996 94 621 371 185 933 364 368 58 545 461 234 607 915 559 987 227 818 119 932 482 440 202 295 680 718 943 185 4 32 630 999 477 251 369 661 183 84 381 592 981 193 178 587 459 736 925 685 553 395 617 386 834 170 32 865 240 974 49 243 358 679 
241 186 281 962 199 815 45 931 406 377 123 935 315 582 670 591 618 574 985 586 312 171 756 343 35 347 669 84 589 378 114 181 563 394 142 113 560 539 43 317 267 166 252 582 99 273 172 68 847 509 654 510 679 761 852 713 107 872 148 47 249 613 227 164 358 721 276 917 611 319 
2340 8770 8360 4850 4580 2860 1090 9820 3530 3070 4900 60 8160 1680 1180 200 2320 2240 8910 7320 2700 1400 3440 8490 6550 7020 5690 9300 9700 1790 6000 2030 550 4350 390 8650 720 1480 8460 4250 4540 6870 7820 6220 2060 9000 6410 7890 1230 8830 5200 7450 3740 8640 5930 280 9170 5130 9580 8860 6910 5570 4410 970 3440 4790 9610 4150 9780 1580 
177630
