60 1 7
798 661 517 483 856 717 852 675 919 338 297 486 91 364 285 995 157 700 306 92 907 383 662 258 817 163 632 410 924 681 522 721 341 38 203 548 106 54 222 24 391 870 862 833 233 498 827 741 198 484 833 104 218 846 362 35 9 345 796 932 
25 669 4 366 58 206 265 163 611 487 539 1 356 400 185 941 897 11 681 446 847 865 550 416 711 263 450 71 607 597 354 984 265 357 701 322 914 965 837 524 803 375 876 159 774 60 451 22 422 483 468 268 700 369 684 762 983 485 832 941 
82 537 924 698 245 624 20 158 941 856 33 743 582 908 253 707 967 703 728 740 538 547 360 237 267 395 998 601 879 181 542 312 69 817 10 313 793 29 822 733 236 854 475 817 761 728 523 79 782 602 170 671 501 529 907 119 923 256 720 154 
788 613 465 856 781 474 168 573 854 341 657 441 194 132 609 306 211 483 736 992 437 906 663 937 434 921 55 357 529 126 510 316 738 326 524 871 800 43 443 5 384 452 798 577 935 406 235 145 889 970 488 677 875 502 613 309 775 19 17 655 
145 526 322 234 851 845 456 2 240 251 359 623 702 156 551 636 561 785 132 801 107 971 477 981 473 441 641 599 812 657 253 956 534 574 541 737 771 997 738 10 247 96 632 300 603 534 935 516 671 418 316 777 388 145 757 860 585 750 810 396 
406 62 703 940 988 596 676 758 944 765 119 542 213 102 841 815 635 127 682 305 544 998 433 931 494 542 143 78 291 952 826 48 366 880 987 353 827 14 462 770 131 580 663 695 681 855 861 667 333 543 324 228 540 756 511 33 649 653 462 939 
956 639 987 673 871 325 25 697 691 838 819 821 769 481 515 801 688 727 468 20 269 143 248 160 898 758 544 899 762 358 837 69 996 175 742 866 852 118 915 542 956 733 714 76 565 580 877 604 306 344 624 575 486 223 86 735 332 630 985 93 
9870 8220 5130 3340 3480 2540 5520 1990 3720 4660 7400 6790 5500 8050 7540 4660 3840 6300 700 6900 3250 450 6160 1620 2670 7010 2490 5980 3300 2330 420 6680 4060 5540 20 7540 1600 9050 3040 5310 3700 3960 5610 2710 2000 3140 7360 5840 2960 8050 6250 9720 8490 5920 4860 4670 2920 7340 4160 9740 
147030
