40 1 7
835 218 110 617 448 529 8 194 310 824 937 225 750 669 468 583 130 75 588 83 717 513 553 330 894 229 436 631 101 487 397 935 56 507 903 503 387 910 48 697 
733 336 273 483 356 741 417 486 167 4 920 883 869 472 564 762 700 999 392 152 837 140 86 892 998 989 746 385 250 145 433 983 480 705 817 836 445 233 673 964 
589 592 846 457 63 762 218 114 760 961 266 597 100 703 840 98 691 586 482 293 82 914 275 914 618 443 101 415 27 773 730 615 364 575 423 778 336 992 891 448 
952 508 396 52 211 235 501 253 172 982 545 254 247 171 167 216 965 619 982 992 391 711 958 754 638 381 531 325 724 773 772 676 281 519 79 843 754 579 447 277 
912 992 882 158 514 400 725 479 18 707 822 408 769 779 513 406 511 43 83 235 168 206 910 800 725 340 994 830 918 440 106 829 783 988 338 297 739 414 127 757 
120 948 164 241 726 677 998 589 71 80 823 590 286 84 389 362 423 382 191 340 174 648 520 956 635 209 604 374 622 730 482 94 29 645 334 107 673 331 695 96 
411 517 685 48 952 426 409 374 159 951 65 332 598 936 288 585 144 243 310 117 973 791 210 1 435 543 107 460 226 153 555 636 669 591 35 620 16 443 345 175 
7450 4090 8580 3420 3440 4970 9260 8390 7400 2350 9560 7120 250 1650 640 8120 600 5230 2710 2850 6750 1770 2720 6960 7670 3060 6670 7830 1000 120 3090 8440 7720 1660 1850 4680 6630 4630 3060 4020 
94200
