60 1 7
391 68 800 891 975 571 379 913 348 93 88 668 382 169 157 21 497 310 668 469 287 532 285 11 975 163 827 620 858 684 495 600 104 646 490 78 217 220 342 564 665 429 583 46 597 739 66 446 400 86 914 686 617 551 696 591 713 874 562 922 
558 409 521 661 54 363 90 270 582 431 186 246 860 768 292 808 859 709 253 258 794 519 944 410 69 991 353 133 865 266 406 774 674 926 434 80 288 875 701 870 305 886 467 516 654 110 324 864 819 928 121 612 446 64 374 866 407 726 350 271 
343 755 44 17 681 829 448 320 703 148 541 359 34 8 875 39 469 550 902 287 477 374 899 923 790 624 140 196 349 490 466 691 244 861 59 276 41 858 948 743 6 488 101 391 847 327 781 316 876 34 954 705 407 852 627 196 827 766 391 175 
255 208 218 851 420 628 478 460 486 425 202 491 913 655 233 111 333 13 426 209 46 380 265 804 583 891 352 410 8 742 936 615 302 505 817 721 133 294 181 618 719 734 460 631 740 44 741 73 56 519 633 453 250 897 256 832 139 959 593 498 
701 881 112 354 385 280 426 869 574 606 838 292 692 297 274 783 340 14 855 747 884 839 551 133 87 159 317 225 117 261 723 169 141 186 522 878 466 948 746 39 905 584 682 948 232 955 731 572 320 937 670 204 776 221 688 862 379 4 439 495 
265 513 664 405 698 537 282 515 484 380 905 741 963 586 688 194 892 770 117 212 707 787 767 482 359 454 695 89 810 133 583 74 645 598 830 695 135 464 561 970 843 466 62 157 403 102 350 647 871 467 858 577 605 976 410 315 781 105 403 590 
589 337 663 586 935 845 280 421 660 840 742 502 657 156 658 412 257 359 58 127 177 267 704 133 242 113 447 22 569 201 964 158 538 626 743 824 822 374 596 481 565 337 334 222 492 991 985 748 702 42 227 878 660 930 363 253 394 161 626 963 
3620 5890 4720 8990 5670 2140 7220 3880 5870 3170 8690 1510 50 2020 7240 8490 5450 600 9480 5980 1010 1740 8270 1120 4550 1890 3640 2010 3500 3420 5150 630 9300 9860 9610 8480 5510 340 2360 4890 7020 4560 9910 580 90 7150 9060 9050 7740 8540 8540 2270 3790 6810 6900 1860 2210 540 3860 9220 
148830
