80 1 7
930 232 365 667 698 780 479 664 567 865 439 633 406 245 894 72 95 920 731 913 815 733 988 381 409 907 195 1 744 273 352 26 504 716 692 201 847 170 864 414 34 302 398 440 898 291 863 992 563 945 256 729 677 596 110 438 502 304 790 598 576 141 623 79 209 314 631 55 484 494 820 869 147 218 660 44 860 523 387 774 
467 643 503 496 238 612 933 739 267 74 336 195 215 958 625 775 624 256 181 459 101 1 327 600 570 339 643 781 213 382 555 31 24 57 878 613 20 162 703 286 236 39 832 450 348 457 576 971 64 756 781 164 108 460 763 677 798 758 458 10 491 364 392 514 420 270 478 791 431 180 428 666 570 260 467 918 68 42 240 131 
150 373 646 257 832 761 286 981 870 95 990 360 458 733 225 229 2 54 19 433 233 446 450 803 57 917 72 124 310 663 606 459 35 252 68 866 364 353 846 233 799 187 944 256 920 520 836 273 573 854 705 805 651 507 959 708 423 30 183 732 45 789 543 79 40 610 297 403 314 494 987 112 33 282 367 304 801 554 576 373 
759 633 529 409 139 488 468 561 869 651 644 913 439 186 344 830 147 640 584 460 485 922 571 517 203 289 820 3 194 396 727 952 28 255 713 166 742 180 78 611 182 73 875 620 611 218 801 757 209 384 569 694 657 491 210 859 780 30 213 325 425 939 277 804 194 989 321 935 520 398 897 702 822 772 673 432 341 474 189 550 
209 757 243 866 599 452 76 730 833 289 55 257 227 331 412 420 671 732 707 190 481 603 891 303 726 564 734 67 389 274 616 597 382 210 814 981 13 242 710 846 530 764 454 108 446 866 528 116 949 586 306 430 540 196 84 266 111 817 684 499 443 651 448 824 212 613 156 224 854 866 69 735 981 523 843 427 388 722 894 336 
307 199 117 846 747 200 463 209 369 498 60 163 500 507 338 711 471 494 935 677 711 3 411 43 525 253 821 264 974 715 952 632 265 420 478 11 972 292 572 340 142 631 502 641 489 191 352 959 684 286 987 394 640 398 789 517 2 609 780 328 323 83 959 588 503 436 950 474 80 873 165 221 503 18 861 991 208 564 302 244 
849 288 989 489 37 777 357 39 386 136 718 708 571 676 647 425 464 949 250 543 821 414 115 324 783 327 666 990 891 319 585 91 959 574 931 995 350 287 385 735 423 102 795 345 778 441 769 593 741 18 135 914 783 601 237 565 927 254 906 817 573 491 260 531 64 190 877 765 477 614 500 251 715 294 595 844 86 715 436 179 
7320 9220 920 5140 5220 6800 4300 8010 9330 3350 9690 8570 1770 2280 7390 2400 4180 6160 50 8940 5810 8560 4960 2950 5010 900 4910 9380 8040 2780 1160 8870 2000 2070 7520 730 8860 1810 8730 1710 5150 8420 3790 440 690 1180 2830 4860 850 6390 7310 6650 8460 2260 3110 3460 6670 1530 2840 8220 4310 3990 7080 6300 9580 4590 540 1950 6390 9270 7170 5060 1200 960 5490 1880 5650 1830 260 10 
188210
