80 1 7
190 588 453 884 32 397 464 43 255 239 720 267 154 765 906 577 807 721 135 472 736 348 78 677 882 977 304 757 314 564 654 503 152 106 739 183 502 202 577 108 792 297 375 945 61 280 522 219 1000 8 690 87 356 119 763 237 95 67 345 408 630 998 263 133 455 1 667 308 554 244 416 698 540 142 642 952 421 515 170 772 
523 211 859 230 329 973 818 423 39 163 182 21 512 444 153 967 796 820 274 702 415 41 399 306 182 392 257 954 259 778 78 133 988 288 362 316 260 531 90 651 45 623 671 557 419 175 875 214 346 500 267 760 541 17 65 74 761 673 380 19 802 457 151 789 96 864 456 355 746 897 5 791 520 27 699 938 202 573 503 547 
424 122 659 316 138 75 390 898 748 769 268 549 577 770 690 672 985 145 378 731 42 735 521 913 761 571 850 314 143 704 213 918 825 871 234 315 297 975 212 396 743 832 945 671 601 986 694 586 482 71 668 875 157 188 787 918 110 988 583 252 692 795 521 868 17 754 182 666 728 746 61 822 577 357 492 529 342 537 466 824 
608 133 698 764 672 837 33 133 824 968 384 867 114 257 735 131 10 268 796 90 13 208 911 941 565 755 822 906 291 639 81 250 124 131 366 795 967 398 928 142 717 663 9 831 271 95 313 281 362 460 370 727 667 632 19 231 738 840 489 29 479 569 630 602 51 995 748 17 745 27 511 461 42 519 291 312 965 603 944 678 
62 665 404 729 297 423 311 34 262 799 414 92 720 396 693 770 390 441 139 486 819 649 947 860 519 589 524 483 192 467 160 605 132 916 685 780 338 996 165 951 794 579 395 513 326 87 635 67 879 773 553 50 421 851 909 291 439 432 773 982 251 284 939 382 199 623 161 888 618 325 191 764 255 585 628 580 23 262 999 254 
386 551 303 158 401 563 448 191 995 220 525 245 856 463 978 54 85 138 294 55 814 836 170 421 420 797 352 794 411 350 47 148 900 349 306 652 912 753 195 258 325 719 854 180 181 831 585 617 320 878 23 485 65 192 905 484 341 257 278 751 958 676 250 210 25 555 213 288 308 407 545 632 477 750 811 9 580 747 978 251 
625 1000 87 689 192 992 525 884 600 154 986 557 829 235 118 205 790 331 844 97 737 388 80 566 489 890 574 420 988 551 670 964 551 757 653 94 100 529 977 51 34 962 607 214 196 725 771 985 407 614 433 495 354 512 60 842 753 634 262 741 536 931 704 438 39 708 531 490 588 859 540 621 172 499 187 720 575 957 56 981 
5700 4890 4750 9230 3520 5350 7650 1050 5200 260 1970 550 3080 2520 4930 6990 9600 3750 1880 8990 5860 800 8720 7570 5780 580 4760 1520 140 5320 1320 9350 3720 6060 8580 7230 4920 9740 1790 110 3510 7270 4180 100 9790 2620 7080 2900 6360 2480 1880 5730 3270 4110 3300 9040 4680 1570 4070 8330 6880 5380 7680 590 1430 9770 1340 9870 9500 3120 9970 6520 390 4140 6610 170 6750 7210 6580 6630 
194260
