30 1 7
576 317 290 655 82 921 920 810 884 496 662 997 856 550 278 280 956 150 371 296 360 928 182 684 346 390 695 117 661 329 
675 588 645 964 594 78 236 865 888 120 713 549 468 568 450 745 199 405 894 570 701 606 497 234 289 194 623 983 662 636 
311 336 575 307 651 169 384 887 385 271 358 97 171 825 17 620 921 215 377 166 784 429 771 632 662 411 177 636 393 839 
271 55 526 198 361 529 366 97 767 750 367 124 199 890 300 215 861 220 781 237 385 917 17 508 548 678 918 77 666 663 
915 936 717 792 133 430 320 850 526 438 952 244 561 502 133 860 68 346 431 848 582 816 764 599 323 664 628 240 740 293 
902 6 581 971 149 65 400 821 267 277 258 218 520 819 71 5 30 138 350 461 985 283 628 101 233 950 764 213 541 855 
505 443 212 437 413 712 854 164 532 120 440 790 689 311 960 759 315 341 896 16 153 232 299 780 332 883 729 447 95 270 
3010 9520 640 8640 3880 8280 5760 2410 9910 1070 7120 7820 2480 4000 920 5590 1580 7590 9000 4050 7740 520 6370 4240 8320 9680 3070 9120 4150 7530 
82000
