40 1 7
967 870 266 916 442 327 757 798 331 320 995 59 312 494 664 609 5 410 267 688 165 276 591 453 219 999 39 98 180 619 17 146 840 283 413 281 609 521 79 291 
192 425 349 504 919 13 464 923 774 731 962 938 358 552 742 576 903 780 26 434 750 42 931 589 324 343 870 284 863 300 575 55 724 923 910 994 935 373 917 60 
455 230 998 812 134 739 740 36 871 765 469 620 158 751 209 834 93 430 117 307 81 691 713 804 614 622 150 900 347 418 960 153 647 309 965 780 399 704 167 269 
820 987 241 977 737 801 810 829 230 927 488 310 969 200 465 934 174 966 834 872 383 145 24 30 453 988 161 851 43 328 472 862 314 64 191 51 864 352 231 93 
630 718 754 599 270 570 532 443 536 717 314 918 861 689 299 665 29 460 868 71 787 691 285 452 754 827 502 617 178 85 61 808 802 166 758 71 735 289 865 622 
358 530 892 570 219 542 235 247 1 454 669 139 144 953 591 897 131 444 513 309 528 925 468 682 90 225 104 176 865 969 150 222 850 41 792 420 582 378 666 935 
831 687 73 974 991 15 222 122 459 86 782 338 10 249 19 451 825 475 626 41 443 775 615 644 167 406 64 101 135 81 35 317 767 459 642 758 474 863 231 284 
9480 120 9730 3090 6120 9920 7590 4360 4660 3840 4760 2600 5110 900 2550 6770 8470 3180 1290 3330 3990 1630 6490 5170 9740 2900 6260 4470 1520 8560 820 4510 2190 540 7590 8300 3970 8690 2650 2140 
95000
