30 1 7
62 889 942 680 579 555 916 585 773 646 506 887 182 879 183 522 190 225 235 25 489 27 574 850 816 360 305 642 874 411 
498 288 651 439 967 229 345 234 814 469 231 319 356 764 549 538 285 90 762 871 114 603 897 687 452 65 398 109 58 272 
871 555 559 522 345 877 102 42 462 267 510 45 937 217 808 485 106 93 574 868 315 688 822 564 726 625 628 476 733 37 
747 956 592 657 829 288 885 930 681 346 549 191 390 485 407 198 970 865 642 895 732 956 934 905 519 660 529 498 135 262 
887 233 569 478 889 397 117 125 678 798 470 226 340 860 711 98 409 32 962 402 926 45 357 860 949 228 871 478 77 5 
91 963 589 659 792 829 407 261 953 84 58 422 662 397 633 372 494 393 403 808 794 328 852 503 539 801 82 409 278 158 
765 720 473 353 378 616 181 136 876 485 219 933 907 232 681 891 603 527 284 357 334 429 37 185 931 575 985 12 984 614 
5220 7480 6850 9940 4530 620 9610 9850 5490 8370 4700 1200 1210 3760 3510 8020 6180 3060 6800 2530 6620 130 6820 6980 5490 9640 6250 8860 9760 9600 
89540
