50 1 7
35 484 988 278 250 157 863 882 151 763 322 507 910 732 194 172 512 84 561 405 526 5 875 796 242 715 413 90 871 103 487 257 938 474 534 187 983 397 420 133 511 742 991 420 825 184 592 336 619 152 
92 144 156 967 292 749 33 56 838 903 158 325 512 96 150 45 634 132 793 54 265 304 147 255 723 971 791 666 658 409 817 101 905 324 67 196 73 451 251 262 706 409 586 217 856 736 613 489 867 406 
542 483 61 40 90 135 362 880 801 19 640 969 120 544 645 538 91 69 341 342 330 46 102 916 614 957 3 226 797 221 983 691 56 43 730 145 530 92 24 330 462 663 298 933 559 942 471 649 362 163 
342 692 208 795 959 821 103 961 398 900 533 381 590 588 775 671 732 304 762 107 633 224 770 283 508 680 576 978 328 938 140 22 981 699 816 939 871 919 899 269 170 783 1 759 371 775 429 454 431 543 
561 415 118 330 49 625 361 625 955 688 914 446 709 894 145 877 832 15 795 82 635 964 864 635 74 586 762 854 40 192 748 600 958 865 281 7 842 641 631 796 680 896 241 741 141 737 617 972 104 763 
405 90 78 620 725 151 206 838 356 245 381 104 196 338 320 476 696 161 116 678 308 147 573 549 887 713 637 503 36 740 617 440 830 694 412 906 196 617 95 552 213 475 7 408 164 678 235 860 839 702 
537 146 848 462 46 735 174 683 589 562 774 206 353 603 251 764 860 447 732 954 350 944 780 356 703 296 33 937 155 223 638 43 721 486 504 766 572 30 800 160 943 574 717 295 176 320 411 388 766 142 
3410 1150 860 4730 8220 7880 7680 2060 770 2740 7810 7140 3160 5010 5510 1720 2660 1220 5530 4180 6340 4950 9910 7020 1410 5180 210 5510 9050 1380 6930 5980 6040 1300 700 4250 2690 8370 9830 3450 4620 1150 4110 7770 6150 9610 3000 2320 4350 2040 
114530
