100 1 7
51 720 847 185 396 102 458 481 336 169 939 985 118 346 338 720 946 608 262 703 868 5 127 80 322 206 983 775 177 795 107 227 515 953 764 262 406 573 742 741 741 33 725 211 378 62 930 676 22 543 730 241 548 856 672 869 61 654 643 590 449 749 816 315 53 931 576 458 856 317 198 596 349 922 158 79 336 88 106 709 982 835 949 529 43 621 749 455 626 744 44 74 844 860 740 897 142 315 354 997 
984 552 945 684 825 102 114 160 541 219 220 523 54 169 403 448 141 152 902 766 895 946 192 738 157 931 634 298 598 340 295 933 891 591 616 715 692 730 227 233 300 446 755 353 966 157 152 106 660 54 224 906 999 415 996 507 697 629 804 294 320 450 226 210 392 194 277 84 275 503 668 574 300 422 279 266 930 430 723 942 483 946 847 833 360 842 691 57 823 847 702 142 648 280 704 40 473 980 123 747 
834 790 672 133 563 950 750 844 380 473 785 214 770 984 399 482 177 89 890 999 935 591 493 583 870 196 974 694 175 96 792 8 237 464 492 151 413 242 346 144 66 483 358 835 466 108 316 642 196 205 993 483 148 485 417 17 680 390 63 206 837 206 565 425 669 56 927 434 649 272 929 714 754 638 549 219 745 216 213 293 421 205 127 568 41 543 936 72 284 350 277 472 556 193 248 576 600 174 361 249 
445 290 962 199 927 862 769 672 78 333 316 850 537 442 417 929 336 704 1000 971 54 628 794 961 820 41 536 420 214 249 20 10 538 333 560 464 195 681 487 624 13 154 473 902 595 241 830 930 296 182 252 701 809 45 661 981 85 549 752 650 797 771 12 334 103 571 149 649 603 988 272 616 141 96 869 736 688 50 17 984 231 621 684 40 665 697 20 102 245 771 751 41 893 114 374 995 685 874 996 639 
861 619 254 2 715 474 89 754 524 457 89 754 77 125 145 94 821 516 195 65 638 297 105 530 763 830 877 447 703 872 437 916 490 691 269 556 164 709 310 39 165 398 793 594 522 289 39 694 805 585 758 442 233 214 972 995 43 848 793 98 71 230 13 560 272 633 116 787 341 777 826 857 174 970 450 48 258 840 741 62 424 851 504 657 64 827 651 459 26 444 556 96 25 920 7 296 904 122 82 244 
898 907 100 424 876 902 823 134 741 915 547 517 765 50 525 181 228 175 639 253 970 546 700 346 817 707 641 720 180 723 963 430 981 414 205 857 315 27 342 408 293 888 924 58 290 448 590 517 974 228 122 296 125 173 641 941 231 634 660 411 356 622 192 336 35 396 544 702 774 885 461 66 773 384 475 414 183 64 282 508 643 403 155 767 928 148 707 158 781 366 568 488 339 759 823 726 506 367 427 279 
603 239 345 727 622 819 140 156 235 422 15 877 176 522 996 103 669 702 261 449 420 180 936 758 291 110 835 796 828 613 75 431 851 771 509 824 941 649 979 175 422 346 404 597 867 399 700 887 452 312 335 871 491 622 629 133 731 463 929 911 76 3 341 278 125 201 102 65 849 432 240 270 777 995 219 995 745 270 881 196 581 567 67 423 188 47 556 271 861 484 181 288 838 873 566 314 73 667 378 274 
980 9690 8950 2270 9630 1130 2210 7070 3820 4540 2550 3140 200 3210 7370 5600 3670 6440 8300 2270 4790 3620 5150 6680 5860 800 9810 100 980 7100 2830 1950 6790 1780 4210 9930 6420 9940 520 3760 4470 3060 6890 8180 6260 7770 3770 3440 7720 5580 5700 2500 9190 4360 2690 8560 8670 6010 8660 9640 3110 1480 1590 9890 6770 9310 9810 6710 9240 3840 460 7220 6890 860 5400 6660 2150 9160 90 9860 4740 9310 5880 7440 3660 2080 6000 5850 8090 4650 5480 1190 9640 580 1070 9930 9890 4390 150 2640 
261170
