100 1 7
492 203 729 260 599 575 127 763 696 771 725 308 983 846 311 311 524 956 702 82 881 546 985 301 120 9 971 746 373 530 447 864 732 527 124 683 102 602 797 797 373 521 456 707 366 118 17 889 73 70 971 305 616 307 606 735 315 928 832 40 458 278 903 541 157 378 223 258 980 19 406 704 891 213 410 256 331 778 497 403 847 819 60 462 125 665 549 792 592 732 831 401 362 85 942 518 463 516 127 794 
887 884 497 777 96 258 33 778 35 881 533 881 699 592 695 175 256 595 966 199 326 148 600 687 233 893 204 47 408 330 840 294 213 688 71 661 297 455 438 331 335 970 563 385 913 257 559 168 851 877 719 529 24 318 215 608 210 771 6 617 452 197 263 17 884 685 677 180 139 466 862 825 788 425 209 700 681 767 220 884 643 938 412 19 255 978 978 816 748 984 784 552 180 46 568 64 730 596 595 220 
61 457 44 200 233 604 252 265 723 471 148 717 408 911 735 14 889 713 181 988 696 964 539 227 10 106 642 91 701 237 311 114 45 706 665 277 662 916 893 384 386 41 100 145 303 187 158 191 899 690 531 946 654 69 172 15 527 814 105 579 402 767 44 798 473 709 426 134 624 318 869 362 710 968 506 13 154 16 555 404 705 85 701 710 506 225 724 32 38 829 962 791 947 6 940 771 66 365 904 41 
682 124 754 392 92 612 756 597 627 310 353 683 395 53 745 252 277 468 283 666 648 596 456 595 953 395 365 18 111 621 411 145 744 164 536 187 775 291 784 753 952 136 436 346 188 532 597 817 999 231 482 999 179 290 593 131 36 309 149 147 929 559 291 25 74 178 211 849 820 346 601 771 833 388 469 373 919 417 189 918 648 670 916 178 311 860 308 347 168 808 845 449 718 135 473 792 664 35 640 483 
381 240 605 213 628 73 585 546 490 125 815 489 795 82 666 457 941 973 803 461 133 647 909 850 133 733 641 148 767 632 630 499 872 235 64 851 659 1000 396 148 125 211 636 271 644 653 727 585 978 882 45 110 880 305 959 13 37 952 160 155 583 142 6 806 728 421 656 386 420 404 534 896 966 521 518 609 526 245 193 503 478 589 612 357 893 922 369 281 225 881 788 160 374 793 965 101 213 973 486 984 
376 371 880 341 244 397 949 769 993 494 623 470 434 234 827 327 507 547 959 84 779 746 243 152 538 559 252 102 883 90 86 258 460 317 950 55 65 251 823 58 96 445 879 529 30 705 207 889 604 166 972 382 263 566 534 153 476 137 254 359 226 691 616 686 359 918 740 424 168 915 481 615 711 711 143 741 768 350 981 371 867 304 104 129 869 637 281 344 774 887 702 351 929 670 36 288 939 128 711 458 
394 543 72 104 253 214 196 20 915 528 742 781 831 846 262 699 834 894 395 959 780 448 310 61 469 697 348 407 176 58 864 569 952 935 25 204 501 572 576 415 100 317 548 930 514 809 981 700 54 375 658 186 822 319 246 643 16 593 49 191 2 265 112 953 551 136 156 51 707 83 818 806 752 717 88 265 877 68 964 930 442 974 115 615 292 360 257 659 304 658 202 305 274 313 257 824 800 765 227 506 
1990 440 6640 9500 1120 7510 2150 9880 8180 5300 9170 6110 8550 320 5770 4990 7430 8340 1570 470 8430 7100 7030 1160 220 3120 9390 8210 4280 5170 6790 6260 9120 6940 5760 230 7960 1420 100 9650 230 9270 5750 8780 3100 1510 7280 520 3360 8840 4500 1780 5940 1530 6450 9670 8160 5840 1400 2430 4520 1700 2200 3640 8630 7950 3860 6580 2880 3960 6220 6630 6740 5480 8920 9830 500 6190 340 7380 8540 8360 2670 7990 3400 9120 7660 1550 8470 2570 3970 2980 4260 6160 6610 2880 7630 3990 2970 4020 
260030
