100 1 7
488 652 550 86 477 94 967 442 108 817 628 986 322 793 405 960 950 6 460 975 664 591 463 338 758 107 117 965 42 829 103 881 832 652 966 308 745 932 750 204 101 729 190 422 873 594 733 174 599 192 149 615 135 611 952 892 69 68 856 110 248 958 991 80 961 956 739 57 240 488 261 692 568 802 113 441 395 846 614 346 389 114 312 523 77 263 767 145 682 622 255 929 932 597 360 892 904 99 949 143 
938 561 186 506 362 299 298 108 496 911 805 236 377 116 111 453 378 877 949 411 498 203 692 781 151 51 673 55 501 973 197 439 885 735 296 246 33 593 705 880 855 510 115 231 977 225 35 707 453 984 117 951 538 808 731 689 211 755 743 711 79 291 501 963 25 148 560 409 740 617 640 947 478 755 529 454 331 564 160 136 899 277 86 788 436 168 828 646 275 922 709 705 565 209 668 589 709 579 350 448 
547 989 746 24 95 275 478 778 190 637 913 440 265 350 227 701 869 407 346 143 328 54 200 892 615 219 833 323 797 182 122 344 522 868 719 969 494 196 746 35 185 10 474 449 359 52 149 579 458 847 74 786 900 273 29 866 491 861 540 639 394 662 334 268 881 53 236 726 248 333 760 784 342 585 233 52 988 733 982 446 579 55 583 831 327 611 696 817 824 236 456 217 249 789 484 129 193 71 854 441 
403 965 224 96 549 808 499 536 541 481 333 119 535 267 949 862 230 997 30 53 232 837 269 480 978 105 960 170 175 165 962 930 129 538 25 29 345 524 564 885 4 249 356 890 515 656 751 744 652 133 148 883 969 769 714 298 873 673 468 399 837 429 328 317 966 353 345 663 228 261 547 583 509 254 472 375 910 575 471 561 707 618 796 27 386 509 325 610 534 144 9 370 572 688 39 890 40 383 552 619 
643 450 201 503 704 25 878 965 599 348 877 657 317 672 35 703 533 359 312 66 502 672 787 426 360 825 315 751 208 866 370 202 315 922 705 370 946 934 334 896 633 563 552 949 234 587 3 766 297 315 831 151 338 970 576 697 794 890 448 353 107 169 907 773 442 611 143 740 896 828 635 528 390 539 476 976 477 479 741 773 145 924 923 482 245 850 531 390 739 330 95 197 850 1 970 291 963 464 30 858 
643 17 385 385 555 212 360 31 42 452 155 538 727 430 372 971 279 902 713 370 231 807 566 80 807 535 722 769 350 752 978 993 120 714 377 674 925 88 56 319 539 562 856 618 991 227 588 270 128 300 991 710 458 556 141 264 443 215 384 792 318 361 784 437 74 512 462 351 599 517 669 490 78 524 107 421 103 46 690 582 698 680 644 155 587 136 771 29 350 154 173 667 867 308 103 292 820 564 642 770 
432 310 611 862 186 69 282 640 467 323 221 516 354 864 22 940 1000 792 321 349 298 493 368 164 800 470 807 971 386 449 741 169 110 703 30 647 772 663 286 590 985 507 105 338 722 126 630 721 270 950 422 567 442 789 82 593 610 888 564 347 688 656 516 798 358 897 444 481 560 82 70 896 588 526 586 309 652 215 382 273 516 803 839 957 943 272 901 552 511 464 251 199 119 766 348 829 14 143 309 925 
2240 7310 8210 1630 6080 7580 8240 6110 3240 2050 8830 8390 3590 7210 1470 3010 3440 470 2040 8550 5110 4540 530 9810 5710 7520 8090 5850 8940 4700 8610 1180 5520 330 2800 1590 7900 1030 1220 1130 6590 40 3030 170 770 4490 6690 4200 4960 8730 2740 3580 6780 6780 3380 2490 7810 4990 1850 6750 3200 450 7920 2230 4300 4230 7330 2190 8780 8540 6840 8880 8580 9860 2570 9340 7870 9250 3530 2820 1490 9790 9910 1790 80 6800 7790 7890 1780 9630 8150 8490 3590 9580 710 7880 3800 8040 3590 6090 
257100
