100 1 7
50 125 57 869 161 565 580 971 255 70 865 302 660 180 294 812 707 288 650 733 481 884 336 601 222 469 574 105 473 899 142 874 376 550 742 536 115 673 858 721 743 74 23 402 253 668 565 312 307 214 396 140 97 731 92 670 551 665 775 375 563 916 248 290 465 341 177 931 13 386 652 755 459 26 508 64 45 73 727 703 286 474 842 383 556 933 404 106 597 178 480 512 445 79 153 910 771 330 192 783 
715 195 890 526 572 397 589 616 821 667 319 107 140 512 841 695 445 244 800 393 422 631 256 218 61 409 479 831 90 671 965 804 865 206 681 437 955 269 404 775 287 74 881 426 586 721 120 382 317 271 774 90 253 382 307 665 790 786 495 231 456 812 386 672 17 67 108 323 687 512 98 974 937 330 399 522 51 871 903 719 493 29 808 746 410 114 410 551 899 257 781 706 420 518 378 436 584 837 111 623 
700 208 596 637 537 346 158 939 568 413 657 61 441 464 158 202 930 919 752 180 175 884 886 594 401 615 382 337 451 492 959 151 51 906 787 939 251 296 878 819 708 886 231 148 702 388 701 983 306 804 162 833 687 399 778 440 13 511 128 464 354 86 614 404 343 752 343 593 47 572 763 755 809 993 254 862 380 955 844 38 758 6 222 797 404 999 588 769 510 715 232 863 152 197 619 494 948 313 438 994 
236 201 100 44 193 354 906 925 660 101 314 769 458 535 917 214 533 504 982 394 570 213 609 721 409 227 566 708 891 4 701 126 556 153 169 748 506 426 24 517 527 337 637 336 871 554 549 756 57 530 149 627 94 109 699 854 687 265 561 577 620 614 702 175 766 223 274 623 1000 650 139 878 986 775 214 209 328 762 964 737 644 464 715 737 573 413 943 259 29 503 836 1000 116 889 526 233 111 800 855 111 
801 345 340 138 472 553 346 151 315 661 887 310 125 601 398 49 366 340 307 394 843 494 746 310 383 271 895 845 70 749 307 222 446 647 360 917 551 57 67 217 718 954 526 194 906 924 242 271 263 900 17 457 746 762 119 480 32 13 676 454 113 983 27 558 981 386 826 531 443 893 748 512 198 625 705 455 548 298 78 163 197 446 971 294 207 89 773 590 453 449 395 918 783 422 827 763 807 653 645 601 
897 744 112 94 369 816 900 916 465 977 430 662 422 401 307 980 841 80 570 646 528 316 563 662 737 741 424 896 745 420 848 641 164 960 86 532 127 986 799 592 314 229 605 736 981 911 715 821 990 636 466 869 304 380 530 392 473 305 639 217 725 487 858 888 446 295 771 924 280 921 515 946 149 119 681 481 30 747 302 371 735 119 592 38 851 121 781 323 778 420 539 502 906 748 741 703 43 863 626 674 
783 141 619 284 611 651 764 992 398 417 363 484 536 306 873 738 426 653 60 555 72 950 408 329 50 148 31 92 362 657 117 145 149 736 780 111 738 543 103 135 960 817 970 847 122 842 584 899 847 995 454 270 944 861 599 993 361 981 436 722 989 553 218 489 640 997 600 377 892 702 864 851 518 833 49 991 27 632 889 225 626 342 494 921 555 444 266 267 425 701 340 765 605 558 254 596 906 853 973 149 
5540 1880 9990 4230 3720 470 4130 7500 300 3010 9740 70 9950 4680 9280 9010 9110 1930 1670 6870 2450 5060 4520 2020 4150 7050 7970 6730 9090 1210 8210 4620 3080 1720 2360 6800 5700 6480 4290 6000 3000 7550 6060 6460 2220 8850 5460 4840 4290 640 5230 6740 9220 9740 8750 3360 300 230 3600 9380 1440 1810 7510 4510 3520 9860 4820 2730 6330 2630 2240 2840 170 8300 9300 5900 660 8270 4250 4950 2430 9470 5200 1640 9200 7460 8510 3010 7680 2110 2380 2630 3910 9880 7140 940 3250 5470 7180 3090 
251560
