50 1 7
186 40 292 806 481 317 405 581 28 374 528 870 241 935 239 255 420 324 723 143 603 496 6 28 495 431 295 113 518 107 776 55 499 67 212 979 735 616 912 114 989 439 983 581 374 574 835 793 897 909 
287 499 404 292 878 898 74 172 363 943 631 138 998 129 556 561 459 290 177 370 403 517 809 385 98 534 958 284 326 206 545 964 57 300 608 934 550 681 458 912 624 88 401 973 568 956 533 378 245 61 
100 999 578 908 735 27 441 693 662 118 250 558 81 306 858 688 592 407 721 49 670 344 488 70 668 407 377 200 136 973 261 235 971 190 142 705 568 934 749 581 403 999 139 484 656 996 523 599 754 243 
647 775 938 486 844 605 244 220 157 380 192 769 614 514 958 108 218 877 393 319 457 796 669 947 631 676 294 505 275 47 748 273 821 37 759 16 994 354 587 502 733 778 270 347 643 579 806 213 455 198 
531 263 993 199 210 623 874 503 128 500 902 227 773 74 615 883 90 960 236 676 461 969 806 730 667 800 660 472 12 114 669 542 729 14 92 938 988 318 792 115 817 693 693 589 767 660 471 208 619 59 
235 80 27 392 161 45 192 821 516 203 286 536 97 14 549 540 303 537 857 95 3 674 139 48 614 257 707 437 816 325 495 51 756 873 442 269 917 985 441 784 188 726 671 636 92 220 175 746 108 384 
192 462 409 331 509 22 939 567 810 755 244 656 805 999 528 598 267 796 583 59 931 122 785 602 109 228 173 283 973 632 666 165 93 74 847 954 448 785 520 257 539 763 265 695 114 144 293 732 940 227 
7910 2220 7000 9270 8230 8080 5060 3470 900 4780 9780 1080 9940 4230 5330 1920 3760 9800 9770 2470 5890 8670 3620 8530 5620 4750 3480 2060 2060 6390 7840 3480 8610 4830 2740 350 6420 7790 3820 7310 6090 3590 1900 9540 1330 7230 1460 5080 540 4740 
130380
