175 35 
7
79 40 77 100 28 47 57 5 67 60 63 67 3 39 22 8 88 2 72 23 26 23 25 1 86 46 33 23 5 66 81 2 46 8 28 83 71 27 63 39 7 10 12 67 17 77 89 33 70 4 39 1 42 34 65 93 39 95 44 47 15 31 86 88 37 77 96 97 66 82 92 20 24 4 34 75 9 32 90 65 37 23 72 16 4 88 30 84 39 17 27 8 44 82 42 39 75 66 41 100 39 50 37 60 24 62 74 27 73 83 34 22 89 88 56 30 73 82 5 1 11 89 44 96 19 13 35 2 38 78 95 10 31 76 22 55 59 31 56 20 44 50 33 68 79 87 95 27 63 64 67 46 40 17 11 95 87 94 88 73 20 36 79 87 36 98 61 10 31 76 16 80 10 82 60 
20 35 4 54 38 13 92 56 53 13 59 37 47 72 7 56 80 82 57 63 51 1 26 97 44 84 2 86 22 81 63 17 41 67 74 23 69 92 46 90 65 95 91 55 94 28 19 85 59 52 11 55 37 61 65 47 47 98 28 49 50 70 77 10 76 30 80 90 34 96 30 94 33 96 19 77 69 84 82 55 83 69 73 93 66 46 84 68 45 61 56 5 87 52 77 7 44 61 45 50 73 51 79 42 40 21 18 68 24 70 86 29 32 66 24 34 13 21 56 21 6 84 1 41 63 39 96 9 59 63 7 88 34 45 7 6 51 53 48 58 51 88 25 88 29 99 12 38 58 62 97 19 76 62 75 9 23 74 85 63 82 33 30 59 76 12 6 6 67 23 7 80 19 86 80 
34 2 64 68 55 46 39 6 67 78 39 71 75 47 58 42 39 55 27 87 3 36 26 81 6 9 69 89 30 81 5 54 89 6 74 96 34 24 62 100 53 87 40 65 65 46 89 16 33 77 68 10 62 3 35 11 89 17 48 12 53 50 97 53 42 51 67 57 52 87 20 49 2 73 59 53 22 100 8 98 78 58 80 95 97 18 55 50 72 49 76 8 94 46 77 12 51 96 98 12 69 82 21 12 23 39 91 64 91 19 16 100 40 96 4 14 43 42 51 13 57 74 96 61 75 16 59 83 18 23 96 99 65 47 20 45 49 79 21 67 47 4 79 62 52 4 41 90 97 63 54 3 13 74 52 6 48 67 28 10 68 17 67 57 2 52 55 58 94 50 47 82 81 59 10 
48 28 93 40 14 23 86 40 77 85 31 25 29 25 71 81 98 16 22 15 6 55 6 63 59 46 63 14 60 45 33 11 60 29 12 59 46 73 45 45 94 32 98 31 83 74 16 65 24 82 12 23 26 51 64 11 44 94 38 57 88 32 80 6 87 11 37 23 91 91 39 85 85 63 100 76 48 93 59 7 16 91 15 77 55 69 62 86 92 45 79 86 91 99 59 33 27 30 32 95 69 43 64 29 27 58 90 42 23 83 90 49 52 74 50 81 76 25 93 43 6 70 91 64 62 25 14 55 1 35 45 22 68 40 70 27 79 90 5 100 25 35 23 66 37 17 51 82 69 45 83 26 29 74 63 15 70 78 11 64 63 71 73 11 79 30 45 72 48 43 64 64 64 42 38 
55 90 4 50 31 57 99 25 55 98 4 6 77 84 14 59 78 80 10 90 78 20 95 46 23 63 94 37 71 36 90 80 75 92 98 91 98 50 35 40 75 33 36 6 91 46 79 73 59 45 21 42 43 36 56 78 75 32 30 6 21 19 18 58 53 19 34 99 91 17 5 31 83 80 2 9 88 78 8 17 97 77 55 83 83 36 74 19 86 74 11 10 14 55 63 80 67 81 100 65 95 79 86 83 38 23 98 13 29 15 84 75 53 37 40 97 91 43 71 43 64 77 91 67 63 28 87 25 72 92 99 45 23 13 83 94 75 73 32 60 54 48 41 38 89 12 98 53 44 94 60 18 56 74 13 42 16 85 51 17 63 33 94 18 29 4 61 39 82 33 31 90 60 27 10 
14 85 16 70 67 46 25 8 62 70 69 9 49 52 41 45 47 67 75 16 45 98 46 98 60 59 18 23 13 50 71 82 57 51 61 100 77 81 77 56 31 69 4 69 11 36 87 53 65 81 5 41 63 90 28 6 42 80 60 14 83 15 13 58 96 58 37 60 50 25 35 10 87 91 32 78 91 65 88 54 56 99 71 47 79 56 22 62 12 5 81 20 86 51 10 33 46 84 28 37 79 67 2 35 37 34 3 81 84 44 82 30 9 6 52 13 43 59 93 48 6 6 47 90 12 91 24 99 87 16 22 52 72 49 45 54 26 82 32 23 45 74 3 90 93 94 22 60 5 79 10 17 76 58 70 65 63 65 43 43 1 54 80 43 18 11 11 33 64 31 93 43 56 41 50 
18 16 31 40 65 51 57 59 26 18 74 56 49 2 95 46 7 7 33 5 41 35 36 10 21 18 54 70 7 7 77 47 87 46 56 43 35 82 88 56 1 95 55 19 55 42 27 89 9 24 74 20 91 24 56 17 6 28 14 88 54 50 91 78 10 84 39 14 10 34 32 62 83 91 95 98 34 85 51 34 29 19 2 19 38 32 1 43 10 26 40 76 40 50 41 90 32 76 94 63 90 54 26 35 15 1 35 33 40 9 63 30 47 92 87 24 100 28 88 92 44 35 54 70 29 44 29 11 23 72 97 94 2 32 16 13 19 43 6 59 21 84 47 31 63 72 97 10 33 86 63 26 91 72 41 8 4 91 70 65 5 2 43 54 27 82 88 17 95 43 79 79 34 3 77 
18
30 19 80 126 127 97 104 61 83 23 45 134 87 92 101 102 155 63 
6
40 145 92 80 27 21 
2
146 151 
7
49 155 80 146 142 153 57 
8
39 126 135 93 172 128 147 24 
17
41 53 116 31 60 30 136 5 3 37 106 86 79 110 77 102 64 
8
34 87 121 40 63 160 60 169 
14
30 116 22 108 145 148 37 44 137 38 84 150 57 166 
19
26 142 47 158 28 58 51 161 84 113 148 104 67 92 86 48 163 105 3 
16
80 78 156 8 43 173 25 120 159 167 149 22 117 168 71 24 
7
43 147 100 140 76 50 62 
17
52 57 145 121 105 115 139 171 21 146 39 120 109 165 113 88 15 
17
67 163 16 33 89 146 44 117 153 25 56 104 123 102 19 43 29 
16
119 158 99 53 168 7 129 42 165 26 121 4 29 52 115 89 
9
23 75 6 128 68 12 79 158 70 
2
6 20 
5
107 16 106 131 99 
11
77 116 42 26 162 4 49 145 127 106 46 
15
52 172 103 86 146 43 157 24 96 30 151 50 140 44 46 
14
87 11 108 21 19 30 55 167 75 129 5 39 25 57 
20
72 89 23 151 161 140 28 88 57 14 121 11 153 20 116 156 54 58 108 113 
7
61 87 99 165 157 32 1 
4
64 44 165 105 
10
162 16 110 85 136 81 5 90 82 91 
19
90 147 29 168 16 63 106 121 173 38 133 111 128 113 165 2 40 33 17 
4
32 163 114 11 
20
102 32 46 26 37 155 64 169 131 89 44 9 142 47 111 148 105 145 100 82 
3
171 13 26 
9
166 96 60 148 169 167 151 85 162 
6
9 173 57 134 87 129 
6
53 55 167 116 127 71 
13
121 64 18 92 88 80 163 165 41 150 40 171 114 
3
144 35 63 
20
21 78 101 111 55 64 93 121 112 132 68 4 34 152 52 22 106 174 20 32 
16
71 134 68 55 14 52 124 95 64 67 154 51 148 129 29 156 

