150 30 
7
39 79 37 64 17 31 78 51 15 39 12 78 15 73 5 23 39 33 94 4 93 89 71 88 74 48 15 39 78 21 66 19 68 33 99 4 32 26 61 44 33 12 2 67 70 55 100 85 63 80 75 93 71 83 33 97 60 23 61 91 19 36 19 71 62 35 78 60 58 18 16 65 41 90 96 24 66 32 16 38 2 14 93 74 4 62 82 5 35 97 39 66 32 27 23 58 26 91 89 48 29 4 15 90 57 2 10 29 12 99 4 45 39 93 81 58 88 96 24 99 48 5 63 82 25 22 49 13 51 93 48 66 26 78 9 45 62 13 69 32 7 28 92 60 13 13 79 64 36 100 
64 67 64 86 65 80 9 13 78 50 84 84 57 76 85 39 25 73 43 84 55 21 14 52 33 61 83 19 45 38 61 47 9 75 93 43 88 8 33 17 15 16 51 44 55 12 88 76 36 99 9 49 87 62 61 15 53 47 10 31 71 14 25 4 46 13 47 30 42 3 62 37 80 27 30 96 12 95 8 80 31 3 98 82 5 17 23 15 80 19 85 15 36 66 3 77 61 58 64 13 56 37 46 66 92 67 33 18 2 93 76 55 47 80 79 8 100 23 33 52 67 17 38 76 89 18 50 82 15 42 53 74 33 3 34 51 25 62 48 22 15 67 2 51 78 51 82 73 76 44 
27 21 98 33 84 88 87 21 31 40 94 93 57 44 65 47 17 51 7 79 17 7 10 78 34 18 20 61 89 37 75 100 89 44 29 92 35 23 23 38 44 73 28 10 64 99 95 43 72 38 62 4 66 61 97 5 37 48 35 59 51 18 85 46 21 72 86 66 52 82 15 74 25 5 12 69 58 93 31 76 70 71 77 58 1 83 65 15 80 52 48 38 66 83 26 81 43 61 93 6 69 59 99 13 74 51 50 95 97 18 60 93 32 47 100 67 19 39 79 96 64 52 37 12 85 22 89 30 99 12 18 52 60 60 86 60 39 19 67 40 34 54 46 27 88 88 49 4 79 54 
59 27 63 35 82 91 43 94 47 31 100 96 68 95 78 18 2 5 22 22 22 35 24 34 10 41 51 76 22 61 65 30 42 76 47 53 97 15 93 24 19 45 22 22 56 14 83 49 79 51 8 30 60 27 79 55 11 59 63 18 25 96 52 88 4 91 44 70 39 89 50 8 32 40 3 90 97 77 55 100 87 17 14 66 15 34 56 88 87 9 12 48 1 38 91 19 96 23 84 57 4 23 88 55 18 17 81 69 86 8 76 30 88 20 45 62 51 8 66 2 11 38 87 70 4 89 30 5 47 99 58 21 11 5 50 38 58 50 33 65 93 87 5 54 16 37 75 4 22 80 
69 38 60 76 82 18 37 99 45 6 44 43 44 25 95 32 52 59 94 61 93 94 29 2 73 77 90 77 7 21 70 86 100 72 4 49 23 30 41 33 99 21 49 59 40 76 1 23 70 97 22 17 73 32 63 60 17 45 11 46 26 85 92 73 7 55 38 53 92 62 62 17 94 56 43 51 19 31 47 9 62 100 58 85 100 32 66 55 5 2 28 82 75 86 46 10 68 69 5 14 36 65 64 46 34 3 37 3 28 14 28 73 68 10 25 93 13 16 22 10 36 54 61 22 92 23 18 43 7 95 57 46 28 59 20 65 86 77 39 21 3 38 72 82 61 60 39 1 30 92 
2 33 52 15 63 46 38 14 61 3 94 51 38 15 75 20 89 82 26 94 12 40 57 28 71 86 80 24 47 26 12 12 95 99 88 10 83 80 73 61 98 89 65 90 76 79 98 12 34 45 86 37 18 39 63 62 33 40 95 85 86 46 74 49 78 24 96 82 9 50 68 33 48 53 73 86 34 5 1 17 4 50 52 87 75 41 2 43 56 82 54 2 87 72 53 71 93 19 46 8 55 55 47 8 17 21 13 50 87 43 94 92 91 17 80 74 30 83 39 96 7 75 81 81 26 53 7 80 62 28 57 51 32 27 55 24 63 55 5 20 49 34 33 6 82 66 71 43 50 82 
93 32 74 20 86 74 46 40 93 40 72 33 30 50 27 84 99 63 45 77 65 51 56 96 6 70 20 74 40 47 73 5 74 93 38 59 95 19 87 15 97 12 20 31 55 12 33 71 41 33 2 100 54 71 87 53 5 89 17 17 15 93 5 23 38 36 12 25 29 57 63 96 49 80 93 32 50 89 76 95 57 7 20 49 44 56 33 86 80 73 4 63 90 84 9 77 22 26 51 76 62 19 24 100 37 60 18 80 81 57 22 98 18 80 43 60 18 24 83 40 20 43 31 9 48 67 37 71 48 91 46 2 77 39 67 67 35 68 3 88 85 80 5 20 32 51 24 1 27 40 
8
124 144 102 4 96 149 97 108 
2
93 139 
16
22 81 116 32 11 115 98 35 119 88 16 143 83 49 75 8 
20
62 44 10 18 14 118 74 86 78 20 45 91 27 49 42 123 135 107 120 33 
9
115 81 90 32 106 93 62 61 19 
2
115 81 
20
29 93 11 36 60 136 100 79 148 85 39 45 118 83 35 123 71 113 34 52 
19
110 24 39 139 68 4 145 5 95 8 9 15 37 16 104 131 120 129 136 
3
143 150 26 
3
9 137 39 
12
68 28 23 42 17 112 53 102 128 61 93 52 
10
55 48 87 11 59 97 7 53 128 89 
2
57 15 
19
21 139 13 3 47 128 106 7 111 114 57 52 122 66 136 39 146 120 74 
5
82 124 72 75 53 
13
60 105 69 6 5 115 103 45 119 102 137 53 39 
16
50 135 90 108 115 30 92 77 147 46 31 20 5 69 79 116 
19
133 150 9 40 125 94 87 65 85 70 141 127 143 1 33 144 28 108 31 
3
44 30 129 
15
19 149 72 9 90 122 21 26 59 100 70 74 111 135 68 
9
23 116 7 145 89 25 97 101 120 
12
99 110 14 116 78 48 108 70 58 73 64 139 
2
33 55 
20
135 145 132 107 128 14 96 106 75 78 55 121 82 129 117 99 12 6 54 53 
17
97 15 138 119 19 24 99 40 120 76 116 133 48 61 57 9 8 
2
103 104 
14
131 146 28 31 128 135 102 126 8 72 96 68 138 134 
8
134 114 116 34 106 111 41 28 
13
33 102 81 29 62 91 135 58 109 11 98 112 27 
3
118 131 123 

