150 30 
7
87 65 48 95 32 15 53 35 54 32 54 12 50 96 27 17 3 2 55 84 19 1 49 50 19 92 31 57 31 100 51 13 59 18 63 45 9 50 100 26 18 85 58 31 96 90 98 84 89 32 92 54 24 100 5 62 79 54 17 89 10 83 3 36 67 33 96 31 29 81 22 82 24 96 74 14 67 11 5 84 97 64 59 33 78 2 43 67 17 90 88 95 20 88 38 65 43 9 87 51 53 71 45 37 12 94 32 30 71 33 87 6 69 2 37 80 67 33 17 97 29 25 14 29 90 41 43 16 7 5 48 14 49 7 99 69 58 93 30 52 59 49 77 66 66 71 17 37 45 54 
11 43 40 30 40 31 60 72 22 19 68 9 55 63 99 25 33 95 53 48 86 98 77 3 1 83 89 72 39 73 87 9 7 78 23 96 27 87 33 73 30 38 95 48 17 100 22 45 73 19 69 29 76 95 33 18 79 84 32 64 73 19 71 83 58 62 18 53 51 65 36 71 91 14 98 80 25 41 18 74 77 76 60 84 4 74 41 57 72 31 11 72 53 3 16 66 41 30 92 18 3 60 45 41 8 64 78 99 26 36 94 27 77 23 78 28 53 64 17 91 33 44 83 40 47 34 79 86 70 7 4 55 91 15 73 51 7 35 58 36 31 53 90 64 76 30 88 56 95 92 
88 41 59 76 70 96 83 72 91 86 46 48 49 57 53 1 91 17 47 17 77 99 74 50 31 85 12 22 2 12 42 48 12 31 53 19 26 7 64 32 88 47 33 89 67 33 56 72 55 62 10 39 53 70 61 92 66 98 3 16 99 55 68 7 27 11 81 76 38 10 90 22 3 58 88 83 2 15 25 38 82 20 3 16 18 88 6 92 42 34 89 12 82 10 80 42 27 15 22 1 55 84 4 25 57 56 17 64 30 9 69 45 87 48 46 40 54 28 23 3 28 24 7 87 43 89 75 96 98 19 4 17 38 77 33 64 44 17 47 98 50 45 52 65 93 75 44 65 32 42 
83 85 32 58 25 36 62 35 19 85 64 98 31 99 48 31 10 48 20 1 34 71 85 79 98 18 3 76 11 83 59 31 93 25 72 20 50 37 39 41 58 62 98 88 71 34 85 42 81 39 26 95 45 27 36 37 97 17 9 79 85 27 54 60 54 40 72 94 69 20 2 47 49 58 23 43 43 91 12 77 10 64 49 29 29 24 73 9 76 77 83 19 6 44 77 99 57 18 9 12 5 7 73 94 7 22 74 68 19 19 36 24 15 29 96 82 24 43 46 16 5 82 29 37 16 72 54 86 70 47 44 75 33 34 19 17 35 20 90 62 77 88 64 19 59 81 59 29 21 17 
21 49 47 71 98 87 23 87 15 9 63 29 36 55 25 12 59 26 85 48 7 47 68 58 76 95 68 38 79 98 27 24 63 44 48 24 37 75 83 24 79 22 45 24 96 4 45 56 27 44 41 63 44 62 7 74 24 94 6 73 70 93 73 2 72 44 63 97 84 17 20 36 85 16 26 96 77 67 3 72 15 70 60 83 71 32 41 77 22 43 98 61 11 11 75 65 11 15 58 24 15 100 6 11 45 36 39 81 49 42 97 42 25 28 66 34 7 45 64 97 72 21 5 49 97 87 22 38 71 48 59 67 39 63 13 88 63 10 52 40 85 40 78 99 12 68 78 88 92 40 
79 51 66 67 88 73 35 91 54 72 65 29 79 59 97 3 62 57 44 46 33 64 84 94 60 51 52 37 64 13 86 51 53 16 3 5 48 19 68 49 6 77 21 66 29 51 8 74 52 74 11 38 69 13 9 83 19 100 59 10 64 96 42 69 13 36 88 98 35 79 54 75 87 74 37 93 53 36 85 34 75 95 54 20 7 72 49 55 36 40 8 94 82 95 80 33 14 92 37 2 45 46 92 65 5 84 82 22 41 59 7 53 33 56 86 41 91 60 26 11 39 3 13 65 100 22 20 83 55 32 69 94 100 2 25 63 27 38 40 11 30 35 62 82 12 19 99 96 47 34 
80 39 30 23 99 9 58 27 82 11 4 28 38 31 81 76 30 90 11 89 42 57 37 52 92 12 79 77 14 12 64 38 47 41 58 7 25 28 57 48 68 54 6 45 91 82 90 45 59 36 26 100 31 93 18 54 59 62 79 64 87 5 33 100 3 74 22 94 12 72 21 67 13 96 77 37 36 78 72 15 25 56 4 17 60 86 61 94 25 89 55 23 29 11 62 43 54 30 97 81 18 93 10 31 81 12 97 24 73 88 85 44 85 29 82 46 92 24 94 35 83 30 17 56 50 10 59 9 65 27 18 48 88 84 3 28 98 46 44 25 54 72 86 2 39 63 43 16 93 9 
15
67 73 108 141 30 145 122 115 68 55 49 50 92 62 114 
12
88 25 106 115 111 117 146 90 48 54 99 92 
3
147 33 129 
5
69 128 86 103 137 
4
114 139 2 91 
7
114 110 73 143 145 10 35 
4
104 143 67 87 
2
43 12 
11
30 71 34 17 82 44 129 27 144 46 107 
19
115 113 28 27 146 73 11 135 49 53 38 126 69 134 60 119 41 89 9 
13
111 136 112 113 3 13 105 100 16 139 22 98 102 
16
59 84 142 57 78 43 122 55 131 150 116 39 82 69 124 47 
12
35 44 65 107 95 15 76 40 85 28 86 91 
15
43 117 96 137 56 149 31 108 107 75 8 115 94 133 36 
12
14 111 79 19 121 49 29 83 128 61 21 72 
2
1 112 
17
28 2 78 16 130 92 75 57 1 149 126 97 14 108 36 8 17 
17
97 103 22 52 69 111 73 98 2 113 49 88 117 149 116 24 90 
3
33 50 19 
13
126 115 121 87 127 138 114 15 11 150 57 68 103 
11
28 70 13 139 110 52 35 54 10 29 116 
19
72 19 70 42 145 61 66 32 140 76 80 109 67 134 98 1 24 5 103 
19
129 9 97 81 28 72 106 29 61 93 124 139 75 13 100 80 73 143 91 
15
110 87 41 113 31 91 25 39 122 131 22 123 40 146 16 
11
30 120 50 52 12 26 35 142 73 128 65 
5
125 93 114 86 130 
7
112 144 115 103 125 61 99 
3
113 60 91 
20
4 144 26 91 9 36 18 79 130 116 50 16 2 48 129 42 124 113 82 6 
17
37 47 27 119 85 56 52 134 28 146 1 68 133 82 128 116 94 

