175 35 
7
45 43 40 55 79 74 48 31 99 14 5 66 76 4 46 56 42 80 13 91 98 51 45 92 4 47 84 54 2 93 80 87 7 96 64 24 85 75 45 9 22 18 9 2 26 92 57 64 46 21 82 23 10 34 43 55 64 90 1 19 1 70 27 47 77 32 32 98 47 68 72 24 12 80 52 44 40 65 18 32 93 63 56 73 64 51 91 78 58 82 8 92 20 23 90 31 85 63 78 92 9 70 61 96 18 27 44 36 71 77 84 15 5 99 2 63 90 76 20 67 3 11 57 61 72 10 46 56 99 48 34 72 56 27 17 67 70 13 28 47 13 54 45 3 93 48 93 42 58 84 37 49 65 68 3 91 24 27 2 49 45 26 71 68 68 61 48 4 30 11 43 40 68 2 30 
18 24 33 45 13 25 97 100 86 1 4 76 21 46 97 15 63 85 65 94 60 51 2 65 33 33 92 94 54 1 59 52 3 60 45 88 95 1 75 20 47 8 48 48 75 65 52 93 36 89 48 85 14 77 100 79 87 28 26 48 20 72 44 52 20 69 30 98 69 63 8 89 84 45 70 18 51 61 96 83 48 9 43 49 59 66 53 4 3 90 64 69 23 10 18 66 70 70 77 80 87 48 86 56 26 63 99 16 54 72 27 28 31 56 10 59 50 62 3 65 43 84 96 4 11 96 70 61 32 4 59 14 84 61 99 7 19 12 40 5 84 80 72 15 36 71 70 60 72 45 38 96 76 11 61 17 89 71 49 95 14 14 83 25 21 71 5 60 76 17 56 90 73 78 82 
44 3 96 12 98 60 36 34 76 7 87 90 100 9 76 7 9 37 48 68 29 5 71 4 46 65 77 42 36 93 21 32 30 91 86 72 25 21 30 77 25 70 20 19 60 90 28 52 91 42 74 84 19 82 37 16 22 48 69 74 99 91 52 24 56 33 91 61 76 94 66 2 1 40 45 21 28 78 58 96 77 91 84 46 42 74 5 17 58 96 80 70 91 84 59 79 3 98 95 61 64 97 97 40 70 87 73 1 27 96 35 27 92 67 79 86 88 34 57 81 40 69 30 48 40 90 32 49 83 79 33 49 30 40 63 96 42 70 88 71 72 52 39 80 90 59 70 33 4 79 24 44 61 27 39 24 57 82 57 30 59 23 34 40 94 49 58 79 44 38 85 45 23 50 26 
63 42 55 38 91 59 36 14 90 37 4 75 69 85 15 21 23 84 7 35 51 14 90 76 3 33 98 78 59 7 49 49 19 67 8 18 51 62 87 15 80 99 100 83 16 74 35 71 15 80 18 17 24 12 90 12 51 57 81 20 58 41 33 6 44 16 45 80 29 85 12 38 64 48 37 100 37 4 88 99 12 95 12 65 88 72 93 47 43 100 93 2 31 84 25 19 51 99 6 100 23 26 44 94 88 29 88 47 100 41 12 32 84 91 100 68 21 12 93 4 47 15 57 11 42 26 14 78 52 100 24 8 8 65 60 95 43 32 40 29 57 78 21 13 42 80 85 42 97 3 23 45 88 55 52 7 75 98 31 95 49 92 91 16 39 46 30 91 78 13 68 41 39 40 38 
50 89 69 1 79 35 35 7 38 85 66 77 88 8 30 91 53 28 23 91 49 33 37 14 2 60 44 91 13 94 23 88 59 80 100 13 7 72 25 64 79 26 73 51 54 31 76 82 56 94 94 26 76 31 4 56 91 73 35 26 19 92 82 9 33 38 37 12 2 56 7 92 81 31 50 61 53 77 91 61 34 10 39 75 34 2 75 23 73 40 90 75 23 4 25 86 89 47 87 15 21 33 2 27 30 69 20 42 11 97 41 13 50 29 28 26 90 58 14 15 58 88 4 100 63 65 37 15 24 40 20 36 47 16 13 26 30 54 6 78 21 76 57 77 19 54 83 82 46 79 13 50 63 21 83 25 52 95 88 68 31 36 4 47 39 42 85 29 78 74 3 26 36 48 96 
36 35 42 100 56 97 23 23 1 54 92 95 56 1 98 34 11 33 65 88 40 10 96 9 18 39 46 89 64 15 31 85 2 72 37 5 52 49 23 39 42 53 24 37 45 72 10 96 71 41 6 98 73 64 76 1 90 25 75 88 23 18 29 25 55 41 81 33 31 39 58 7 32 29 54 50 28 36 89 75 6 3 83 38 77 37 74 1 59 49 24 57 5 35 4 1 48 42 14 25 100 14 79 45 22 64 51 91 70 8 29 79 6 18 2 2 99 64 37 75 56 100 31 39 97 19 20 22 1 61 53 86 41 43 97 18 5 80 19 1 77 23 83 13 29 39 59 61 2 21 53 52 77 95 75 22 9 48 11 71 33 75 2 46 27 23 51 4 83 34 28 42 45 19 67 
13 40 85 16 14 2 13 50 40 37 59 41 29 64 95 81 50 25 67 88 69 94 65 50 45 9 97 5 96 39 54 20 58 59 16 60 16 16 44 82 51 62 91 92 38 46 39 72 51 96 86 48 37 23 40 78 43 38 30 83 52 83 62 91 74 40 96 37 41 39 69 8 93 27 2 70 12 49 59 97 24 72 16 50 100 4 51 33 36 23 11 2 20 15 28 78 71 93 14 71 47 58 12 12 59 93 93 1 97 29 28 68 7 16 98 70 88 50 22 10 89 7 20 23 44 85 88 16 70 94 54 3 14 27 18 50 81 7 73 85 41 18 73 62 99 43 54 24 72 85 14 62 76 94 49 89 39 37 17 73 41 58 50 48 21 6 45 86 1 32 77 54 52 84 88 
16
130 120 10 3 1 17 174 124 47 163 7 62 104 2 132 46 
18
25 123 126 173 76 78 60 141 66 107 52 59 110 132 153 17 9 104 
12
155 4 25 96 5 28 159 136 8 170 75 62 
3
101 141 174 
16
129 14 35 91 127 134 25 165 110 22 43 167 173 146 174 117 
14
87 105 103 36 45 34 133 120 123 83 174 17 100 41 
13
58 27 73 104 61 137 101 163 113 147 135 174 19 
3
80 71 60 
19
159 84 107 171 124 167 55 163 52 38 65 120 110 54 142 26 152 8 160 
16
99 45 126 19 154 101 119 173 145 133 66 65 156 57 151 72 
6
138 107 169 140 33 136 
13
42 172 36 12 96 41 16 74 55 63 72 158 99 
10
163 139 168 16 149 135 56 129 131 19 
12
78 112 41 162 168 170 127 53 44 52 156 175 
15
109 88 17 2 150 144 96 83 131 7 168 50 123 175 141 
15
86 128 155 105 69 59 54 16 107 112 73 143 140 76 156 
6
168 15 130 63 105 96 
2
48 135 
4
46 36 53 27 
8
163 134 77 133 49 62 56 97 
3
21 31 137 
19
90 114 8 153 21 87 155 68 19 163 32 160 106 86 118 69 105 20 41 
16
79 106 74 123 42 33 155 150 9 57 8 29 71 69 19 7 
13
56 79 122 50 156 173 8 138 88 32 83 34 167 
12
31 115 158 64 56 66 19 9 145 10 131 5 
19
49 174 62 23 78 103 52 118 27 88 33 41 70 10 20 81 150 119 139 
19
61 30 54 65 59 29 120 147 17 169 131 82 166 75 93 99 53 112 44 
18
142 9 108 8 170 25 69 48 162 109 88 81 112 91 93 138 2 135 
17
60 142 96 87 72 160 25 124 145 118 32 173 79 105 132 29 166 
14
64 26 4 83 21 161 90 8 172 101 92 12 47 37 
16
143 37 81 147 157 27 174 159 29 153 28 103 113 86 166 128 
4
113 44 41 164 
13
153 23 35 175 141 17 91 138 129 133 8 106 160 
6
116 35 130 174 82 144 
5
98 121 155 125 17 

