175 35 
7
20 84 78 7 90 3 34 13 35 29 33 12 88 72 20 90 22 81 4 32 67 59 4 16 53 40 40 32 17 16 4 76 43 3 33 50 95 9 47 58 8 23 64 91 90 23 91 98 71 25 14 39 88 45 41 94 60 63 69 57 2 63 51 73 88 98 32 17 64 16 1 35 26 96 72 14 78 70 100 3 100 83 78 80 100 72 6 95 13 36 68 5 69 62 83 10 98 60 9 8 19 37 47 43 63 84 12 71 49 24 58 50 95 92 48 6 71 15 12 79 51 24 72 37 8 95 8 62 3 62 58 24 86 100 98 23 93 66 57 93 96 25 66 30 32 53 28 10 66 40 53 51 41 21 14 80 85 72 58 95 99 25 87 64 5 4 66 93 95 43 87 58 25 14 49 
1 55 17 53 54 18 24 5 20 52 91 71 61 14 96 70 57 2 84 29 73 58 98 64 87 27 16 14 76 90 29 75 78 44 56 73 30 16 19 42 18 59 96 60 85 32 7 87 61 8 97 52 88 32 71 17 2 19 47 1 6 27 20 84 71 22 12 100 72 20 73 53 45 97 16 12 72 55 44 99 73 33 5 78 95 54 68 68 66 40 19 59 96 59 48 2 35 40 98 19 37 20 73 18 53 79 97 72 80 24 44 39 42 11 57 58 92 100 99 32 94 40 40 49 97 53 39 47 38 69 86 30 85 94 45 5 14 89 96 39 20 32 36 69 61 28 11 74 9 91 3 80 87 84 50 5 60 4 29 30 41 84 41 89 93 66 37 70 29 77 39 61 74 94 43 
80 47 31 88 30 59 98 43 73 18 24 19 49 33 12 27 45 83 79 94 53 51 95 35 12 58 88 48 65 45 10 99 25 58 86 48 50 13 43 34 55 17 27 92 9 57 5 69 8 63 73 80 70 4 68 46 92 40 70 13 18 59 98 86 27 57 36 70 55 53 46 95 25 81 95 5 70 37 64 1 62 25 98 8 54 67 50 73 8 30 83 56 25 81 57 36 54 79 68 40 60 95 53 92 91 6 82 32 86 47 18 72 52 79 17 39 6 72 66 7 91 89 53 28 59 1 97 72 85 16 45 3 83 52 17 30 14 99 37 91 10 53 92 29 77 32 86 17 71 4 99 28 11 93 74 53 39 26 86 58 99 54 95 22 74 46 31 85 87 56 36 60 22 100 40 
78 52 78 61 62 45 41 14 38 97 81 96 87 98 32 10 82 48 61 82 11 90 85 42 59 57 95 22 84 17 79 95 80 29 19 60 92 82 12 97 38 42 45 71 81 65 11 53 75 6 75 24 45 96 71 26 2 2 9 68 83 59 76 26 25 90 67 34 63 42 41 78 9 73 42 25 86 94 44 76 10 1 58 38 56 89 33 97 81 56 22 55 68 64 1 72 91 86 3 52 85 12 71 87 46 69 55 98 17 20 92 22 91 58 25 89 13 70 59 92 3 71 28 14 22 31 5 51 45 11 23 94 90 17 48 38 39 12 55 30 55 19 7 68 5 8 87 76 89 61 52 62 38 80 32 26 21 29 72 10 15 76 60 97 59 54 52 11 62 34 2 97 8 72 41 
14 47 92 54 56 52 33 67 65 4 25 94 74 8 31 17 43 98 51 27 56 61 43 74 25 100 27 7 12 54 37 38 95 65 82 39 1 59 93 3 15 97 5 40 77 93 61 6 2 58 76 14 100 40 85 16 44 56 1 24 9 95 100 90 24 65 7 64 97 87 83 47 97 87 74 25 79 52 41 55 9 59 72 52 31 95 79 92 6 57 100 59 97 53 26 32 7 72 64 7 73 57 73 56 92 47 7 74 45 50 58 35 94 87 81 18 46 89 91 28 83 76 74 36 67 38 17 70 28 86 98 68 95 40 41 47 43 6 62 66 24 3 21 43 65 65 40 51 81 43 89 79 83 38 72 63 11 87 69 82 74 48 64 47 43 93 94 73 39 83 44 31 68 78 60 
58 76 71 1 28 35 86 99 14 78 47 24 29 9 100 54 35 21 92 18 46 58 62 88 54 42 61 90 47 69 38 84 51 2 36 70 94 9 35 23 44 91 81 24 84 81 48 1 37 92 77 63 10 42 55 60 40 78 40 61 19 71 61 49 15 90 72 27 94 2 64 100 24 21 66 93 29 78 90 100 47 83 47 44 94 27 73 45 2 84 73 87 63 35 12 4 14 70 34 64 76 53 90 3 3 85 3 54 20 46 66 94 41 2 42 68 5 1 19 68 28 54 99 2 46 80 43 1 61 51 57 92 37 97 34 60 40 52 55 36 65 51 49 67 11 10 11 46 72 83 48 19 72 45 96 79 82 5 27 65 80 80 44 22 15 20 67 52 74 29 74 10 24 34 90 
90 91 98 38 84 33 29 35 65 71 80 37 3 94 24 69 27 30 59 55 96 75 67 20 3 21 41 5 69 78 19 56 93 77 48 85 6 57 57 26 8 52 52 53 96 88 74 79 7 74 1 99 38 6 77 50 13 96 83 66 29 45 73 1 69 97 72 79 96 17 13 16 22 78 100 74 27 81 31 59 37 26 99 56 30 16 85 49 43 39 67 45 98 92 10 93 45 91 75 98 78 44 42 47 2 92 45 75 33 70 77 4 96 48 5 83 3 21 40 44 6 42 12 93 94 17 12 52 73 32 68 14 83 19 47 29 76 18 19 65 1 65 83 92 54 14 72 56 98 34 13 14 35 42 51 45 55 30 39 24 18 43 71 56 4 72 33 63 96 94 82 91 97 45 69 
10
71 70 170 69 39 88 120 36 111 28 
9
93 146 122 86 35 114 80 112 111 
20
35 26 104 5 76 80 150 1 168 89 133 105 171 7 111 22 123 65 91 62 
12
10 20 12 35 1 129 64 175 23 95 2 43 
12
3 70 52 87 133 145 91 83 19 2 58 150 
15
122 39 114 73 164 126 13 147 18 105 174 20 145 149 138 
7
49 86 133 112 144 46 150 
17
149 134 165 148 8 137 96 130 68 17 140 41 162 76 112 30 24 
6
69 167 11 28 147 32 
11
94 173 101 126 159 125 109 25 155 151 55 
16
58 164 104 93 137 8 156 107 133 118 76 140 60 136 98 2 
12
111 8 174 22 54 67 30 142 66 85 134 12 
10
87 138 147 127 20 160 84 8 161 63 
13
50 8 112 58 94 48 2 15 74 11 118 84 42 
12
144 145 136 94 84 168 129 23 88 56 119 105 
3
88 155 85 
11
165 111 14 10 44 15 4 161 143 76 69 
7
60 67 154 113 110 57 150 
17
172 72 173 6 18 153 37 27 175 107 12 129 148 145 113 121 3 
9
88 39 53 118 23 55 74 52 16 
20
171 160 155 87 45 47 151 168 128 95 106 29 32 144 42 159 147 58 70 92 
2
39 104 
4
112 11 50 145 
17
92 151 88 85 154 71 153 78 89 142 79 17 114 38 25 160 75 
5
56 130 91 146 52 
14
122 148 159 104 51 29 169 136 131 25 93 105 24 117 
3
75 98 23 
13
38 30 90 49 133 12 56 144 95 154 130 107 152 
12
147 8 54 116 115 141 108 67 140 93 146 153 
16
33 118 91 1 153 119 154 68 132 14 35 134 41 139 126 20 
16
88 135 51 163 28 162 62 41 22 76 7 29 50 173 112 20 
14
6 166 82 8 132 88 105 16 112 83 93 58 75 18 
9
97 14 134 173 143 126 49 125 105 
16
106 82 28 174 2 166 48 69 46 164 149 18 154 7 91 123 
11
92 145 76 29 117 80 147 146 171 138 175 

