150 30 
7
51 43 85 2 4 44 90 36 40 69 91 23 2 16 37 59 93 75 59 82 2 45 11 58 62 24 5 88 52 100 61 65 65 92 45 45 99 10 30 66 93 68 43 3 27 62 10 42 52 71 60 27 26 18 62 7 84 23 81 52 35 98 66 94 25 44 57 14 56 21 43 28 69 82 24 70 88 6 100 39 90 1 24 42 48 51 12 34 27 62 29 7 94 22 66 69 62 19 91 98 78 25 42 61 52 60 25 78 43 91 73 33 48 59 20 32 67 36 96 91 73 46 74 50 10 7 65 69 90 33 16 88 37 56 57 65 9 73 48 11 65 94 8 82 100 23 25 37 76 57 
60 52 68 13 54 86 77 23 19 47 28 88 94 58 92 19 90 69 26 74 74 94 57 14 28 98 18 39 7 30 3 56 47 70 65 11 79 66 26 69 54 81 66 78 90 26 45 39 16 34 44 56 56 5 70 88 28 28 48 99 82 5 12 17 29 56 92 96 98 54 83 33 43 53 56 84 70 71 83 29 9 72 76 55 16 24 91 51 47 23 10 78 84 40 73 55 75 54 40 48 55 42 76 3 69 1 58 89 47 88 27 53 15 46 42 54 90 60 73 65 4 45 23 24 84 29 100 45 31 73 58 67 76 25 45 45 40 7 30 56 75 44 34 40 89 11 82 99 35 13 
79 53 66 7 61 46 9 28 42 54 92 23 56 88 51 55 15 87 44 44 59 94 56 5 54 89 19 64 84 83 33 21 29 99 79 18 88 59 44 41 20 48 88 24 63 60 22 100 99 60 6 91 59 4 95 57 22 47 39 80 22 72 1 43 77 34 10 81 42 28 88 84 51 72 67 57 18 27 74 55 63 49 61 37 88 37 47 42 95 57 73 56 67 67 55 9 10 92 53 64 30 3 80 87 48 56 20 94 71 13 60 32 9 52 20 90 46 95 52 67 72 90 25 1 61 16 80 32 92 87 26 45 14 46 34 31 50 22 34 64 99 29 1 83 84 73 19 31 33 45 
94 57 52 66 8 53 15 39 67 47 33 76 14 53 8 19 35 8 37 33 3 15 51 89 71 50 73 22 39 56 77 24 7 92 18 53 71 29 49 43 29 77 74 33 33 52 6 52 15 96 14 86 68 68 5 33 57 100 36 42 67 22 41 68 52 34 75 31 69 42 40 84 24 50 61 44 11 87 9 53 17 5 66 63 18 11 1 9 26 52 18 16 89 15 40 40 85 7 92 50 100 85 17 90 28 65 99 44 18 46 38 1 15 84 26 90 4 57 62 73 54 68 15 28 35 47 71 28 41 91 67 74 69 56 87 46 20 60 25 22 87 4 13 11 43 71 68 21 48 11 
3 67 47 49 64 47 88 23 29 7 56 95 82 3 30 90 7 25 71 15 95 56 37 30 100 82 73 60 43 66 88 12 31 99 86 63 89 2 60 89 75 65 79 63 75 72 81 48 47 8 87 38 45 98 2 7 51 24 45 23 10 48 57 42 86 11 10 1 91 24 80 62 23 15 11 60 36 24 75 42 39 92 14 80 82 51 52 97 10 51 48 16 6 7 87 93 53 84 58 19 10 73 66 73 23 63 40 100 97 69 41 9 43 51 5 30 48 17 72 40 69 28 44 47 90 27 58 53 11 23 68 25 20 91 64 37 79 48 94 58 66 97 23 72 40 86 86 96 69 42 
19 68 2 70 85 42 74 82 100 18 13 64 65 5 95 52 76 5 4 51 39 27 89 90 32 92 21 32 31 18 10 12 42 77 52 25 94 93 7 21 24 45 49 44 21 35 13 66 45 87 14 43 79 47 14 11 80 17 87 100 77 20 77 64 19 4 36 88 60 85 11 40 83 6 9 77 41 31 64 14 66 74 49 87 24 60 45 66 22 34 96 21 23 80 99 34 32 42 80 70 59 22 78 12 16 54 91 3 79 35 55 10 12 91 26 10 7 44 95 24 70 74 73 90 57 11 66 56 69 2 98 34 37 64 89 61 27 49 1 28 99 11 48 90 82 75 77 1 27 4 
77 12 51 89 29 64 30 8 35 49 21 62 41 75 15 81 59 16 5 3 22 28 83 74 32 33 72 96 96 57 33 54 82 67 90 89 68 98 91 38 95 99 99 7 72 34 75 53 52 32 27 28 8 58 32 4 59 99 75 30 96 50 61 20 88 27 61 74 99 23 84 97 91 57 84 65 49 22 3 33 16 11 28 35 92 63 92 92 46 88 77 10 58 60 40 14 74 6 2 62 89 74 46 93 57 71 68 32 91 98 70 53 99 78 58 41 38 25 31 46 38 32 39 48 40 12 50 44 46 14 67 69 33 24 15 47 78 79 24 85 3 97 83 64 88 100 100 64 65 12 
14
23 39 84 117 101 33 28 24 83 82 13 66 54 88 
13
54 64 101 58 99 119 93 28 4 27 100 15 25 
9
11 20 140 82 145 102 132 24 86 
7
109 100 8 63 119 30 31 
18
132 139 47 114 2 97 3 35 76 40 141 16 50 135 1 43 88 27 
2
38 62 
12
22 1 64 133 17 73 142 122 114 106 128 7 
7
45 30 120 3 113 85 143 
17
65 16 141 107 42 20 18 61 150 7 50 98 54 30 97 88 26 
5
62 51 94 25 49 
4
100 72 35 58 
4
109 89 27 67 
17
137 101 98 136 70 85 23 82 37 95 130 6 144 12 46 19 25 
13
69 146 116 63 138 83 52 32 130 67 119 98 50 
11
53 103 43 46 105 8 88 144 109 116 110 
5
130 117 69 66 138 
9
63 19 38 107 77 127 146 150 70 
4
37 62 142 52 
9
16 99 57 146 79 27 109 85 149 
8
17 129 12 68 45 103 25 4 
12
76 39 7 60 51 33 8 26 84 61 124 136 
5
121 42 70 1 12 
6
67 8 24 58 70 140 
18
134 150 8 21 65 30 34 74 99 146 12 149 90 101 125 17 15 88 
12
39 123 21 141 147 117 41 98 3 82 122 35 
17
45 139 14 35 20 63 47 107 104 3 56 131 74 82 32 15 140 
4
11 119 45 61 
18
3 129 134 115 22 81 24 85 102 96 47 82 44 42 122 105 66 18 
6
99 100 9 141 48 55 
9
59 5 73 12 78 25 42 100 115 

