150 30 
7
98 59 67 40 30 46 37 18 20 91 9 86 53 8 92 73 86 47 80 64 92 49 96 21 45 27 19 16 54 2 65 55 78 8 46 43 54 49 6 28 27 68 82 28 77 21 92 40 35 100 61 70 41 35 54 21 30 1 46 96 26 28 77 72 32 61 4 31 22 52 51 43 48 6 73 63 5 86 22 62 75 32 12 58 16 47 26 40 90 39 4 11 33 95 34 89 90 9 32 47 84 52 63 72 98 83 97 16 50 82 86 40 32 7 5 73 62 49 37 58 15 68 89 56 52 38 15 63 20 8 2 4 17 91 2 64 48 61 41 57 54 80 90 93 56 58 21 31 42 77 
31 73 41 20 19 15 86 100 2 9 36 40 91 39 89 36 100 57 43 1 3 72 57 17 38 53 47 17 62 13 72 23 3 62 28 52 17 68 40 2 17 1 74 20 89 23 28 88 66 1 86 54 10 57 25 56 47 9 92 13 11 10 52 35 38 62 58 100 51 11 3 41 60 6 54 55 40 6 2 33 3 21 1 54 95 10 15 24 24 16 82 65 36 40 76 13 76 31 91 67 95 57 51 54 90 31 95 15 78 60 85 78 50 28 33 17 91 45 62 97 36 73 76 27 18 88 23 80 52 40 92 9 61 81 58 18 38 23 42 88 96 50 75 52 47 75 95 55 33 48 
32 57 3 15 26 98 43 26 41 34 42 37 68 9 35 43 72 72 81 98 67 14 46 97 83 32 35 94 1 23 47 41 100 93 62 26 50 71 5 46 62 30 63 92 80 20 65 28 47 63 75 65 22 33 68 22 49 11 90 31 98 77 30 51 69 14 6 63 76 3 77 9 12 70 93 81 30 81 7 60 35 3 100 89 95 72 90 33 11 39 94 55 77 39 7 71 63 25 13 49 93 2 55 90 37 75 38 28 75 66 58 61 79 78 83 67 14 76 51 39 99 25 74 41 38 69 94 21 2 89 3 77 58 72 43 97 52 30 80 70 18 75 55 3 74 48 26 33 89 41 
22 62 74 40 14 60 17 95 89 34 4 30 93 63 98 95 30 25 85 4 96 55 81 72 25 76 60 58 92 99 39 62 15 82 97 56 71 30 98 37 49 28 12 19 28 61 31 77 82 29 73 40 81 48 51 16 45 44 87 10 33 65 51 34 43 88 38 87 37 24 97 53 96 36 60 89 61 20 17 4 78 5 54 68 80 40 91 52 35 57 41 80 49 85 46 12 35 79 75 78 92 83 22 97 59 19 75 10 61 30 60 15 29 100 62 100 28 89 53 38 95 71 7 46 12 43 91 43 88 67 34 55 38 37 83 19 17 86 17 98 99 79 18 86 3 99 2 49 22 60 
97 95 11 35 33 63 8 43 38 68 33 76 56 19 48 6 39 4 100 14 27 41 19 70 14 24 90 31 86 80 32 13 39 97 26 46 5 35 39 43 12 55 69 97 28 3 35 90 77 61 82 56 60 39 73 18 16 17 87 64 96 57 95 14 63 30 11 60 52 77 19 49 71 78 12 84 71 45 59 14 61 52 10 70 28 41 6 3 32 18 3 15 2 9 71 17 85 54 3 75 73 1 83 48 90 6 52 41 29 39 12 42 89 93 32 13 67 41 81 20 98 17 67 19 29 85 13 77 88 2 77 18 64 24 83 93 2 59 13 32 27 65 79 53 29 38 32 29 23 85 
64 41 95 35 41 9 25 39 67 9 42 61 30 59 16 31 85 53 90 62 34 38 88 94 83 5 46 93 85 1 17 37 81 67 59 39 26 73 83 11 54 7 94 33 68 25 44 27 53 27 39 51 56 77 39 5 71 85 57 80 37 78 79 69 11 88 44 74 11 7 49 25 72 41 18 64 34 69 15 3 95 96 57 51 13 45 4 89 61 43 6 20 63 12 12 19 55 86 45 57 48 100 52 76 4 36 73 51 28 59 74 97 3 7 9 34 100 73 25 86 39 75 97 41 18 11 26 97 90 59 1 27 79 69 99 84 9 25 32 84 75 56 35 27 29 20 89 30 36 87 
81 60 76 31 69 7 3 52 76 76 52 42 71 85 41 14 72 16 97 34 99 15 30 76 29 75 50 3 71 63 28 67 50 16 34 90 55 80 85 47 66 18 23 73 84 45 39 81 31 46 65 7 96 59 81 29 78 49 25 68 64 23 7 29 22 28 8 53 37 82 93 55 55 92 8 75 81 27 34 26 25 90 43 11 68 79 19 2 62 81 83 33 68 13 27 85 39 76 4 19 34 82 30 64 75 82 44 11 97 38 56 56 19 82 68 27 69 47 94 35 29 18 41 65 19 12 5 80 50 46 18 21 34 47 86 58 92 30 62 78 39 15 96 8 2 75 31 34 26 46 
7
24 133 126 127 43 56 7 
16
23 93 71 64 47 128 121 110 68 75 87 49 95 37 149 52 
19
68 38 82 84 141 78 80 24 16 18 14 23 34 81 125 52 25 29 72 
6
149 83 73 11 1 121 
13
4 36 108 96 43 66 138 60 109 25 31 120 131 
8
6 68 70 118 71 53 85 30 
18
1 95 131 66 44 126 147 129 7 38 19 43 54 117 72 46 130 110 
11
140 126 90 28 14 107 10 51 115 48 68 
7
122 15 65 85 64 26 28 
8
68 10 54 58 137 128 55 5 
18
85 11 53 77 6 26 44 47 100 68 96 142 36 39 8 149 119 78 
11
28 68 135 47 51 96 112 14 36 41 30 
7
149 53 79 94 82 93 69 
3
77 134 149 
10
119 146 125 109 43 97 135 92 127 116 
5
111 65 88 58 118 
20
22 15 106 47 28 34 145 38 131 66 116 146 20 122 12 7 44 35 104 135 
16
75 88 71 105 94 147 103 38 9 24 81 78 107 33 123 96 
12
18 105 100 146 38 104 139 55 82 68 13 121 
11
37 35 139 148 97 118 52 13 26 121 86 
15
143 134 96 39 146 94 125 56 8 15 73 26 101 28 140 
11
66 45 25 9 77 102 52 113 112 134 137 
3
16 108 89 
14
80 81 52 41 5 124 72 29 63 32 59 86 7 131 
6
25 9 128 123 85 48 
12
17 82 106 11 10 55 70 30 72 40 14 137 
15
35 125 64 71 134 115 40 146 69 79 23 113 77 131 16 
14
9 20 70 61 95 90 128 41 11 119 133 36 66 26 
5
19 150 75 58 134 
12
38 49 85 75 118 66 3 69 51 50 11 113 

