175 35 
7
17 7 89 30 9 89 65 14 16 5 35 99 36 8 98 57 86 66 35 62 92 83 41 79 79 24 75 68 59 62 35 76 90 14 98 27 90 53 48 64 32 23 75 56 12 98 12 70 94 1 94 53 38 86 47 25 50 63 34 47 15 93 91 48 79 57 55 19 12 57 57 35 54 78 7 42 51 8 49 30 41 36 78 74 60 92 12 2 42 36 59 11 90 45 70 43 93 56 73 100 45 94 57 48 90 33 10 32 7 14 4 81 82 6 51 8 59 58 17 41 86 82 81 59 56 5 17 40 24 87 95 47 30 54 46 29 97 20 80 11 9 57 15 50 54 64 7 90 35 99 37 56 59 64 78 95 82 7 54 30 42 58 9 94 62 29 65 41 80 56 22 88 35 55 4 
74 86 41 41 42 58 56 32 36 31 77 77 79 75 87 82 36 17 36 66 65 45 32 72 41 17 63 15 5 86 43 92 21 100 42 58 63 11 91 1 57 37 15 72 95 35 62 22 21 69 7 34 2 100 17 95 6 46 31 35 27 41 45 49 18 7 70 24 63 55 81 5 84 6 66 14 86 36 6 99 47 59 88 47 38 6 78 18 65 46 44 4 54 65 33 35 95 21 57 60 83 1 5 1 74 19 39 94 14 17 92 77 65 74 36 21 99 30 7 30 12 61 39 69 4 18 68 19 89 76 98 63 77 59 46 46 3 54 10 35 95 9 97 29 49 75 60 7 77 79 72 96 78 68 90 50 11 74 97 7 75 47 55 45 86 38 6 65 58 80 30 2 50 76 100 
34 78 25 61 89 63 30 63 76 18 43 88 93 90 57 43 97 67 87 94 81 11 23 9 60 79 82 55 25 82 54 66 72 14 88 1 62 95 62 81 96 81 29 88 35 70 85 45 49 80 42 53 82 66 10 43 82 43 13 9 42 56 17 49 74 93 34 95 12 79 61 90 88 71 59 9 78 51 8 2 63 84 31 43 73 15 53 35 98 44 17 2 7 31 66 43 83 42 7 95 65 48 11 85 42 4 42 77 50 100 84 86 16 31 13 66 80 45 43 98 48 66 49 19 44 62 41 36 37 33 61 71 5 15 72 20 86 33 8 70 17 78 61 37 81 63 77 15 70 56 16 1 85 78 11 63 35 59 85 64 63 7 2 88 10 91 2 69 11 17 65 5 68 61 52 
45 98 36 8 10 40 40 47 1 33 42 40 34 77 91 11 24 48 58 66 94 32 17 90 51 48 60 94 86 94 85 34 19 31 75 55 82 12 23 9 50 21 90 35 87 39 36 36 99 24 70 85 83 83 12 41 91 88 23 58 71 56 61 82 50 62 90 19 58 78 5 10 99 30 81 57 42 41 78 38 95 13 61 86 7 66 100 57 22 48 39 77 30 70 6 9 74 35 31 19 66 98 18 91 86 29 84 77 21 65 49 87 63 35 24 66 33 88 94 13 75 62 14 22 28 28 5 49 84 80 81 62 20 46 74 43 89 45 71 31 72 87 17 40 75 2 46 16 61 39 69 48 10 40 32 77 11 9 14 39 23 8 10 97 1 48 8 95 37 39 26 57 11 86 18 
69 64 99 72 87 81 57 88 6 9 56 19 82 64 53 80 10 86 59 82 97 78 33 75 25 75 75 100 33 55 2 80 44 74 80 46 37 20 43 24 97 88 2 14 44 21 23 55 33 63 36 8 4 17 8 28 86 21 11 89 94 46 59 15 48 36 93 10 78 86 94 50 100 92 50 9 90 39 4 64 10 99 61 1 76 49 72 96 19 20 32 74 86 94 90 68 25 33 100 58 29 44 22 56 62 86 68 61 46 82 24 67 16 3 17 17 53 1 45 51 49 61 37 3 47 85 94 83 38 16 13 35 89 65 96 40 25 47 9 87 58 78 87 78 97 45 95 17 30 99 33 65 41 46 18 79 97 51 98 58 67 61 9 27 19 28 56 25 17 9 60 43 73 1 89 
89 56 82 65 77 89 63 6 52 37 91 64 21 62 1 94 5 75 10 57 50 15 59 47 8 28 81 38 83 2 88 28 25 6 66 36 55 33 39 100 96 70 14 38 68 36 75 26 58 3 96 66 77 14 10 38 10 66 42 78 59 81 57 98 72 36 24 87 95 79 38 45 47 69 48 38 43 34 99 54 70 12 11 74 60 73 81 21 26 26 49 57 82 11 17 8 37 74 68 42 96 98 73 31 6 78 10 39 54 4 86 12 56 36 38 72 67 60 53 88 61 51 66 33 71 15 43 49 95 11 25 76 99 100 78 19 63 49 78 87 52 11 94 29 74 68 12 72 74 20 3 75 36 87 86 45 22 8 74 81 23 49 90 34 50 81 54 12 72 57 97 79 10 88 62 
24 92 62 55 70 13 28 24 89 18 83 3 57 43 35 88 10 69 33 80 81 19 86 1 85 74 81 38 96 25 76 100 38 20 11 44 95 22 47 65 75 6 67 75 2 28 33 29 70 80 6 31 3 69 64 54 26 26 85 3 49 19 38 34 29 18 44 56 54 19 4 75 76 95 36 47 33 69 87 41 23 1 47 86 6 37 60 68 71 63 8 34 24 93 98 35 55 58 59 90 80 20 18 9 53 35 34 40 88 93 56 75 52 35 72 12 68 79 20 10 44 86 54 4 9 32 79 4 44 41 83 7 44 100 27 28 79 50 53 91 3 72 69 70 9 11 21 35 6 71 78 6 9 28 45 60 61 99 34 17 63 60 46 18 6 63 1 91 33 18 14 24 81 20 82 
17
35 4 26 7 40 85 90 19 29 37 120 94 169 104 112 107 148 
18
149 86 89 47 167 54 36 67 9 113 132 129 25 61 103 32 169 94 
16
97 32 7 18 96 112 161 74 171 174 108 6 119 33 157 20 
10
55 3 32 92 62 118 156 53 154 45 
16
15 41 69 113 16 80 36 166 85 84 153 108 66 131 43 30 
12
89 53 94 76 145 106 146 6 152 164 31 112 
19
124 142 94 109 153 131 91 31 99 33 26 9 34 23 108 1 14 70 18 
15
13 46 144 47 94 117 153 2 92 10 37 70 52 71 78 
13
89 34 83 174 129 53 131 76 121 166 43 50 155 
7
30 64 97 151 130 124 136 
15
159 97 101 20 96 102 140 51 25 127 168 169 157 69 45 
9
147 99 104 148 112 169 8 25 117 
4
2 115 38 157 
7
76 26 175 63 27 8 16 
18
100 155 130 9 143 32 109 108 150 167 147 31 70 44 20 175 60 86 
16
113 117 103 34 13 99 119 25 38 115 3 91 19 65 140 50 
17
51 100 116 118 91 46 87 159 96 15 41 89 63 74 111 30 133 
3
92 118 2 
12
10 22 24 139 69 175 132 38 156 8 68 105 
11
155 142 64 106 157 7 144 137 124 84 39 
20
87 76 62 31 78 85 30 41 101 138 160 149 15 170 64 166 29 71 47 35 
8
163 134 96 8 5 65 64 29 
19
82 127 119 120 168 86 28 167 130 13 165 124 14 146 92 8 96 81 100 
19
173 105 62 50 14 46 147 93 104 17 131 132 84 124 118 119 48 51 159 
5
148 150 65 167 79 
4
51 173 86 87 
12
61 72 97 102 117 21 173 135 65 133 57 92 
20
25 30 67 109 160 156 63 92 175 55 84 34 37 112 145 75 150 72 149 128 
5
85 62 171 96 173 
2
99 54 
3
134 89 111 
5
33 88 52 3 46 
9
94 156 15 37 49 40 107 139 166 
4
56 64 75 140 
4
69 141 37 118 

