150 30 
7
41 7 7 41 45 10 62 3 82 20 57 14 5 41 95 13 28 8 14 53 1 45 36 77 21 95 90 22 57 85 99 92 73 66 38 35 77 98 56 82 70 30 88 34 15 24 86 93 37 99 4 46 58 64 93 82 61 25 14 19 39 17 95 24 100 17 48 82 48 19 15 67 5 38 34 96 77 11 23 22 80 75 70 71 75 66 45 17 50 35 86 55 83 80 80 15 60 51 68 28 91 36 84 56 5 26 48 1 44 98 44 76 84 27 28 24 80 49 66 61 40 39 25 2 8 77 15 92 65 70 2 22 62 24 32 76 42 63 61 68 21 34 71 82 52 86 72 30 92 5 
86 41 80 14 62 27 8 9 21 69 90 41 16 15 7 44 66 61 48 84 96 20 40 25 20 53 70 68 58 48 71 77 30 52 78 33 56 91 42 92 10 29 14 42 18 34 32 20 91 67 68 99 68 43 72 56 76 43 66 89 16 7 66 72 17 89 44 6 3 38 45 68 88 29 73 100 31 32 30 22 36 73 46 3 94 77 6 49 28 71 19 68 27 84 83 70 2 98 88 94 59 9 15 18 27 32 22 56 76 22 84 18 29 18 5 38 1 42 85 20 76 68 94 91 81 5 79 53 87 8 84 34 66 13 99 23 31 29 79 37 30 56 82 88 73 49 87 27 10 21 
40 56 31 99 22 51 69 67 95 1 43 92 97 83 67 54 21 28 38 81 67 35 29 15 56 82 9 47 66 1 95 31 2 74 61 15 61 97 55 27 3 81 14 67 84 65 64 50 25 91 23 70 87 76 38 48 12 30 5 32 28 82 74 99 100 48 56 22 70 58 23 21 67 36 27 40 6 91 79 46 70 15 72 53 66 44 70 43 94 11 19 34 47 90 79 21 32 96 65 8 14 60 49 43 44 87 23 37 20 89 51 33 4 26 42 69 75 16 19 41 31 9 62 99 27 19 64 69 33 12 3 54 56 13 90 17 58 21 81 65 27 8 6 8 36 90 55 39 37 75 
54 96 49 88 25 61 80 12 80 49 4 89 71 35 62 86 92 73 33 75 69 10 69 56 81 17 73 43 97 53 76 98 62 77 32 27 54 1 3 40 20 80 52 4 18 89 99 48 55 44 67 52 86 7 50 96 22 7 25 96 20 8 77 42 36 87 34 91 48 90 38 98 38 27 27 81 100 51 6 38 3 58 69 72 91 7 63 50 98 41 19 82 91 36 10 11 58 86 67 71 48 5 42 71 50 59 52 99 45 3 95 6 46 98 8 17 48 11 48 6 21 42 75 30 43 39 90 28 11 71 78 100 57 4 24 66 74 78 75 48 57 19 57 46 69 57 73 78 50 43 
25 45 66 18 70 13 74 86 84 22 77 11 90 4 1 66 47 49 21 25 95 100 77 4 17 20 52 66 10 30 80 93 80 10 46 14 1 87 18 8 74 97 50 56 49 93 1 96 7 94 14 70 20 18 70 41 84 85 96 18 36 22 86 54 28 83 95 89 90 17 77 93 39 50 34 41 49 96 99 29 86 22 86 73 93 85 21 25 95 40 80 70 27 81 4 96 28 94 77 19 99 10 43 40 19 75 24 29 32 24 77 34 83 67 49 68 14 67 42 20 93 100 86 22 39 98 64 92 9 40 80 56 94 56 82 49 95 37 84 41 97 7 43 23 5 76 48 71 21 76 
82 23 70 75 37 73 93 95 95 48 2 38 11 87 90 28 23 32 100 58 52 52 87 40 72 66 39 5 64 85 69 21 87 60 42 17 34 57 67 56 71 90 21 60 89 14 23 58 15 31 93 3 36 89 62 54 87 67 75 41 36 32 36 97 100 54 50 44 64 16 43 93 1 67 44 49 77 58 45 14 20 27 58 77 62 48 34 82 57 94 15 63 2 78 53 1 26 47 69 3 27 26 39 33 55 59 46 10 32 65 15 37 34 82 3 57 60 86 27 48 77 9 95 78 44 38 3 68 42 42 96 26 10 60 35 59 24 60 91 81 48 16 63 90 79 70 80 14 63 43 
21 1 14 41 85 98 50 37 98 66 91 58 83 22 98 20 68 96 85 38 24 34 74 21 18 71 14 20 71 1 35 79 59 74 51 84 24 75 19 50 87 40 87 95 34 24 40 19 52 90 46 60 20 39 91 5 1 50 5 69 66 63 79 96 97 76 72 84 60 90 5 26 26 68 47 49 3 36 56 26 74 85 86 76 95 54 65 55 5 94 70 45 4 81 43 97 44 8 61 96 19 55 59 13 70 45 76 65 54 78 23 69 19 49 12 79 13 70 39 42 76 64 19 92 1 33 91 60 29 31 26 73 44 8 69 57 33 2 22 28 49 65 1 81 64 60 97 16 54 29 
11
13 71 106 100 10 121 99 113 62 2 89 
5
38 97 52 29 150 
4
30 34 110 43 
14
70 24 54 34 75 77 124 35 62 45 146 80 16 109 
7
70 54 30 108 57 21 105 
15
29 41 12 68 1 23 7 61 146 133 80 52 110 109 15 
5
8 19 31 63 129 
4
7 131 81 56 
2
53 71 
12
134 139 49 22 24 121 150 109 64 124 84 127 
14
38 30 133 119 70 50 130 87 32 118 65 98 22 143 
7
32 12 50 69 116 149 132 
9
105 69 123 91 68 120 106 31 95 
19
64 106 38 83 80 58 61 56 65 119 23 139 95 33 39 28 44 32 74 
19
147 12 136 13 27 36 15 131 48 55 121 135 93 106 1 31 128 69 105 
12
124 7 94 12 72 123 31 144 33 77 50 2 
7
21 148 44 137 91 28 79 
10
65 22 64 92 11 127 115 74 85 13 
14
44 114 1 42 18 19 21 57 25 76 79 120 26 39 
11
45 77 43 20 139 85 117 143 19 137 58 
4
115 26 49 80 
10
30 37 11 88 78 122 144 105 98 125 
18
4 18 84 57 20 137 103 29 34 143 67 97 15 104 23 138 139 6 
13
144 90 68 83 106 31 42 108 23 69 65 84 124 
19
37 93 113 85 76 106 3 108 52 140 53 5 102 45 56 16 117 101 42 
18
79 69 47 136 49 105 44 140 134 78 30 68 149 21 56 53 34 80 
11
150 89 19 82 29 33 71 106 100 46 63 
13
65 49 110 11 128 79 134 126 103 88 17 6 127 
10
55 20 69 101 19 29 42 30 105 129 
3
82 85 43 

