150 30 
7
18 55 14 95 9 92 45 87 27 40 4 89 52 61 46 12 30 27 27 93 5 8 36 5 80 63 43 37 47 56 94 21 33 2 98 19 29 72 69 9 76 99 90 9 49 47 43 87 10 63 100 35 6 8 18 94 86 71 41 41 81 33 58 60 52 96 43 41 98 93 68 100 4 85 24 27 19 75 43 60 94 64 82 52 42 93 25 9 20 67 11 70 2 33 30 51 19 99 54 73 80 52 34 37 58 86 29 3 96 37 30 60 8 88 71 31 72 31 26 6 35 63 34 45 26 92 30 61 49 58 56 29 47 94 49 23 10 16 82 78 76 65 100 55 18 37 73 32 13 16 
77 24 57 87 75 5 39 32 79 85 32 92 99 74 25 23 10 84 30 94 36 55 70 79 74 66 50 1 34 89 51 76 100 93 47 23 16 29 97 21 35 95 73 69 90 25 88 68 55 50 1 47 74 99 59 77 76 72 99 18 81 70 76 87 30 59 24 80 13 82 38 5 40 96 79 98 36 3 87 76 22 19 13 19 11 6 61 26 59 29 6 11 25 43 32 17 85 41 6 74 66 76 26 42 30 76 26 91 4 63 58 75 62 95 75 56 69 22 69 15 38 11 43 77 99 98 71 11 40 42 12 46 46 98 36 69 51 80 71 51 20 48 6 12 94 50 55 44 11 24 
28 59 82 77 74 16 94 17 10 66 4 70 63 6 12 13 33 37 15 87 40 70 66 56 85 26 56 79 89 40 27 54 89 97 15 40 91 89 75 46 65 33 81 68 8 78 74 7 59 27 44 14 3 20 28 24 40 89 23 38 18 39 86 28 61 58 97 28 45 79 100 60 53 27 91 81 85 86 29 56 44 64 21 23 71 37 26 41 97 90 94 59 37 37 84 44 31 57 99 75 71 24 95 43 84 63 51 100 20 92 55 77 56 35 75 50 88 3 80 53 56 42 17 81 97 61 40 68 20 62 50 72 58 23 69 56 29 71 98 83 17 59 15 19 60 98 38 14 56 2 
79 32 34 16 38 67 53 94 87 3 87 93 76 68 91 92 9 35 19 61 81 98 94 71 14 34 90 61 96 13 25 79 42 40 37 31 30 36 95 4 95 24 2 26 32 20 31 87 58 21 42 28 81 65 95 5 79 27 42 22 14 49 57 70 41 71 74 31 48 25 43 54 67 59 72 69 82 93 4 82 14 79 67 62 71 35 46 83 87 31 4 39 2 23 79 31 63 47 37 83 47 56 64 61 41 86 36 90 93 34 33 24 16 63 74 30 92 56 51 89 100 72 98 7 75 42 53 52 99 24 83 72 94 19 44 47 37 23 48 3 89 23 56 21 88 36 100 83 24 31 
41 93 13 35 93 60 81 17 83 2 19 2 90 4 63 94 32 14 77 86 70 6 61 41 70 12 67 40 66 8 22 54 79 4 18 14 25 67 30 7 52 68 97 15 19 84 84 88 51 97 72 57 57 7 6 17 36 61 68 84 13 71 30 61 14 54 96 69 71 14 97 99 3 3 68 30 55 30 72 98 88 64 51 51 25 43 60 77 70 35 28 56 41 83 40 16 67 31 43 39 88 98 25 28 68 80 60 65 39 12 38 32 55 43 99 48 15 63 85 50 8 28 35 3 69 1 32 29 31 92 94 50 98 21 71 56 4 55 89 81 13 14 78 29 92 51 84 12 71 77 
43 33 54 47 55 77 21 25 89 25 9 82 25 92 93 32 33 12 50 65 54 88 74 88 10 36 35 36 62 93 92 75 99 88 9 99 94 90 11 3 91 72 25 25 67 85 12 93 37 24 79 41 53 45 1 53 25 99 27 13 99 35 88 16 76 6 37 52 7 93 43 62 46 20 52 60 76 96 67 76 25 74 61 98 71 66 91 71 24 85 84 84 27 40 67 58 14 58 78 92 86 71 10 27 44 5 92 75 75 56 58 100 58 69 34 61 93 32 52 19 95 86 64 86 42 58 42 25 99 99 52 73 58 38 85 55 8 33 6 12 12 33 17 31 29 72 59 17 25 41 
46 44 76 43 36 55 78 5 87 22 1 25 16 44 37 93 21 67 33 13 23 79 100 47 77 52 75 94 70 26 96 30 95 60 30 2 48 68 19 54 61 45 56 99 11 73 61 60 54 8 9 59 66 96 63 72 38 8 12 51 83 43 42 40 22 58 73 34 54 83 34 23 64 56 28 65 30 75 75 17 50 63 97 32 19 48 97 63 18 8 48 86 72 73 92 34 59 76 32 53 9 39 61 78 31 84 2 6 36 7 9 64 45 72 51 20 62 45 86 50 75 6 24 53 82 3 67 61 62 2 75 6 32 58 33 13 37 7 52 29 57 54 5 82 69 88 9 6 56 25 
4
44 116 5 87 
18
91 133 122 49 48 18 76 55 128 58 64 57 16 124 100 106 105 89 
6
138 127 115 123 99 86 
11
46 83 66 63 4 49 31 61 85 26 84 
2
48 46 
12
140 137 36 53 17 29 148 138 78 105 34 82 
10
63 29 115 93 57 26 13 132 7 119 
2
119 59 
16
48 123 138 88 144 56 14 89 83 59 133 115 136 37 27 16 
15
96 91 82 56 31 109 128 84 94 47 135 22 136 73 121 
5
113 15 34 41 63 
19
1 117 105 107 141 7 27 19 50 49 13 75 44 43 36 97 22 132 131 
3
50 20 72 
12
129 28 35 53 108 15 80 29 67 146 74 11 
20
118 88 5 110 49 23 65 16 145 81 32 48 149 109 7 4 130 91 135 93 
2
43 5 
13
124 97 20 89 116 31 94 117 69 77 85 145 40 
5
130 29 100 140 26 
10
97 10 83 1 42 7 66 2 132 139 
17
130 105 132 54 123 73 11 85 94 86 113 118 116 117 17 97 52 
19
43 25 13 41 27 85 9 95 120 102 134 75 72 94 115 127 91 86 133 
14
54 88 29 17 81 15 51 59 111 138 64 20 95 22 
10
61 30 90 17 20 66 68 80 34 1 
5
23 110 8 136 143 
12
62 81 28 42 37 116 79 106 121 110 72 31 
13
89 105 107 142 12 41 127 2 27 55 6 97 88 
16
90 127 126 137 145 70 88 25 99 67 140 139 110 12 129 9 
6
131 90 135 56 122 138 
14
141 111 25 3 42 92 140 82 24 83 7 49 119 50 
13
109 76 106 113 28 13 103 25 146 41 19 87 21 

