150 30 
7
65 16 27 34 19 14 34 18 7 18 28 4 23 60 16 38 87 16 9 9 100 33 80 73 42 63 58 20 20 93 44 8 91 19 55 6 21 79 42 50 100 89 9 95 75 30 48 82 51 4 19 53 37 52 92 6 13 52 67 82 76 22 42 83 55 97 42 33 62 80 78 20 36 28 99 49 65 46 39 66 59 66 47 13 37 2 32 4 37 54 12 93 40 56 49 48 49 11 42 29 89 97 35 41 88 23 84 58 51 40 86 62 53 12 14 36 60 1 22 31 34 10 10 8 78 1 51 1 80 72 45 44 22 63 67 38 91 98 24 37 93 68 68 8 19 80 16 88 4 84 
60 30 16 26 88 65 59 29 41 66 55 66 10 62 51 93 78 60 65 78 46 56 71 46 33 53 96 83 40 70 69 87 67 63 32 28 29 70 56 90 15 73 48 78 14 38 98 77 66 21 48 67 40 84 12 81 82 12 10 88 56 45 93 75 7 57 28 46 39 92 83 36 86 68 9 93 32 59 13 41 46 24 12 65 48 48 83 68 44 34 88 23 65 96 71 68 97 13 41 79 98 89 63 87 98 9 32 18 40 57 92 7 31 38 62 68 80 29 46 62 34 44 66 100 55 89 47 6 2 2 93 31 79 79 46 5 80 1 35 46 16 65 17 50 73 11 84 34 91 75 
81 74 53 80 14 99 56 62 60 69 47 53 77 75 86 22 10 82 90 92 63 16 24 73 59 68 37 7 71 71 82 99 35 26 56 40 52 66 58 35 92 43 37 13 97 91 69 7 6 28 65 27 100 14 3 84 38 81 6 6 7 52 19 3 35 77 97 60 63 63 5 65 59 79 12 93 81 100 80 2 70 93 44 24 57 85 99 55 54 25 20 94 33 88 56 6 1 59 95 6 40 26 58 29 71 71 60 94 11 79 75 54 20 11 32 30 28 21 42 91 97 96 53 48 60 78 77 8 88 9 71 17 31 96 16 45 71 35 1 88 64 59 71 12 75 34 48 12 26 95 
63 13 68 36 48 29 99 50 26 44 20 89 82 74 47 4 79 80 60 83 26 33 70 76 54 89 96 6 86 56 84 29 38 51 85 13 2 46 59 77 13 43 64 89 47 46 25 70 5 15 20 98 38 11 79 68 29 72 28 10 65 77 9 15 66 49 7 76 7 53 52 70 97 61 85 47 70 61 81 43 5 35 18 72 1 96 68 31 53 22 9 51 78 98 83 48 73 86 46 11 75 39 71 8 65 58 36 88 87 73 44 99 25 37 54 33 25 24 34 84 69 31 56 59 39 65 72 42 55 96 68 10 56 77 92 43 62 90 50 20 70 81 96 80 18 10 46 35 87 11 
83 81 21 94 46 76 5 43 7 27 32 70 89 52 84 51 46 75 40 72 33 6 27 95 100 24 80 56 76 46 86 22 5 88 71 93 30 73 95 1 12 85 38 27 24 27 21 3 53 64 92 17 38 1 44 33 13 98 40 12 99 16 59 15 52 5 31 66 91 74 50 47 10 55 78 81 87 58 54 20 28 67 55 88 62 91 49 61 38 38 28 88 4 45 93 15 56 53 56 29 7 57 88 34 93 4 80 17 53 66 8 44 1 63 48 86 25 23 40 38 23 60 60 35 48 7 14 6 28 60 65 6 56 82 65 49 66 38 37 47 64 100 94 61 22 68 9 77 15 11 
5 44 35 85 89 9 23 71 86 15 7 97 40 65 9 41 64 37 75 63 17 86 90 47 96 58 87 6 91 94 51 84 32 78 2 81 91 7 13 47 45 75 95 37 21 16 84 18 92 6 7 73 90 89 84 100 49 89 45 38 44 44 36 20 56 98 76 17 85 97 15 58 63 5 48 69 6 58 55 90 75 42 17 33 27 3 58 95 3 23 49 78 23 49 21 24 54 71 33 58 73 21 40 29 100 42 91 35 100 37 43 70 20 96 70 27 65 22 53 84 74 42 95 11 63 27 14 17 97 89 38 48 61 25 40 30 46 18 29 53 34 74 73 2 68 72 63 34 74 57 
28 74 84 14 84 78 88 54 13 76 99 73 50 95 39 80 85 56 25 100 33 21 16 81 19 57 20 25 100 67 54 64 13 3 37 79 85 20 57 10 82 66 100 75 80 3 50 93 88 99 25 15 28 5 54 96 68 81 12 42 15 38 92 99 80 36 45 94 34 11 60 3 17 70 53 90 10 43 88 2 66 25 51 48 85 4 34 84 77 85 42 98 89 24 3 96 33 30 1 87 11 39 36 78 31 85 78 14 83 66 7 94 30 80 13 35 97 85 66 21 39 56 5 19 40 40 100 41 36 42 66 67 35 73 100 84 10 67 14 100 42 80 71 39 19 10 70 91 41 20 
14
21 109 138 65 17 54 111 113 20 48 107 14 59 61 
11
41 135 34 84 63 74 98 47 80 132 128 
16
26 56 1 12 147 101 89 93 91 3 112 31 46 123 117 104 
6
114 101 84 1 67 60 
11
139 78 133 22 108 131 6 109 77 88 17 
7
4 130 115 147 32 87 120 
19
48 124 15 146 75 27 126 96 1 98 39 95 12 65 14 114 33 94 76 
9
46 93 18 135 139 118 128 62 126 
2
54 49 
20
99 74 46 51 38 8 27 14 29 31 106 42 136 45 69 67 57 20 25 39 
11
116 58 146 54 149 72 98 16 96 100 20 
4
144 122 52 59 
15
22 138 73 13 16 103 112 44 26 92 28 100 36 108 42 
10
73 20 21 15 66 2 137 74 119 87 
9
125 25 78 11 120 113 138 105 149 
20
143 89 9 61 81 64 145 110 150 114 76 148 127 49 48 39 101 130 6 22 
16
71 61 44 105 140 41 97 132 85 143 40 131 12 137 120 62 
10
85 18 146 102 90 53 30 37 10 87 
12
34 89 9 28 113 77 19 96 22 115 40 129 
19
73 37 63 77 5 139 124 144 82 24 48 92 147 116 143 67 1 2 81 
2
108 46 
20
147 102 114 12 63 72 39 143 19 138 10 34 121 145 79 22 11 112 84 48 
5
84 78 130 100 106 
8
73 129 48 83 119 118 18 28 
7
75 36 92 141 127 86 138 
7
27 3 95 34 97 87 112 
19
101 132 133 108 138 65 74 128 76 73 95 28 93 42 4 129 27 122 64 
5
37 130 54 15 81 
18
92 117 5 108 58 101 123 125 71 143 9 4 106 133 2 48 107 14 
17
15 78 131 135 54 100 8 130 21 82 116 67 106 61 75 97 114 

