100 20 
7
47 22 11 68 83 56 89 62 67 80 60 21 1 41 54 39 4 90 9 98 7 81 4 28 71 83 77 2 61 49 33 34 97 30 20 6 59 100 37 68 13 42 72 39 11 25 19 66 2 52 77 14 32 80 76 62 16 6 10 64 5 63 19 76 10 17 88 12 95 89 21 87 70 9 33 53 75 32 49 84 64 95 71 56 45 45 95 60 6 12 53 36 47 6 39 13 16 42 98 76 
33 51 18 18 57 77 66 86 16 26 35 34 27 89 74 9 57 90 85 45 32 93 15 51 34 30 7 10 2 82 77 8 50 81 43 81 79 79 100 66 2 3 7 5 100 40 23 51 82 12 13 79 66 5 74 28 4 27 10 39 7 97 19 26 74 63 67 70 5 79 58 4 45 24 47 19 39 42 69 73 54 12 89 1 33 30 24 99 94 49 8 42 22 11 27 49 13 27 1 11 
95 45 76 17 14 78 12 30 65 90 90 91 30 77 80 50 26 60 72 11 57 21 58 82 91 53 5 72 60 53 90 37 39 39 46 39 66 71 8 49 34 67 28 20 79 12 62 5 16 63 60 17 22 1 71 97 91 74 63 3 39 31 45 32 87 48 52 80 5 32 3 24 69 60 80 3 13 43 78 99 52 41 58 85 26 62 32 75 52 47 50 66 92 29 85 95 39 54 64 15 
64 36 54 45 9 45 1 77 86 44 10 32 17 44 75 40 39 9 83 28 2 70 8 61 92 2 79 95 43 42 34 59 96 51 35 94 21 72 56 75 96 10 98 85 78 29 66 53 16 40 35 18 54 28 40 78 34 54 29 1 6 99 1 87 24 50 89 50 54 2 2 1 13 93 58 24 18 96 64 66 30 59 73 62 84 62 14 82 82 19 73 44 17 16 4 59 89 72 40 50 
43 23 21 26 35 42 95 17 45 42 43 94 59 53 11 8 31 70 10 83 33 55 100 60 27 47 39 27 12 9 77 98 51 29 26 59 14 96 5 78 79 27 33 65 94 68 55 69 76 13 37 19 23 4 5 72 93 99 52 14 72 72 86 41 63 94 78 52 35 50 55 18 85 96 73 39 7 42 96 21 22 5 50 82 23 30 42 26 98 55 95 45 57 74 99 72 42 70 31 65 
67 26 52 71 60 88 57 74 37 96 68 33 66 66 31 91 42 12 12 40 82 31 16 75 35 2 10 98 22 92 77 28 14 21 83 13 33 30 24 24 19 90 24 7 76 83 48 83 21 64 60 46 64 87 3 24 74 21 7 47 43 40 100 95 96 65 45 49 11 25 27 40 16 47 35 70 34 99 36 58 71 23 12 85 87 94 57 98 14 59 10 4 48 90 86 78 39 26 48 69 
35 89 2 97 45 67 54 21 61 45 30 37 41 57 11 27 62 39 20 88 52 61 54 90 80 53 23 51 44 16 43 31 26 93 2 48 35 90 58 61 9 29 68 71 75 78 96 3 57 95 32 16 82 17 87 52 43 64 27 28 62 78 73 2 53 59 100 47 96 71 18 4 83 63 65 27 39 73 23 94 68 41 83 87 85 12 72 39 87 35 51 61 74 31 15 74 77 46 43 49 
9
56 9 69 13 70 82 55 57 39 
11
77 37 52 20 87 35 41 25 67 13 48 
4
62 29 73 4 
7
17 11 15 47 39 55 74 
11
60 1 76 72 92 27 94 54 29 83 64 
14
16 25 68 35 73 6 99 65 93 49 17 94 95 7 
7
60 87 30 93 99 26 3 
5
1 17 16 5 95 
16
13 5 59 97 92 53 27 83 91 32 50 76 28 1 100 36 
11
29 73 25 56 42 33 57 58 90 81 50 
7
48 96 65 81 59 90 93 
4
43 44 11 97 
7
21 93 8 60 59 94 22 
4
71 1 31 16 
4
46 64 58 31 
9
74 73 39 10 43 53 8 81 20 
16
49 34 94 68 36 19 40 89 22 86 8 44 84 59 54 78 
3
13 46 57 
7
19 15 52 32 74 89 83 
20
42 69 67 14 63 5 28 70 15 57 81 50 1 78 38 99 44 45 26 34 

