100 20 
7
85 53 56 88 28 13 82 22 20 71 41 36 40 42 31 32 78 7 59 92 14 93 71 6 37 99 3 3 93 36 58 33 34 59 57 71 22 74 25 56 10 1 90 83 26 89 13 54 17 59 11 91 22 96 75 18 9 8 73 2 29 49 23 92 100 40 81 13 6 68 14 26 71 62 81 41 27 87 68 82 95 92 32 71 65 9 97 63 94 35 99 55 18 18 93 46 56 12 6 60 
16 67 83 91 71 49 41 9 13 86 18 63 56 5 4 90 2 56 29 96 4 10 16 30 14 30 67 45 50 80 4 81 83 92 79 46 20 15 76 49 32 37 32 45 98 7 14 22 75 45 98 20 100 98 75 7 83 96 41 86 55 88 10 63 19 96 47 44 22 89 92 89 7 27 28 92 47 66 42 86 7 15 89 77 32 2 61 94 69 26 51 100 99 79 57 51 64 74 98 60 
28 90 55 18 68 96 86 99 54 3 98 41 1 88 30 30 70 77 74 16 8 39 92 36 65 88 3 93 55 30 86 38 7 66 100 70 41 18 64 87 80 74 72 85 86 62 6 16 52 83 87 44 94 39 15 92 21 32 69 29 73 96 96 40 22 29 76 87 34 82 70 76 74 69 46 56 44 9 69 86 19 37 36 12 78 9 69 56 78 52 35 69 91 85 71 87 64 59 68 4 
37 38 90 33 73 46 18 19 83 46 53 46 25 95 98 74 83 21 35 26 43 55 82 85 43 17 77 17 16 30 78 36 34 19 10 16 85 17 55 60 15 7 73 86 12 8 82 39 83 70 46 37 9 64 34 80 10 87 5 74 69 62 11 89 10 59 84 79 67 36 43 45 62 94 69 69 34 51 35 82 84 2 100 52 82 97 6 14 81 89 93 2 42 48 82 32 38 58 40 85 
19 73 71 39 69 25 13 95 60 10 71 7 13 62 30 17 37 33 14 95 3 71 75 40 86 2 40 65 30 83 18 35 86 97 80 19 23 73 22 68 7 97 85 77 81 58 37 60 54 96 70 63 4 82 93 31 25 28 61 22 17 35 48 17 77 59 25 29 51 73 53 19 55 59 29 28 60 47 25 3 69 29 32 1 71 19 71 79 1 77 44 47 92 31 56 5 85 90 40 95 
78 99 73 76 13 23 8 69 51 61 60 13 16 46 6 40 97 32 33 81 40 4 25 36 45 1 8 18 79 44 50 64 78 32 22 93 87 37 85 21 73 31 35 68 67 80 93 39 68 40 53 63 63 61 9 41 36 82 85 88 64 16 87 55 7 10 97 94 37 50 49 26 44 50 15 14 80 54 25 58 59 84 25 31 5 36 28 89 11 13 80 74 74 32 22 83 51 23 32 85 
36 78 32 58 21 51 64 12 61 95 32 80 5 12 8 20 77 72 14 12 6 18 49 51 51 50 73 47 13 3 89 59 60 38 60 27 95 86 88 1 66 69 83 67 96 30 81 95 71 50 78 95 55 53 90 19 34 96 4 10 36 21 40 18 38 56 56 95 13 15 89 48 89 66 84 93 22 80 41 34 51 4 64 36 1 28 76 48 49 86 18 70 54 100 65 52 14 86 62 8 
7
100 86 54 81 30 68 22 
17
32 29 73 19 88 69 4 89 13 98 26 43 21 12 36 42 23 
5
93 7 83 65 53 
4
6 62 43 3 
20
33 28 51 89 17 35 78 3 7 1 76 65 36 40 99 43 93 12 45 84 
16
44 32 92 16 35 38 40 2 93 75 34 48 45 91 86 39 
4
22 43 83 19 
12
4 20 82 93 59 83 56 73 41 46 47 39 
10
88 19 27 78 8 77 57 26 100 10 
6
30 53 62 67 28 39 
4
51 34 82 97 
20
69 61 31 35 46 62 4 27 63 58 32 86 13 19 88 6 55 59 45 79 
3
92 66 77 
17
43 34 21 18 73 60 31 65 96 87 66 91 74 63 40 84 15 
5
30 24 57 92 3 
9
21 1 68 35 69 10 51 78 24 
6
41 91 47 86 80 2 
4
67 68 65 29 
17
35 78 42 90 71 32 31 38 53 13 1 39 98 6 84 43 25 
11
50 84 74 40 80 46 94 64 100 7 16 

