175 35 
7
74 30 55 36 31 46 43 15 3 29 15 18 93 1 39 56 12 81 55 7 86 39 47 23 13 70 24 26 41 64 78 69 65 88 80 17 13 43 96 38 72 69 35 56 36 45 42 21 84 31 95 16 97 98 26 73 82 5 60 65 31 39 67 75 14 91 15 18 41 14 35 67 34 24 39 14 13 89 51 38 47 24 64 80 63 31 50 39 72 73 44 15 19 60 16 32 41 31 26 25 86 48 81 85 26 33 85 17 34 25 41 4 77 21 98 6 72 2 19 17 94 21 27 9 31 93 70 49 89 29 61 23 13 85 9 10 63 4 83 30 22 77 10 98 62 56 50 22 49 32 83 27 51 58 54 3 35 16 43 60 72 89 66 19 17 26 54 84 37 87 50 33 34 3 27 
43 53 66 60 65 47 75 70 7 15 81 16 99 42 69 88 21 77 6 82 2 28 94 50 71 40 26 72 62 6 83 24 80 34 64 56 39 7 34 46 84 21 30 54 1 59 90 49 34 91 85 22 29 57 71 3 14 25 4 98 58 90 3 20 41 48 54 43 20 99 22 86 38 83 79 23 18 52 31 84 35 67 63 72 91 88 22 86 74 25 80 97 26 71 53 61 85 68 45 88 45 94 33 11 55 54 1 1 6 37 78 87 90 49 38 66 80 28 4 85 19 76 54 32 13 63 69 62 37 55 34 23 100 80 53 37 43 37 67 85 96 18 47 96 50 55 32 39 31 45 5 76 79 15 7 21 81 99 17 5 22 93 59 31 37 17 86 78 38 58 89 34 86 80 66 
79 25 66 15 4 1 55 89 91 1 7 9 59 10 75 18 1 74 84 86 37 93 81 74 12 27 41 33 85 16 79 50 3 27 43 13 11 66 48 19 65 86 94 100 53 23 33 100 2 85 35 43 87 11 37 82 62 44 73 48 31 34 74 25 74 40 15 41 84 38 57 49 23 28 87 33 34 66 54 16 37 11 24 18 16 93 77 97 59 7 98 67 68 97 3 17 15 25 2 51 64 40 96 95 91 83 45 76 15 85 91 82 78 14 72 50 33 70 18 73 14 55 41 42 65 11 58 10 50 41 88 63 1 81 31 84 2 67 88 59 47 46 66 95 9 34 22 24 36 1 36 7 73 9 44 66 32 25 3 78 55 89 42 76 65 38 88 12 36 12 39 16 97 53 27 
43 21 29 21 84 89 43 93 56 30 71 74 69 6 27 24 46 64 1 35 24 82 19 48 88 65 7 76 93 91 66 46 41 8 83 74 19 93 70 28 4 37 43 18 62 83 47 38 83 44 70 62 27 48 90 5 64 85 90 98 13 75 40 56 57 39 70 64 44 51 85 6 34 17 36 27 45 91 21 69 34 100 76 82 39 87 53 57 81 69 49 67 57 53 74 35 48 64 40 14 25 36 55 48 61 2 52 89 25 20 62 70 8 55 74 51 73 61 64 75 64 82 80 90 19 41 75 72 23 5 31 50 87 87 21 68 52 46 62 34 14 21 51 96 78 56 73 55 97 95 35 91 67 5 28 43 13 18 26 45 50 28 48 19 76 37 37 37 93 35 63 100 64 50 86 
90 28 68 63 45 63 9 13 18 97 58 2 62 22 28 74 70 42 57 32 23 93 49 2 66 33 61 99 20 39 74 78 6 96 45 25 63 84 77 98 40 83 90 49 75 2 95 27 61 29 95 91 55 5 95 81 83 86 22 25 15 18 31 5 5 54 43 28 44 39 40 34 91 54 45 89 68 36 96 66 21 99 8 33 68 50 88 33 93 6 49 52 97 6 51 48 56 2 100 29 38 100 39 39 97 72 71 66 4 97 86 66 6 49 75 21 96 40 86 93 17 75 74 67 92 100 7 90 26 78 5 58 91 66 32 62 80 25 35 75 24 55 24 7 62 28 21 6 89 21 74 50 48 11 65 23 87 90 95 89 45 50 14 1 99 41 52 16 62 76 54 34 5 64 38 
43 65 86 8 43 10 16 76 24 56 73 34 31 57 24 55 73 8 35 20 4 24 34 24 84 83 91 97 64 40 31 52 36 30 87 28 89 2 19 9 23 24 37 57 3 94 90 16 57 59 35 26 26 58 69 60 74 19 77 7 63 35 1 68 59 19 74 29 37 27 7 30 49 27 44 74 95 64 84 99 15 89 96 41 43 62 98 62 15 21 85 43 80 67 85 20 57 22 70 78 86 96 55 35 24 21 3 94 48 47 66 47 6 41 3 91 73 99 49 19 37 60 86 29 88 37 76 10 18 4 76 80 80 81 43 4 21 53 91 52 63 43 37 94 15 99 58 23 34 64 10 51 44 50 20 84 7 17 26 32 100 8 22 36 40 75 9 47 4 59 35 42 23 45 16 
94 92 17 64 73 68 83 11 77 88 70 89 59 26 54 61 5 58 52 82 46 98 7 65 81 51 39 55 50 53 42 98 38 87 92 83 35 42 21 83 3 63 45 83 88 55 5 56 34 34 16 97 82 7 66 8 68 3 16 62 58 14 23 64 34 57 85 76 15 91 53 81 1 84 34 99 87 31 4 44 16 59 69 21 25 26 49 28 70 55 65 15 77 41 9 59 33 4 85 36 3 89 55 31 61 93 46 35 3 56 3 65 52 53 32 33 77 69 22 57 84 41 30 71 40 58 5 72 69 45 49 50 85 97 56 81 88 23 80 10 5 81 89 11 27 73 66 5 35 95 50 79 55 2 89 65 52 4 97 68 9 93 74 41 31 90 89 100 51 33 73 70 45 97 48 
7
151 56 8 57 50 6 98 
15
141 118 170 76 37 39 105 31 133 164 171 89 98 134 72 
19
106 90 128 56 67 132 81 4 175 65 137 127 78 91 99 169 80 21 86 
3
56 47 39 
18
92 157 121 36 94 135 54 88 131 59 18 30 83 35 64 46 91 172 
9
145 126 69 33 91 159 1 12 169 
20
132 78 100 172 10 163 128 160 161 79 32 135 8 18 169 44 127 35 140 16 
6
119 76 170 90 152 158 
2
56 150 
8
71 52 171 39 5 128 24 6 
20
138 99 38 20 58 79 132 39 69 11 71 145 64 128 94 96 45 140 156 101 
11
162 25 22 59 102 105 145 40 92 12 49 
5
31 148 75 91 28 
8
162 59 141 169 74 130 121 100 
15
25 104 124 98 160 91 142 139 28 4 18 78 167 134 165 
19
5 88 172 61 84 45 137 17 92 152 174 149 59 145 70 138 86 122 90 
3
22 40 131 
11
116 86 66 78 37 98 166 7 21 95 105 
5
84 102 88 148 16 
16
103 39 27 117 123 8 14 170 47 66 75 83 130 159 10 48 
4
28 174 170 121 
17
171 62 157 170 75 9 60 158 114 72 169 51 136 149 159 121 151 
12
12 136 171 100 54 132 78 44 146 159 99 165 
12
67 174 31 60 166 36 123 63 162 108 50 139 
9
150 19 6 73 15 76 89 113 95 
7
115 98 95 54 64 41 52 
2
127 101 
18
80 145 175 156 167 164 125 160 44 63 171 60 109 25 83 27 139 23 
16
85 36 69 169 171 40 126 129 160 95 114 167 7 149 17 110 
17
136 150 96 65 147 28 23 76 94 59 69 125 166 24 10 39 15 
20
134 40 132 84 123 6 149 76 157 82 42 96 27 17 85 62 29 44 30 129 
11
7 13 169 4 69 65 126 55 110 23 170 
4
172 82 11 133 
4
123 16 137 39 
4
169 156 35 155 

