100 20 
7
10 9 72 77 4 31 73 62 78 13 10 1 100 10 4 100 32 29 11 42 27 14 95 32 66 59 97 68 92 52 75 22 19 2 70 92 42 85 40 48 21 50 40 98 6 100 79 3 35 76 14 99 95 80 64 30 62 64 60 42 68 25 16 23 59 56 4 57 9 46 70 64 41 80 13 5 72 77 88 99 6 3 80 22 11 34 51 14 99 40 72 88 89 23 31 23 60 60 1 29 
77 45 100 53 33 22 15 36 11 75 28 24 60 80 68 61 34 13 7 37 78 76 17 87 39 69 35 38 19 99 44 100 42 98 37 31 86 47 87 76 63 10 67 30 99 1 3 26 90 3 93 80 10 26 69 55 99 61 89 77 67 6 75 18 18 5 4 35 84 55 32 90 43 57 36 26 20 34 84 38 10 36 38 66 60 73 85 40 7 67 55 33 64 52 69 40 23 8 45 31 
38 17 48 50 47 86 85 4 56 13 24 52 45 59 93 23 100 77 5 69 49 54 12 26 78 100 81 85 91 18 65 46 89 64 54 95 43 8 79 3 97 70 41 29 6 30 6 10 44 42 60 66 71 45 30 35 92 39 2 22 15 5 42 58 68 27 97 51 34 43 20 45 51 20 38 65 10 11 79 72 80 95 52 47 69 8 23 9 90 73 68 69 59 78 84 3 54 40 77 13 
71 17 14 82 59 18 14 84 4 16 55 79 78 3 87 2 14 23 70 38 4 6 91 5 87 95 25 60 33 70 22 17 93 3 71 67 14 58 29 99 83 18 71 59 23 50 24 47 33 27 51 93 24 7 78 41 82 61 31 65 51 90 49 17 79 76 43 56 57 32 65 86 2 33 91 97 12 7 45 65 43 61 88 10 21 76 42 81 48 84 1 58 92 43 45 6 100 18 95 56 
45 25 22 89 64 20 74 75 62 46 68 71 91 28 48 25 9 32 90 95 43 92 5 28 44 92 1 87 17 94 80 97 43 12 5 46 54 100 100 40 31 41 11 49 14 89 33 98 10 43 78 17 23 66 13 79 40 91 71 78 25 2 68 100 59 96 98 11 39 89 39 100 38 18 92 90 70 4 46 90 76 47 91 63 40 93 17 71 63 45 44 2 78 26 27 21 20 38 3 95 
96 26 55 84 69 72 16 2 57 75 35 73 1 89 73 2 60 7 33 57 73 39 69 36 57 79 28 82 82 96 98 90 21 44 98 26 72 41 78 38 6 19 57 9 75 6 68 8 37 64 79 91 19 8 86 15 80 50 78 9 90 61 24 23 100 40 12 52 78 41 36 17 50 18 25 87 94 57 1 16 87 57 23 67 32 8 73 40 81 97 36 87 91 72 17 96 60 32 3 80 
72 60 82 54 28 19 79 57 32 13 36 100 90 65 37 91 55 89 10 76 67 6 28 12 6 26 22 45 53 95 23 1 43 71 52 12 27 87 94 5 81 72 80 27 57 86 34 57 22 12 21 83 21 59 10 69 36 5 17 79 77 85 13 46 33 2 41 47 46 92 49 90 9 49 72 25 58 4 97 24 54 61 25 4 63 62 20 61 98 5 53 87 73 99 39 58 50 55 13 2 
2
57 60 
15
27 60 91 93 44 59 50 11 96 81 7 71 43 95 38 
17
34 71 44 79 64 31 23 16 32 96 15 5 73 39 89 21 7 
6
84 69 86 27 19 29 
20
18 85 1 81 55 82 28 16 11 56 15 91 48 19 2 9 14 47 41 69 
18
53 93 23 56 84 98 89 1 15 42 50 25 44 64 77 34 78 40 
12
74 28 71 86 33 34 95 43 4 93 14 20 
17
90 7 43 13 11 45 84 14 25 33 70 92 85 65 29 18 89 
6
25 33 79 55 78 98 
5
86 56 61 84 25 
6
70 15 82 84 3 18 
20
28 60 82 43 41 63 10 77 57 4 83 98 70 97 9 34 73 42 99 76 
15
59 69 22 53 71 37 74 21 35 58 29 86 68 80 57 
17
84 7 26 52 81 13 43 92 70 16 23 4 46 5 61 66 38 
3
39 43 6 
3
92 60 22 
17
26 72 43 53 25 7 67 40 5 23 65 95 9 47 51 92 80 
12
1 92 80 40 12 10 8 4 61 96 31 95 
18
38 84 19 26 13 9 88 71 14 8 32 87 81 20 55 90 54 24 
4
65 24 49 10 

