100 20 
7
63 1 38 31 96 79 39 58 20 12 4 72 18 59 84 78 22 45 45 96 24 37 30 22 90 57 38 18 84 8 95 52 26 5 79 61 23 60 72 48 3 41 8 25 71 59 30 44 90 41 84 84 17 75 93 68 34 74 63 50 83 73 66 32 95 49 12 82 65 51 90 77 70 45 19 61 94 81 71 35 41 74 34 57 69 29 12 69 25 14 15 98 35 68 66 86 87 50 35 34 
100 4 4 1 8 40 74 34 52 85 89 11 46 35 32 97 43 16 36 72 91 40 60 70 80 4 56 49 71 99 81 66 7 32 59 77 40 57 62 97 29 91 25 41 63 14 27 17 78 30 72 69 51 17 94 84 58 31 91 32 66 52 55 45 22 19 4 82 39 19 6 62 78 32 41 48 52 47 7 53 79 43 80 85 3 77 21 6 89 24 81 27 16 28 8 100 73 69 6 69 
93 46 16 47 14 50 8 95 81 49 63 23 10 49 51 83 90 41 30 64 21 62 11 68 10 87 77 3 3 47 47 79 2 66 57 97 85 60 19 45 56 3 28 50 6 77 25 50 6 14 19 59 64 84 95 34 17 67 5 87 51 9 90 37 60 61 71 18 40 58 85 89 91 60 81 5 67 46 71 99 86 16 87 80 46 85 25 80 89 90 68 5 68 43 65 84 3 86 60 100 
23 28 43 86 97 83 44 78 55 31 31 56 58 24 41 19 64 3 78 6 27 53 66 23 57 96 5 85 99 100 27 3 78 98 77 50 39 44 90 18 96 58 93 9 37 50 90 54 2 3 27 52 20 22 39 81 40 3 91 2 63 48 26 19 43 73 17 42 15 80 10 58 42 27 18 42 7 93 4 9 75 68 55 79 36 94 40 53 18 31 93 65 35 85 2 100 54 14 89 2 
42 72 30 44 19 95 67 52 21 19 39 94 31 1 85 74 67 80 10 2 1 68 62 33 66 48 98 24 37 26 45 96 54 72 45 39 81 37 53 20 40 7 88 39 28 10 95 46 83 79 80 65 72 24 36 96 90 40 80 9 13 94 42 51 55 51 64 13 45 9 11 50 29 78 61 89 35 3 41 72 13 26 96 100 84 37 58 7 26 17 9 46 21 59 69 61 65 57 99 11 
21 10 79 33 72 50 6 67 64 65 82 71 16 17 90 10 85 85 67 87 6 13 8 86 97 79 33 21 71 95 66 39 76 9 5 35 91 49 92 41 69 99 83 33 64 63 68 80 37 47 34 66 59 43 88 96 51 43 57 71 74 23 22 100 90 26 100 82 47 26 58 26 9 75 59 77 5 49 92 86 90 90 82 67 4 99 57 72 90 34 21 82 40 66 72 91 40 16 53 31 
92 85 14 84 58 8 94 36 68 29 21 50 42 93 2 28 38 49 7 13 76 36 91 62 75 44 14 17 27 80 74 54 56 21 6 48 2 28 8 21 91 56 94 8 14 89 89 12 21 44 61 96 51 81 74 63 11 19 8 21 47 66 26 64 50 5 83 84 39 35 79 91 74 1 29 77 32 60 27 36 86 64 42 66 39 35 45 43 38 30 77 75 37 65 75 59 40 60 60 87 
18
32 70 24 43 93 7 54 23 68 55 66 52 69 47 85 27 74 89 
16
34 64 84 52 87 70 29 50 2 9 27 5 24 78 53 71 
20
7 58 21 92 95 15 61 77 67 63 9 28 5 27 31 14 44 71 3 32 
6
75 87 88 9 19 23 
5
3 77 52 22 84 
12
46 16 32 55 85 11 81 42 50 5 9 71 
10
73 95 13 63 55 36 94 87 79 93 
20
71 68 59 44 86 51 18 89 50 26 64 81 82 5 70 25 40 74 61 69 
12
31 98 22 12 11 49 24 70 73 25 18 61 
19
40 52 8 54 62 99 71 6 89 10 67 65 81 78 5 88 66 76 56 
9
77 3 24 12 23 27 11 48 31 
17
54 22 4 40 23 10 35 19 25 89 52 17 2 48 83 93 8 
3
65 42 88 
9
37 39 90 42 77 54 66 53 16 
14
26 32 49 85 33 57 14 72 30 82 78 69 80 18 
5
88 84 53 98 32 
6
64 28 46 41 69 14 
14
27 36 66 14 88 5 54 12 99 73 25 37 15 62 
5
89 59 46 56 11 
10
20 6 65 66 52 57 88 7 44 93 

