175 35 
7
43 29 66 23 70 100 70 15 61 55 92 57 35 5 13 63 26 14 19 21 78 66 58 84 44 37 13 74 61 90 64 48 19 69 44 42 18 63 98 4 11 58 70 54 93 37 92 40 94 33 57 31 47 62 4 1 55 57 80 57 93 36 53 64 22 35 86 18 74 1 16 52 4 43 6 21 22 90 12 45 12 89 79 48 11 37 22 96 93 51 24 3 84 92 100 89 62 11 12 96 82 46 1 84 35 19 80 50 80 55 71 25 9 76 75 8 100 65 98 94 16 82 19 13 17 99 43 43 21 32 28 37 66 49 97 3 47 9 21 71 48 3 95 48 67 55 19 56 72 70 58 33 57 4 35 8 81 81 77 51 23 9 65 26 60 79 35 45 83 51 23 40 98 93 42 
53 94 27 46 96 92 30 1 67 67 20 98 75 100 44 33 39 93 71 2 72 99 95 35 16 85 49 11 36 56 37 70 93 33 54 100 56 99 22 76 8 17 70 15 74 14 7 38 83 9 33 95 3 94 32 69 35 56 27 90 79 95 50 49 49 23 78 46 7 93 83 38 29 74 61 90 44 92 28 38 63 14 26 15 37 33 14 4 69 79 44 16 9 12 67 60 92 9 1 27 64 42 86 65 22 10 73 50 22 79 59 15 85 54 75 44 10 19 43 74 61 3 93 53 67 67 6 70 7 28 12 54 57 70 46 3 70 48 15 65 42 91 95 32 79 75 43 15 17 40 34 77 29 95 44 72 1 80 56 22 49 84 62 26 55 15 76 40 100 7 17 80 76 66 13 
50 2 80 12 5 73 50 82 95 4 68 37 16 1 89 93 81 88 39 46 9 56 21 41 62 8 79 45 56 70 5 45 95 54 98 21 13 78 69 50 1 57 9 79 25 73 59 77 96 73 3 95 95 90 14 2 56 33 81 54 16 36 59 32 8 34 2 92 61 71 82 28 68 62 83 75 49 94 17 17 27 97 21 22 79 31 5 49 74 62 34 61 16 9 53 47 58 6 72 6 81 18 5 25 56 89 3 94 85 97 89 66 6 65 57 10 47 11 55 2 69 82 1 53 32 99 47 41 76 51 63 15 88 86 22 83 41 32 75 71 29 59 82 15 79 41 47 12 41 10 56 28 3 18 65 6 43 94 99 13 63 4 87 85 67 63 79 56 58 33 100 33 81 50 14 
87 23 73 7 67 94 1 59 3 9 12 60 36 86 98 5 79 64 18 76 56 33 14 27 3 38 76 56 23 23 77 49 5 76 51 46 92 26 2 99 16 41 49 22 51 21 31 66 76 82 85 62 19 86 45 83 46 65 73 63 82 18 46 22 37 30 65 18 59 65 12 26 41 26 39 68 66 2 41 38 81 2 54 52 17 25 56 92 15 38 77 36 64 53 24 12 83 39 42 22 73 47 57 17 98 80 38 14 7 44 80 67 83 39 22 61 63 97 90 50 66 12 59 13 43 54 42 51 50 67 71 17 9 29 84 80 15 35 85 22 20 65 21 13 96 39 70 85 96 23 69 26 49 86 73 57 93 57 35 78 81 17 26 11 2 36 80 56 41 100 47 68 93 82 79 
39 5 32 73 52 80 96 85 9 34 3 95 1 43 75 71 53 78 6 6 7 97 76 41 7 89 5 3 89 60 81 26 97 82 70 69 48 48 13 10 59 56 72 4 99 93 6 63 35 28 45 76 98 23 11 44 69 94 59 60 38 92 7 72 13 34 53 79 40 22 99 91 44 42 49 20 71 69 47 71 75 44 30 75 70 35 86 59 97 63 40 2 98 66 65 69 97 28 20 67 63 22 94 7 14 83 91 60 87 66 94 41 99 80 84 25 51 83 49 10 10 52 62 45 94 37 54 21 54 88 42 89 42 90 59 50 100 63 97 23 34 40 82 66 93 64 82 40 10 71 76 71 18 17 28 48 32 87 61 90 23 13 45 7 63 5 79 88 89 14 79 1 50 16 82 
81 15 94 17 28 58 64 42 45 46 41 68 26 25 8 64 24 49 24 88 22 17 10 24 26 93 24 41 67 6 96 85 94 46 38 69 25 96 82 71 80 36 68 38 39 30 65 76 29 62 98 67 29 56 22 94 62 62 90 89 16 32 48 91 24 62 63 63 32 77 46 89 46 4 8 12 34 49 95 16 52 55 64 30 39 69 89 63 86 26 34 64 92 43 83 21 9 68 3 13 45 28 41 78 14 18 48 3 92 24 64 40 42 70 14 82 43 16 7 56 20 56 95 46 15 49 96 57 99 73 76 26 37 74 69 57 34 92 9 16 39 94 90 41 93 49 9 72 52 83 93 84 16 6 50 28 79 58 35 68 68 99 57 59 91 22 65 64 23 48 35 28 56 34 24 
8 90 74 85 21 39 36 45 14 47 72 59 54 44 4 55 63 92 80 96 88 41 92 66 55 57 26 71 33 55 72 67 86 95 88 34 57 6 52 80 28 77 33 32 92 12 98 26 55 97 79 26 8 13 23 99 64 49 31 15 52 30 57 7 83 48 23 96 35 71 50 26 85 3 38 27 73 73 44 18 65 14 78 5 23 45 44 88 98 27 19 54 75 36 59 90 34 89 54 20 94 19 3 45 14 49 71 64 44 74 14 1 80 57 28 66 4 86 72 29 44 34 56 60 80 30 30 40 21 67 92 21 3 72 69 68 51 32 41 14 22 83 51 41 14 56 29 65 36 93 92 45 21 21 77 91 23 33 100 5 90 44 49 85 25 23 6 12 25 99 98 77 17 26 34 
6
1 68 169 4 114 147 
10
66 118 139 96 9 120 1 92 172 24 
20
104 122 21 5 154 110 123 32 144 137 69 151 75 173 84 23 73 33 162 175 
17
133 113 146 22 102 161 42 90 69 149 162 132 174 46 127 154 59 
5
137 90 42 142 33 
13
50 121 33 170 73 166 63 55 119 161 79 53 159 
17
59 173 11 34 143 169 175 121 139 127 98 43 70 94 21 83 56 
8
20 123 130 35 167 83 110 88 
10
81 162 150 157 24 54 136 126 163 51 
13
21 6 112 114 82 43 17 118 101 121 27 74 125 
4
51 6 117 138 
16
21 52 166 133 153 103 62 67 85 149 164 20 95 27 22 101 
2
13 117 
8
163 80 30 21 106 112 85 71 
16
165 29 77 97 64 5 168 104 115 8 112 48 173 174 66 31 
2
139 122 
11
56 4 52 175 43 167 138 32 152 8 97 
6
40 91 158 109 114 92 
7
2 118 101 6 157 109 26 
8
41 48 42 158 148 34 58 119 
7
64 10 102 165 36 68 105 
11
5 24 38 117 22 98 43 72 129 52 2 
4
119 113 23 130 
7
146 133 112 22 53 31 132 
19
136 175 159 12 39 74 36 85 14 75 7 45 100 92 149 56 82 128 162 
20
112 147 24 69 60 38 159 136 27 101 4 120 98 160 87 36 141 92 23 106 
10
6 174 107 95 46 157 127 118 33 91 
10
87 78 50 56 94 132 65 141 171 142 
5
120 69 19 164 17 
19
23 40 164 114 93 95 48 64 33 120 51 66 171 172 47 52 151 99 39 
18
129 32 89 128 143 31 155 46 5 75 80 105 19 66 118 39 88 124 
11
114 170 17 72 85 149 125 67 107 152 70 
4
87 102 74 43 
11
85 50 152 175 124 21 81 61 120 6 20 
8
19 101 152 162 49 164 76 33 

