100 20 
7
27 45 79 30 99 79 57 88 46 96 33 56 54 55 7 93 84 81 35 8 67 28 96 17 25 48 59 82 42 41 62 82 15 85 30 66 35 65 64 85 4 81 67 76 12 28 83 98 41 64 91 37 19 76 74 62 80 19 37 86 9 81 76 3 82 59 41 96 42 74 22 52 44 42 30 84 90 30 7 43 26 4 81 90 24 60 60 71 82 30 86 51 72 40 88 33 69 76 83 13 
46 53 17 12 81 78 57 57 76 78 56 51 41 12 94 19 24 69 71 33 85 80 73 3 30 54 43 51 77 18 45 85 34 11 87 53 23 81 10 72 10 78 90 41 48 20 37 1 88 68 7 100 42 59 84 27 84 11 60 36 4 86 36 59 94 46 21 30 95 32 85 71 89 77 32 68 100 31 64 80 89 46 60 85 78 20 49 85 50 40 81 78 35 38 57 69 91 36 29 35 
35 22 17 60 37 35 34 53 51 90 21 63 99 89 67 46 65 71 16 51 19 8 89 67 94 44 40 94 34 7 47 17 5 94 98 39 76 3 49 2 80 56 76 42 15 46 14 20 31 63 44 94 13 75 51 87 92 4 77 90 93 25 15 48 79 38 77 61 94 15 35 32 59 98 95 13 98 1 34 51 83 44 77 21 90 63 23 17 28 26 94 94 11 36 95 69 83 65 98 70 
17 93 89 39 67 75 34 50 73 47 2 20 95 21 69 17 59 98 41 19 79 14 24 91 24 83 77 94 81 93 93 19 85 94 74 7 94 49 10 50 34 55 4 85 20 39 87 61 21 78 12 74 59 54 55 13 87 48 60 77 75 16 36 58 59 1 46 43 66 54 17 33 39 60 36 45 94 70 39 61 13 25 71 53 69 27 20 57 52 17 10 89 51 24 81 12 58 16 35 62 
49 90 80 66 96 28 15 93 60 23 48 52 39 39 64 51 61 7 49 78 40 33 20 87 64 44 63 20 2 70 57 28 41 52 60 20 56 35 31 7 49 42 16 57 76 58 45 76 12 73 11 81 23 56 97 41 50 26 6 37 80 89 97 3 81 38 14 40 55 23 80 93 90 83 81 76 68 21 38 46 66 27 44 45 51 61 16 32 71 74 40 97 26 34 53 73 61 85 19 54 
86 48 87 32 16 47 62 47 40 19 46 52 20 2 17 64 79 21 28 46 81 64 46 24 79 34 76 98 54 57 71 69 43 41 15 4 36 89 15 88 66 51 94 88 69 68 61 50 43 51 100 76 23 8 51 47 49 34 57 15 63 9 30 81 12 23 81 15 18 77 31 87 13 2 67 74 14 16 53 57 72 55 23 24 47 71 9 36 39 93 32 65 65 92 10 90 49 43 36 25 
6 10 1 62 76 72 40 34 25 9 100 22 70 20 73 76 61 92 23 17 56 68 56 32 96 48 48 66 60 86 38 8 30 50 35 62 99 22 72 75 21 23 89 20 19 57 81 97 10 33 58 25 9 27 94 66 85 50 80 40 73 4 87 66 80 40 89 34 62 45 15 83 70 7 9 61 36 16 25 10 24 68 52 63 19 51 4 38 74 74 61 87 24 36 25 61 9 59 42 77 
18
94 42 73 39 98 57 43 72 53 63 40 38 9 85 26 80 13 76 
7
96 91 57 44 89 90 30 
12
40 19 13 20 44 11 63 24 73 12 99 1 
14
46 98 1 61 18 99 71 50 48 3 31 78 86 12 
9
18 16 88 69 48 71 84 90 61 
8
91 50 97 48 49 86 26 38 
8
11 13 59 70 43 12 7 3 
12
57 25 69 17 60 45 83 72 68 92 76 10 
12
84 27 52 44 91 75 95 1 97 58 26 63 
16
25 95 28 22 60 78 94 16 50 79 31 14 33 29 71 84 
10
64 35 30 52 37 38 31 2 97 100 
18
63 48 98 85 51 60 92 27 5 72 71 41 31 95 59 86 57 14 
14
4 83 70 74 57 44 64 61 82 22 56 32 90 50 
4
96 11 47 62 
8
63 24 34 86 47 61 23 50 
20
28 79 45 55 78 99 95 82 87 52 49 64 80 37 11 25 48 5 73 3 
16
21 29 64 52 98 85 38 79 70 76 78 30 57 95 81 43 
10
95 98 7 58 31 71 16 37 46 23 
12
74 5 60 50 9 21 75 72 68 22 95 29 
15
80 7 40 56 32 90 72 25 63 20 21 10 82 64 93 

