175 35 
7
70 44 35 47 80 9 1 43 88 33 37 68 74 74 34 86 21 98 95 1 74 8 59 27 74 20 8 33 84 57 24 22 84 51 64 10 65 82 65 16 9 64 97 3 91 30 13 64 90 29 79 8 73 62 82 84 2 27 48 9 26 100 15 84 26 31 80 48 90 20 32 14 51 23 5 76 75 88 66 78 10 32 69 16 50 22 17 68 94 68 32 80 98 2 76 35 30 14 98 19 55 93 19 45 77 37 61 92 77 66 72 83 94 80 98 100 98 74 53 3 4 97 33 40 100 1 87 75 4 89 13 78 52 100 56 79 72 75 91 17 78 69 74 59 77 84 89 25 48 1 19 29 82 30 28 26 77 83 85 43 2 17 74 55 26 44 47 73 11 18 98 2 14 89 72 
97 30 15 31 81 79 7 60 45 44 57 93 27 19 93 29 39 88 94 26 65 59 78 80 24 46 18 23 65 86 66 43 35 76 41 23 7 36 29 35 11 67 44 38 42 66 60 88 61 53 19 67 92 28 59 90 57 60 38 6 45 68 2 32 77 8 92 3 99 1 92 85 62 35 66 65 79 34 90 24 28 21 6 62 59 73 31 84 74 97 9 75 77 34 69 88 22 50 96 21 98 96 62 96 42 67 6 62 73 83 48 30 64 97 44 13 76 22 17 66 69 42 71 52 18 72 80 25 80 38 12 2 75 97 65 94 61 97 40 82 48 53 87 68 27 98 76 76 4 70 39 76 97 69 96 89 41 34 30 27 27 50 57 86 2 43 71 98 16 80 27 65 44 100 28 
2 14 62 22 2 15 71 37 39 53 65 52 73 85 66 96 33 53 57 57 93 98 19 58 20 39 93 51 19 20 10 85 33 10 86 47 43 77 23 59 1 67 91 79 90 53 68 45 1 48 11 17 4 37 14 79 99 3 90 32 13 23 46 25 25 8 70 49 71 100 13 44 31 69 68 38 34 64 86 73 82 42 39 43 51 54 36 27 67 41 47 89 22 12 37 1 31 88 92 21 28 73 79 4 32 100 92 62 89 10 30 77 98 44 79 45 90 34 33 51 7 39 71 11 91 61 23 17 64 99 48 16 77 41 49 88 88 84 50 93 15 83 43 69 20 24 81 35 17 50 22 11 35 50 70 28 69 98 93 57 67 12 94 71 65 37 8 96 36 73 79 74 37 13 69 
57 92 13 16 92 98 91 8 34 100 96 37 98 20 32 13 77 84 99 49 7 33 84 98 27 63 64 42 51 45 43 65 48 83 40 19 16 74 73 84 78 11 9 13 51 11 33 52 51 28 52 29 1 94 86 94 62 45 26 78 82 27 54 69 83 74 26 2 16 36 27 87 63 93 61 59 82 70 35 100 86 58 59 13 46 35 76 28 89 16 24 79 7 13 91 99 95 4 72 96 68 56 56 52 72 87 58 95 75 28 2 70 93 77 67 78 19 62 45 30 80 4 9 86 98 57 88 20 1 6 2 10 9 48 72 25 88 18 4 45 58 13 6 76 55 55 36 12 99 37 14 34 21 49 9 12 85 84 43 74 39 32 32 70 76 30 79 39 76 80 13 70 65 7 12 
12 96 70 26 65 14 25 68 16 24 42 30 37 74 60 85 24 35 78 90 2 71 20 54 7 48 76 8 93 64 77 67 94 65 43 11 82 15 60 41 63 67 44 21 47 72 2 21 36 63 55 29 67 20 98 91 39 51 40 90 42 1 95 35 82 8 41 7 33 67 36 12 79 62 51 47 37 44 83 5 96 15 40 80 72 92 39 4 83 100 26 6 72 66 53 25 29 66 39 45 34 1 45 7 32 27 2 4 49 7 4 94 51 86 94 74 12 54 86 78 91 14 6 55 59 37 23 41 42 14 76 14 92 51 9 53 38 24 57 74 2 38 20 2 50 22 77 54 94 95 63 28 46 13 1 84 48 78 93 100 4 22 81 21 16 53 7 79 13 78 90 38 58 80 14 
51 63 87 71 27 16 8 67 54 90 1 5 39 72 14 68 74 85 20 100 52 26 90 55 78 94 4 15 19 21 4 43 40 63 89 13 75 24 43 76 72 34 61 99 56 37 82 76 81 9 99 78 27 24 80 53 66 91 77 15 69 87 35 58 10 70 95 26 81 61 68 43 35 99 63 60 47 7 67 4 89 66 75 68 11 53 86 96 11 48 39 30 46 23 37 47 55 29 70 83 46 10 23 2 84 66 76 56 72 34 59 97 66 70 9 3 25 80 63 96 69 73 17 31 81 31 12 60 44 72 52 89 45 38 73 65 25 94 13 31 89 62 49 16 7 4 37 83 35 83 27 8 21 54 15 76 80 52 22 85 53 37 21 11 61 6 5 24 55 97 52 16 91 99 94 
83 17 77 89 12 44 20 37 76 68 8 90 81 96 24 79 65 75 98 84 49 64 55 76 4 32 43 38 88 10 70 76 57 100 32 11 45 95 84 54 81 86 80 29 35 87 12 62 62 65 5 51 20 15 83 97 39 15 35 5 93 78 63 37 40 11 16 3 21 16 1 96 93 97 21 85 67 43 95 78 84 2 58 92 49 27 74 88 82 95 76 65 78 83 82 58 7 50 48 29 33 3 12 19 20 78 6 79 76 40 68 90 62 94 37 31 27 32 34 76 26 93 3 1 61 68 62 42 99 81 99 1 28 92 55 52 47 74 29 1 51 81 45 28 93 27 12 72 25 24 54 72 10 48 67 48 32 8 35 13 20 67 41 50 48 62 15 15 3 25 97 61 38 14 58 
9
121 151 124 17 26 82 28 117 123 
20
23 58 6 72 37 164 172 44 138 42 43 154 166 71 65 85 169 156 147 57 
20
101 31 132 87 34 65 22 119 24 82 137 70 115 164 89 142 25 37 173 46 
19
128 42 35 90 32 130 141 6 15 162 154 131 165 47 26 65 92 82 39 
8
157 66 158 68 116 91 31 25 
6
11 121 30 81 49 139 
7
21 146 77 120 147 61 6 
20
116 103 89 127 71 10 65 56 46 25 154 39 85 131 145 26 130 125 88 36 
3
78 113 111 
9
91 94 165 174 130 64 100 1 43 
13
122 94 59 127 163 147 119 40 9 30 96 110 120 
5
101 16 36 171 31 
18
93 31 62 58 40 67 18 149 132 140 76 1 33 99 124 133 46 114 
20
106 114 61 40 59 130 144 33 138 117 16 158 64 101 32 21 174 116 119 48 
14
103 121 106 105 111 20 66 60 140 44 10 99 120 91 
9
151 28 171 7 78 139 39 86 87 
10
133 157 58 167 139 21 38 129 79 47 
17
85 126 17 23 89 133 20 34 44 127 35 51 158 123 125 129 18 
2
111 73 
15
38 22 159 37 43 86 53 76 85 160 5 52 2 19 104 
19
58 13 105 61 127 84 98 99 157 134 18 36 27 95 124 112 41 126 48 
7
76 32 96 166 19 11 92 
8
119 30 49 36 114 115 21 147 
15
43 121 126 45 171 74 61 160 138 18 84 55 98 85 71 
9
23 22 109 118 5 125 72 139 84 
2
47 112 
9
111 29 148 136 28 39 64 63 21 
8
108 87 143 53 34 175 132 50 
16
42 151 27 17 90 70 78 104 142 55 95 118 165 128 86 169 
2
78 109 
13
159 134 70 157 131 141 20 174 9 40 166 104 23 
7
57 173 82 40 14 1 123 
17
63 153 5 100 76 143 64 164 75 84 129 169 113 167 175 74 103 
5
129 98 165 108 82 
20
116 69 59 147 66 134 48 54 141 145 15 70 146 26 132 99 159 111 107 30 

