150 30 
7
80 21 61 86 44 8 21 68 89 42 28 24 34 37 95 58 31 87 55 12 55 95 33 72 99 25 26 51 26 92 1 62 85 1 92 27 22 67 4 86 46 40 20 6 44 91 91 20 8 83 30 76 1 86 77 99 21 72 64 91 86 22 35 44 62 48 18 81 39 3 82 68 36 38 88 4 34 35 55 95 34 99 85 78 35 91 42 68 66 77 45 19 83 29 29 77 91 86 41 8 2 8 70 39 41 46 11 30 29 34 28 9 28 51 97 68 19 36 20 79 74 65 67 51 44 88 67 81 77 38 8 33 32 12 13 74 90 99 51 70 92 89 65 6 81 32 44 30 19 19 
42 3 36 27 69 78 1 34 50 33 71 88 80 9 20 92 99 58 77 29 75 65 40 20 14 33 9 3 17 47 2 25 10 80 38 72 63 68 17 33 39 28 38 86 2 79 23 25 25 28 81 13 61 54 14 33 93 86 21 37 99 47 29 53 35 91 96 31 88 92 94 6 92 40 32 38 18 12 17 40 64 52 3 71 88 94 58 84 27 49 60 15 26 45 84 70 65 89 100 53 39 82 10 68 69 7 13 83 15 57 98 91 91 51 75 33 13 53 19 21 70 70 100 42 23 96 91 36 3 37 85 1 64 74 33 77 6 84 83 27 95 31 29 91 87 61 15 11 5 91 
90 9 42 100 100 74 11 100 96 14 3 18 42 51 40 97 58 48 20 90 93 57 96 18 51 42 61 69 26 52 51 77 56 88 47 93 49 38 76 30 93 65 9 38 97 11 88 25 58 39 65 90 57 11 33 8 77 2 36 12 99 18 81 97 74 12 88 26 28 61 49 31 72 27 34 21 59 18 3 16 71 19 3 74 62 95 14 24 83 97 3 22 91 99 24 11 5 74 22 89 97 68 23 85 43 84 98 30 44 58 51 15 74 41 26 80 96 84 94 1 18 95 33 85 78 2 24 48 30 90 10 82 69 9 85 77 29 12 40 52 1 59 51 41 69 14 33 58 62 31 
18 15 81 68 78 62 49 45 55 15 77 83 31 85 53 90 93 91 39 72 48 93 65 80 6 19 15 3 74 28 49 49 75 57 35 14 46 46 64 3 55 87 96 69 80 64 35 85 78 68 15 32 35 36 13 96 53 37 56 53 33 61 18 18 49 52 68 40 59 43 6 91 4 94 38 10 49 18 78 34 97 87 34 21 21 73 51 99 18 57 10 45 55 26 59 78 2 39 77 48 51 99 70 47 74 23 14 12 17 16 44 38 40 50 8 21 52 15 29 9 26 16 39 39 87 9 14 8 35 50 47 31 63 9 25 50 34 59 29 76 36 86 36 25 63 27 28 87 6 24 
11 1 51 36 3 40 7 33 68 9 26 52 19 44 10 46 13 65 47 8 95 81 35 96 59 13 94 77 51 13 42 28 48 45 100 100 52 48 10 60 45 32 39 14 34 59 38 99 54 39 78 65 50 58 91 40 89 89 33 26 25 58 93 64 43 43 22 96 97 98 38 67 3 96 22 42 66 62 5 88 33 34 21 4 83 14 80 24 62 76 64 73 70 40 32 21 7 13 49 6 42 21 59 28 3 75 20 22 88 70 91 7 36 96 12 63 21 92 91 51 100 23 70 51 80 13 44 47 100 39 91 76 71 27 2 74 72 2 96 65 73 93 23 68 53 47 76 17 61 31 
10 48 39 42 1 76 8 35 35 33 15 81 88 21 68 27 10 97 54 62 75 56 87 83 69 31 37 78 77 3 17 90 98 78 90 96 38 12 81 86 100 75 96 99 35 32 49 65 47 50 73 27 96 31 93 44 81 1 98 45 9 80 81 52 72 2 60 55 22 6 25 79 13 7 11 55 51 64 39 15 82 26 100 12 8 78 31 1 45 73 46 95 96 86 36 12 53 89 5 54 39 53 26 64 52 2 19 9 41 31 98 39 32 76 79 26 1 68 44 47 29 39 23 99 3 95 62 34 27 48 24 79 77 3 88 14 79 3 6 83 15 33 91 77 86 58 98 63 13 76 
7 43 22 49 69 79 90 47 26 56 32 90 36 84 63 46 85 38 77 70 90 15 68 29 12 26 98 92 26 97 91 17 30 8 43 77 71 8 16 23 38 100 79 61 63 52 56 1 17 87 89 40 91 10 76 76 37 12 58 16 52 90 84 93 15 77 90 61 25 21 30 94 41 11 79 60 52 89 61 46 7 82 74 64 80 61 41 76 71 42 96 57 4 35 15 37 49 66 77 78 29 7 56 17 31 29 45 69 66 75 59 87 50 21 46 73 25 19 65 89 53 26 76 12 51 82 62 46 57 57 60 47 38 8 41 17 51 21 29 91 79 71 67 45 41 99 49 87 90 21 
15
68 38 18 65 90 48 117 94 28 50 4 58 95 118 101 
7
35 80 123 113 7 9 19 
5
112 74 147 99 28 
16
26 20 84 32 27 126 55 72 115 76 100 93 97 18 24 131 
10
12 96 72 116 115 82 6 149 143 57 
16
142 27 66 35 115 71 48 121 14 12 120 51 150 6 13 30 
3
120 43 6 
4
94 80 38 64 
7
133 26 134 58 85 12 38 
20
130 14 35 72 101 16 3 33 100 67 74 88 25 56 150 17 124 34 128 96 
18
96 6 126 119 28 144 9 21 132 10 16 42 139 135 33 39 66 61 
14
105 34 70 84 46 99 57 13 119 17 102 145 79 74 
3
128 25 95 
15
132 100 84 46 9 37 140 41 72 20 119 110 14 121 139 
6
11 113 102 90 118 79 
19
31 143 119 53 63 109 129 121 115 10 101 137 58 11 131 102 49 98 104 
11
144 95 72 125 73 66 43 41 13 63 120 
20
112 64 69 108 16 83 82 43 115 95 133 140 73 96 75 31 149 62 92 102 
18
23 144 51 147 13 71 90 33 135 89 79 62 121 20 100 108 65 21 
12
24 96 126 140 28 17 19 118 148 120 132 16 
9
127 78 150 58 103 31 109 116 146 
17
74 27 120 93 44 71 53 118 22 81 4 39 5 47 13 51 10 
19
144 45 50 150 66 99 148 147 71 94 138 12 88 133 84 49 60 83 26 
18
148 18 59 92 2 6 62 33 136 71 119 94 80 11 130 5 53 49 
2
24 92 
18
122 14 47 55 96 80 62 75 120 124 65 85 45 31 145 137 25 114 
12
84 130 63 3 6 24 22 131 95 79 74 149 
19
76 91 60 113 101 127 1 16 35 122 53 103 145 64 136 45 38 100 56 
10
134 80 76 128 99 30 37 41 60 50 
13
35 67 60 93 16 30 86 80 43 74 136 82 50 

