100 20 
7
1 54 62 33 11 66 51 74 89 69 40 42 24 12 5 54 78 23 15 4 53 36 84 67 99 35 93 23 34 26 60 17 13 14 19 36 9 19 94 39 44 87 94 85 58 77 84 65 46 40 38 80 82 1 89 48 37 42 59 79 95 57 66 2 100 33 15 12 51 93 43 42 87 17 83 94 31 56 99 75 71 79 47 16 91 93 73 41 94 39 52 52 11 55 83 4 97 46 64 14 
64 14 16 87 71 99 50 30 95 35 40 64 70 99 49 69 1 83 88 79 88 99 12 38 38 68 69 93 42 71 7 6 88 60 71 24 76 90 11 91 32 6 54 71 1 14 99 7 59 39 20 22 23 17 19 31 47 89 61 86 46 71 25 35 85 39 54 6 27 58 25 96 61 67 2 69 67 83 95 53 17 59 48 75 50 82 41 22 3 58 28 90 48 76 21 98 20 89 34 13 
3 59 19 54 48 91 87 81 21 25 23 72 25 15 68 42 45 68 49 95 72 82 45 63 10 18 36 51 46 33 87 77 58 8 28 27 64 6 62 21 65 22 45 56 59 33 56 24 93 43 78 31 35 42 64 60 88 86 32 67 69 3 34 77 75 31 32 46 48 43 45 92 54 78 60 5 51 94 25 13 55 22 39 96 56 42 46 94 55 26 6 22 73 8 16 87 24 37 66 54 
6 18 27 97 80 43 18 20 81 37 66 25 35 54 91 44 62 88 1 33 35 28 55 80 87 71 73 52 10 29 84 60 9 75 55 60 39 24 96 65 98 22 16 21 7 63 35 66 96 48 35 70 24 26 77 4 74 16 31 84 16 61 32 99 96 26 43 22 9 2 59 28 85 95 91 24 92 23 92 19 99 60 29 90 9 33 23 63 72 20 82 26 86 41 9 12 21 38 67 52 
91 66 63 11 59 62 36 11 73 64 79 78 32 52 75 57 39 88 96 24 90 42 98 2 90 26 28 55 15 94 76 22 4 52 88 38 21 42 85 32 80 94 99 56 69 15 31 74 9 55 51 73 41 21 37 55 56 44 72 91 2 96 12 76 80 13 55 42 72 40 70 62 42 58 22 64 87 90 21 76 29 75 49 89 54 99 6 11 57 74 8 29 31 78 13 23 37 14 84 79 
99 37 80 48 14 88 43 54 70 92 16 32 83 92 11 71 40 22 24 59 16 39 41 19 97 5 81 40 85 97 66 85 23 49 7 8 39 66 39 95 21 10 98 16 30 65 77 43 28 40 38 35 90 18 47 55 65 20 52 92 32 84 10 20 99 74 96 71 74 31 65 37 13 38 54 100 12 71 96 54 66 66 70 1 14 19 79 87 91 46 17 92 17 16 71 58 51 55 72 45 
21 11 13 55 64 69 45 76 28 95 35 62 71 96 10 5 87 91 30 31 58 14 19 12 44 26 10 12 84 17 53 24 23 32 73 42 47 67 29 42 83 4 55 68 98 72 61 44 50 68 46 89 16 6 41 95 30 98 38 2 18 24 82 67 60 81 36 43 38 85 79 56 35 10 58 54 17 94 87 38 26 73 16 42 71 13 81 66 57 67 40 7 46 61 100 90 69 32 74 69 
2
26 34 
13
30 84 35 97 63 78 94 91 24 99 29 28 95 
5
57 71 20 47 17 
4
95 39 23 61 
2
46 89 
8
22 41 59 50 77 78 31 29 
6
51 81 47 73 5 59 
15
3 30 24 46 82 53 21 52 26 57 19 68 77 97 54 
18
11 74 41 5 8 4 18 60 40 33 34 20 7 47 30 93 96 23 
13
61 15 36 81 29 51 6 19 67 48 46 44 57 
14
26 21 49 50 9 77 62 86 28 64 19 91 35 22 
10
93 26 69 45 22 12 50 31 27 67 
2
70 19 
14
28 8 24 86 94 59 26 70 49 66 5 69 38 82 
6
54 40 77 16 67 26 
18
21 31 22 8 18 13 72 2 95 62 69 81 49 54 89 73 29 9 
10
19 57 64 27 92 81 16 60 80 55 
13
100 77 3 49 99 15 45 84 28 95 71 13 91 
2
29 37 
3
14 33 73 

