175 35 
7
30 75 94 8 14 70 77 97 34 3 21 100 37 68 1 98 58 90 82 51 51 48 96 96 79 15 30 34 23 14 93 79 11 85 72 72 24 65 75 45 33 48 64 99 85 52 11 19 22 98 62 97 45 54 18 75 53 64 10 3 77 99 66 96 46 74 15 12 86 80 93 35 48 19 37 52 99 36 24 83 42 81 4 18 77 25 81 64 63 82 93 74 20 71 77 82 4 86 88 100 68 13 64 85 30 76 55 30 13 68 13 46 68 78 13 37 97 91 68 25 84 5 25 68 15 77 98 72 84 7 4 79 73 7 11 75 17 8 37 80 5 81 2 10 87 33 79 32 62 92 93 84 49 6 83 57 20 35 35 57 38 23 64 1 77 14 71 96 32 8 100 91 40 14 75 
18 3 36 36 70 95 23 42 73 35 6 51 55 83 79 28 82 53 71 78 63 90 89 50 96 96 30 22 57 32 72 24 4 62 15 43 6 65 45 59 68 29 53 38 4 40 14 46 14 39 89 96 35 35 55 9 99 47 21 5 95 88 55 16 100 88 42 16 54 87 12 11 26 43 39 11 42 94 99 25 82 39 41 7 87 8 93 24 28 97 94 67 86 10 21 89 67 34 9 29 12 81 60 60 60 77 18 96 18 38 67 80 98 54 11 37 90 85 50 51 71 90 28 97 78 47 58 15 99 50 38 92 39 99 68 89 43 23 6 29 79 77 100 1 56 39 43 18 6 66 44 43 20 52 94 57 47 62 91 45 80 12 49 95 60 59 51 5 98 75 64 66 64 15 84 
25 46 71 11 45 37 6 41 31 42 95 46 7 100 63 6 24 83 75 74 62 16 50 79 30 53 66 87 41 75 78 35 34 84 95 77 18 40 35 36 11 32 97 28 19 72 25 87 12 77 9 76 70 12 73 13 17 96 35 81 55 47 92 60 40 53 45 49 7 17 47 6 4 86 25 60 93 18 45 40 100 45 3 90 20 62 56 90 22 28 82 56 32 73 31 5 68 71 69 71 44 68 24 84 93 66 49 78 15 70 61 63 61 47 2 53 33 96 45 51 100 80 27 26 78 10 97 30 99 63 96 97 87 1 43 90 6 97 74 14 68 58 19 71 35 100 61 51 4 68 3 59 93 77 95 34 46 91 34 85 13 52 83 39 19 38 18 96 41 84 59 77 26 86 1 
64 3 45 35 30 79 96 60 7 77 52 41 63 69 59 16 31 30 36 27 20 78 79 65 84 17 44 96 41 62 20 34 24 1 16 64 85 84 34 47 42 45 76 1 78 81 92 47 13 65 99 40 60 100 17 56 25 89 49 25 6 57 99 38 34 30 21 13 98 22 68 19 3 4 64 99 81 38 77 96 54 73 7 40 24 59 75 89 92 44 6 12 63 5 51 23 6 87 69 32 80 27 31 94 7 89 5 21 86 48 84 59 62 79 87 71 71 2 71 5 43 9 46 53 4 67 41 76 10 90 29 44 35 91 89 68 94 38 48 22 29 71 78 94 52 98 76 94 73 92 80 28 71 32 25 73 32 95 88 56 69 67 93 4 26 91 21 99 65 71 38 3 81 6 25 
56 7 48 33 35 79 98 21 76 93 80 83 23 85 64 93 88 96 62 4 10 29 97 72 38 25 83 20 39 58 26 87 62 47 69 11 38 41 37 97 71 21 50 85 64 45 4 16 8 52 2 38 2 92 6 20 76 58 81 15 80 74 23 25 40 50 68 69 28 5 46 77 67 32 10 17 84 8 48 6 5 34 49 83 86 88 47 35 100 71 4 75 99 51 47 62 51 45 42 85 88 3 62 44 15 83 93 74 64 48 31 35 34 58 41 72 24 76 35 59 30 2 100 19 2 93 9 92 71 95 99 10 23 79 54 6 49 87 10 1 41 78 61 21 78 57 14 36 6 80 59 41 83 88 2 43 20 70 18 38 57 84 92 76 45 99 58 2 66 93 20 65 20 75 95 
53 88 30 74 65 55 46 55 50 52 91 74 22 2 31 15 63 83 84 69 52 67 86 98 5 96 32 65 100 3 25 32 66 64 15 10 29 47 29 87 18 84 67 90 39 28 35 49 6 22 70 36 86 90 96 29 37 100 82 90 76 77 38 98 85 92 98 39 74 92 39 99 18 24 48 70 72 51 22 73 82 71 99 23 47 85 24 45 89 7 31 80 50 46 4 3 79 48 33 16 57 7 36 60 93 13 54 17 88 84 47 65 71 10 90 6 91 52 61 79 3 48 24 32 61 83 34 2 4 49 3 12 49 18 47 14 11 38 25 21 12 34 49 73 70 64 75 84 27 31 94 40 40 3 32 21 33 85 32 6 70 3 80 49 19 45 48 91 54 8 43 86 98 63 85 
4 75 34 13 31 6 29 76 92 19 3 91 83 90 31 92 62 92 10 89 17 90 12 91 8 83 39 17 21 95 26 65 77 47 1 55 49 85 87 74 28 68 47 37 48 76 7 60 8 10 27 15 99 49 64 72 26 14 8 19 3 13 65 80 28 78 81 100 66 73 3 33 86 61 39 54 59 76 82 94 80 41 69 23 2 25 49 19 3 72 89 55 5 28 17 76 9 19 100 83 33 64 90 78 84 83 52 59 52 45 94 98 80 66 13 43 27 76 32 3 55 40 58 8 34 6 80 29 8 8 99 11 6 70 16 40 69 48 16 7 11 75 83 53 52 70 46 99 54 10 10 31 64 72 75 67 49 50 53 48 38 61 1 28 29 13 17 13 18 76 15 100 25 96 48 
18
65 96 16 100 33 102 158 66 104 77 41 97 112 19 27 109 116 175 
12
15 14 139 37 76 100 141 146 172 1 93 161 
8
96 92 28 149 85 113 110 89 
6
102 86 83 170 2 165 
20
84 18 133 170 131 172 60 80 82 22 111 12 90 69 116 7 99 167 62 163 
14
46 165 22 162 92 81 157 127 42 116 137 2 80 5 
19
117 13 109 104 11 55 141 23 93 50 83 119 36 120 164 146 172 69 101 
3
33 32 16 
6
7 160 30 138 94 109 
13
134 11 47 83 70 125 158 79 164 8 111 90 78 
10
148 120 146 21 62 142 136 29 12 54 
10
167 168 75 82 89 136 29 42 165 43 
3
110 60 145 
17
89 118 61 51 174 4 136 152 82 56 88 21 123 162 124 71 128 
2
141 126 
3
97 94 54 
11
63 101 72 166 46 155 112 11 152 98 85 
13
139 162 113 145 5 107 106 71 68 2 9 119 104 
12
126 39 55 36 138 165 133 134 42 76 111 16 
15
17 67 92 50 99 56 39 121 125 44 33 139 23 102 111 
15
135 2 140 105 62 76 174 93 42 101 43 157 32 52 49 
14
78 107 36 55 85 52 9 84 119 33 44 51 22 135 
2
66 116 
9
140 41 135 48 16 113 126 4 153 
3
46 121 119 
4
83 2 79 109 
2
6 157 
5
21 67 97 38 29 
8
111 95 151 20 113 16 80 121 
2
123 77 
15
120 151 110 91 56 29 46 145 19 16 93 38 55 5 103 
5
107 153 104 62 171 
7
113 103 116 50 44 61 134 
6
153 127 154 122 89 172 
4
153 88 133 35 

