175 35 
7
53 1 67 78 62 13 98 13 75 39 8 89 46 32 21 72 70 37 21 84 21 39 39 62 84 96 75 82 10 23 66 13 60 22 91 80 36 59 32 7 40 69 40 2 19 97 43 86 92 95 86 51 39 92 39 70 88 72 80 79 18 14 16 65 15 43 11 16 51 99 38 89 59 16 99 77 54 79 18 100 18 100 36 2 80 2 40 61 52 41 30 32 39 2 23 79 31 97 90 1 60 63 67 64 16 55 71 13 69 29 18 29 82 78 39 32 93 89 32 89 96 54 57 27 49 72 28 59 92 69 30 28 70 91 41 97 23 6 77 84 27 22 45 53 25 37 46 99 65 100 23 24 25 87 90 82 18 97 15 19 26 41 64 29 37 14 46 83 95 64 49 6 86 91 61 
35 80 26 50 8 24 42 91 51 80 68 32 42 91 28 15 29 8 86 41 6 64 32 30 68 24 4 21 64 15 19 1 35 97 74 92 74 85 61 91 35 66 52 93 44 53 56 100 67 31 71 79 50 91 27 33 9 37 83 19 45 78 49 14 88 40 87 82 49 83 34 86 47 13 80 37 95 49 19 78 95 11 15 14 26 30 10 50 63 69 34 88 13 88 55 33 20 98 59 53 35 64 30 2 39 32 20 65 82 64 38 87 100 2 5 93 5 52 68 43 78 12 49 97 28 99 38 87 28 12 8 41 43 41 14 37 1 66 36 48 44 34 4 62 80 45 34 27 80 98 6 35 60 40 81 7 99 59 47 15 15 46 30 52 12 73 25 74 88 51 100 91 3 86 74 
22 86 78 60 58 95 28 100 38 57 68 22 69 83 92 77 99 71 39 1 54 83 8 8 77 80 88 55 93 9 96 12 34 36 15 20 30 11 31 87 52 30 36 18 32 75 58 20 67 72 62 89 97 99 98 87 10 30 34 35 27 70 74 59 93 37 11 3 74 54 62 72 3 54 61 77 62 75 41 12 52 67 14 77 35 24 83 42 77 88 82 53 73 55 35 78 70 54 58 7 65 25 26 57 32 51 84 40 60 95 54 7 97 53 74 45 3 49 66 89 64 2 49 11 34 2 60 86 5 82 40 12 96 26 20 46 100 30 33 64 23 68 72 92 16 91 21 54 40 82 23 68 17 55 91 23 62 85 42 26 78 63 98 62 98 30 2 98 83 72 58 24 32 99 73 
54 62 20 22 26 69 95 38 27 85 62 50 67 51 35 66 69 43 5 3 30 81 78 30 76 37 49 12 46 26 73 13 91 20 23 98 12 96 13 36 43 96 50 62 58 19 79 14 73 56 9 43 94 83 30 15 92 81 66 91 28 72 47 68 45 29 15 23 71 36 90 54 93 96 43 7 82 55 31 68 61 100 37 9 49 20 49 20 43 52 27 79 2 6 49 43 100 78 78 46 70 55 56 60 61 16 96 65 69 87 89 23 19 75 23 82 97 84 80 85 92 76 11 28 70 29 70 40 52 32 54 70 89 29 67 88 68 32 16 96 88 8 79 5 32 36 47 91 85 21 85 90 47 9 6 83 39 83 1 24 60 61 14 54 45 87 22 68 65 12 89 35 84 28 30 
48 40 35 47 30 39 27 28 17 62 60 75 35 44 85 95 14 89 24 52 66 31 42 71 51 5 32 94 24 38 1 32 51 40 74 11 39 25 19 80 14 12 37 52 96 54 75 17 40 76 20 13 39 94 55 29 43 48 15 78 22 2 97 47 70 12 32 35 45 17 59 42 13 28 12 75 29 33 41 1 4 38 42 80 59 54 78 20 93 44 18 20 42 60 20 97 12 92 60 53 56 32 21 6 41 63 80 25 36 37 92 10 12 98 92 40 68 15 54 80 66 35 91 56 10 10 75 57 56 26 62 46 16 20 96 98 59 52 66 41 50 11 37 79 49 80 71 59 17 100 64 95 56 90 91 79 31 75 7 32 98 2 82 89 87 64 96 34 35 83 22 22 72 65 82 
16 41 35 33 33 44 91 1 91 74 31 90 58 65 85 60 71 16 70 50 36 54 17 49 82 35 99 89 82 30 46 81 17 43 28 96 18 65 56 62 12 55 83 33 97 3 57 17 87 43 77 55 83 60 51 61 42 32 12 30 100 1 87 1 54 17 59 100 88 62 55 78 65 95 44 26 100 2 96 91 42 35 97 8 25 60 55 26 7 78 10 70 54 16 90 58 72 68 100 41 82 68 57 87 32 97 76 1 93 68 87 53 53 94 37 10 53 15 70 66 38 24 70 87 2 88 53 32 51 15 45 81 91 95 8 16 1 81 15 41 92 17 22 87 86 84 58 52 84 3 86 58 10 72 99 53 64 3 1 48 33 94 81 67 52 37 20 72 94 8 52 32 3 63 89 
94 41 1 13 97 38 64 70 85 86 86 81 54 17 89 90 74 77 28 64 47 5 70 7 59 60 54 91 33 53 80 87 63 7 57 15 36 42 64 97 95 60 61 55 51 59 25 82 40 37 8 20 88 91 71 20 89 61 82 35 59 68 31 44 19 98 10 80 43 32 88 60 77 84 65 78 36 33 4 44 96 61 40 34 35 23 99 47 60 26 50 48 100 52 29 18 14 44 60 21 38 12 36 30 49 71 93 51 33 39 28 64 94 82 58 39 60 40 36 61 76 73 78 53 86 84 51 42 26 80 7 88 71 81 16 74 91 49 64 82 18 5 89 11 6 1 6 70 25 67 28 22 6 22 73 76 65 100 92 53 51 22 81 78 46 24 82 89 95 45 88 45 23 11 4 
12
110 30 92 101 16 15 128 158 45 91 119 113 
17
131 18 171 26 40 9 141 139 15 90 104 22 81 110 37 175 12 
7
29 81 44 170 147 152 94 
9
33 63 112 7 145 143 113 40 9 
7
149 114 105 24 28 27 62 
7
113 160 116 154 84 141 62 
7
47 96 169 55 147 65 106 
2
46 143 
13
155 131 167 69 79 170 50 108 84 37 161 63 145 
18
129 35 175 173 66 120 86 33 161 49 67 56 101 97 143 71 142 52 
14
9 113 109 38 94 164 7 5 67 172 125 175 142 140 
2
164 111 
19
148 149 41 49 67 99 142 58 39 52 40 164 11 161 29 168 112 120 174 
3
133 151 93 
16
96 57 166 41 108 114 141 83 30 48 33 170 27 102 40 144 
15
99 16 42 174 50 161 35 150 114 136 71 175 125 30 53 
6
14 76 29 162 99 36 
7
158 138 23 79 96 156 15 
5
67 33 7 68 113 
2
21 151 
4
117 108 125 9 
17
21 123 78 72 142 107 86 10 17 153 134 108 26 44 130 159 58 
9
88 10 170 85 34 172 94 131 136 
13
50 149 33 48 144 163 29 172 110 46 4 82 92 
19
34 150 46 158 51 12 82 107 62 148 157 55 164 127 101 72 124 109 14 
6
60 75 102 50 108 82 
11
71 41 169 57 161 114 160 98 40 129 97 
20
77 41 73 135 116 130 160 167 18 101 114 113 134 166 10 122 107 89 148 163 
13
160 28 105 92 60 166 118 99 35 122 119 157 82 
12
21 163 76 151 108 70 160 122 86 15 32 41 
3
13 33 109 
18
49 39 80 128 101 146 68 175 61 82 162 153 168 70 148 48 69 131 
18
13 34 3 143 47 97 78 40 153 114 98 50 8 174 54 166 2 38 
17
56 37 117 120 52 159 83 106 127 50 53 156 121 136 86 20 93 
12
121 102 95 110 89 169 127 166 80 88 37 167 

