175 35 
7
40 76 69 78 9 62 43 99 35 54 7 44 53 4 29 65 28 92 72 14 93 72 10 56 19 99 87 86 33 58 27 67 4 78 29 70 9 1 34 3 60 45 74 77 48 100 5 8 31 16 18 29 14 90 38 8 91 7 20 65 41 69 4 73 42 45 79 27 2 87 91 65 58 72 56 95 26 43 15 74 37 91 15 59 26 5 21 70 58 84 49 6 30 38 13 18 33 94 32 24 10 18 30 21 42 73 30 17 25 75 41 44 87 95 27 17 71 96 41 34 41 53 82 89 60 80 96 67 21 91 84 82 30 52 68 57 81 1 66 63 28 50 34 40 83 31 44 25 85 72 33 77 85 34 26 55 91 30 10 78 56 41 63 78 90 77 28 63 44 30 46 22 96 86 99 
40 83 66 36 89 73 53 29 98 7 75 12 95 85 21 94 38 27 50 61 99 30 54 87 92 70 40 72 4 82 87 7 78 74 94 71 25 62 47 81 57 76 13 94 29 4 55 23 3 57 23 99 98 61 63 77 68 47 62 87 48 57 9 42 41 6 20 88 81 39 17 11 65 69 99 75 99 17 72 30 63 21 62 10 84 47 39 14 15 47 87 25 26 71 96 72 12 16 98 21 99 14 72 25 52 17 50 61 98 68 58 16 72 42 14 5 92 86 86 48 78 14 70 22 98 88 70 40 91 59 10 56 50 85 16 49 22 27 84 16 49 82 58 89 47 49 33 74 45 31 26 64 80 90 1 60 24 5 8 6 73 60 23 63 5 48 42 52 44 46 16 2 82 5 96 
48 97 35 52 27 32 89 29 1 30 4 40 36 1 43 56 84 93 78 26 66 55 29 11 22 17 39 91 61 40 20 84 12 19 46 68 55 88 11 66 85 67 46 31 3 69 25 53 45 37 85 50 11 19 18 40 8 94 63 82 14 13 6 29 17 96 17 34 89 12 26 74 72 67 96 81 21 63 97 78 79 49 21 72 42 24 29 53 46 42 58 16 79 17 29 14 10 14 4 10 49 55 13 26 16 86 1 6 47 44 96 24 47 69 91 2 80 36 70 19 85 47 54 33 36 31 33 34 83 60 53 99 100 23 2 89 39 30 20 27 91 15 40 58 68 54 32 66 43 36 46 36 46 21 21 30 99 51 81 7 32 42 55 46 94 45 88 7 64 78 58 29 36 85 60 
43 6 15 94 37 58 26 50 73 77 30 72 65 21 96 36 20 78 98 19 79 86 17 23 54 42 77 82 79 61 62 70 49 32 51 30 52 30 3 63 95 64 5 44 40 82 18 99 58 69 29 81 97 63 70 46 8 99 97 51 24 4 3 7 76 37 34 74 34 23 74 50 20 73 79 48 13 2 26 84 62 26 95 73 1 67 20 56 76 2 58 30 77 30 93 37 3 1 39 18 1 97 65 91 95 10 92 64 44 1 39 92 44 8 33 73 86 52 20 83 5 39 1 65 8 44 79 37 10 90 36 42 13 6 56 96 80 19 2 46 83 11 37 55 62 94 6 51 86 49 88 99 85 76 86 52 89 45 14 54 14 8 55 10 95 35 26 62 8 40 22 77 79 29 36 
97 12 27 96 11 25 34 53 47 81 81 73 65 34 22 4 93 26 29 95 12 81 47 62 86 60 54 65 23 80 15 4 89 47 29 69 86 69 50 14 83 1 8 45 50 65 53 5 56 26 69 100 88 59 17 24 99 19 80 23 79 98 7 95 96 67 90 52 8 45 21 43 10 37 74 53 74 94 51 57 69 22 40 20 3 1 40 89 67 91 13 51 41 74 95 39 27 68 24 97 15 15 40 88 52 14 24 18 18 62 21 15 53 19 21 1 42 34 91 33 81 8 66 5 75 21 64 34 67 39 59 46 25 1 5 64 25 78 68 53 54 4 28 25 64 5 13 23 60 35 86 74 91 46 6 7 47 19 91 79 89 29 64 92 14 24 75 84 98 32 34 30 18 97 25 
46 44 46 90 46 4 7 75 1 4 43 72 50 33 1 80 40 36 4 81 17 64 67 11 100 32 15 44 8 58 29 9 61 10 54 63 25 37 33 49 37 15 39 81 22 11 36 39 73 2 38 38 41 4 66 56 72 57 58 3 47 83 10 66 27 57 75 85 84 26 57 94 57 84 54 60 39 8 28 100 66 54 46 99 80 93 9 12 42 71 68 97 98 8 35 46 34 81 17 20 90 19 14 66 6 61 34 23 8 97 30 82 19 11 63 16 80 87 69 89 91 89 87 82 82 100 55 46 22 18 61 73 17 76 100 35 5 74 79 93 82 16 41 21 82 1 64 44 84 11 24 49 75 48 57 7 70 14 54 74 31 86 79 48 78 16 12 6 95 59 79 78 28 77 87 
7 97 80 39 72 20 99 71 28 78 82 45 64 54 56 97 98 39 90 50 82 44 78 45 64 15 72 77 22 27 92 33 66 96 69 69 30 46 58 71 90 66 67 96 15 29 11 32 49 48 56 8 95 10 72 75 39 19 92 51 46 83 17 39 43 42 71 49 71 76 74 5 55 31 9 16 31 55 25 4 69 67 20 64 70 99 4 34 31 31 55 19 26 10 65 54 11 84 41 13 63 33 10 68 2 44 23 67 80 82 26 83 71 97 39 67 1 78 93 7 25 73 86 37 29 56 24 73 34 61 81 95 60 86 43 53 83 16 15 42 46 85 45 40 61 95 28 68 70 76 59 60 73 58 89 90 98 74 31 90 28 45 13 23 65 78 45 31 90 50 50 12 5 60 57 
9
138 20 108 99 36 28 117 51 78 
14
7 113 163 134 93 59 80 47 160 28 13 52 46 140 
9
158 63 170 50 49 83 124 86 106 
10
27 142 10 32 70 120 77 24 149 144 
13
53 174 34 19 96 150 58 94 42 85 11 163 25 
10
91 171 41 149 48 89 32 162 92 112 
5
98 166 140 22 108 
4
107 123 149 132 
3
175 11 168 
7
82 174 76 124 153 80 86 
20
47 4 33 119 23 35 94 111 41 67 2 70 167 144 110 102 80 37 122 118 
4
30 107 113 158 
11
29 160 20 83 124 155 88 156 82 152 56 
3
114 44 170 
11
77 164 35 109 78 30 144 114 55 82 155 
6
153 78 167 147 105 65 
4
133 166 154 109 
6
173 64 3 61 80 156 
19
160 23 2 113 93 74 72 39 81 128 117 46 161 49 21 126 70 22 167 
3
141 45 116 
17
151 32 156 163 10 159 47 99 80 33 145 108 110 35 92 3 48 
19
58 106 167 110 165 26 108 33 139 169 91 173 99 92 112 132 22 50 42 
4
118 42 27 30 
9
113 160 106 69 138 21 54 89 52 
15
14 42 26 2 112 164 76 16 143 79 17 11 22 119 130 
18
39 75 6 21 3 96 143 111 69 45 91 142 10 158 84 146 166 25 
4
85 59 33 27 
11
114 74 174 87 83 158 49 131 116 159 68 
19
101 116 137 136 33 163 52 13 47 156 125 167 153 117 172 142 15 69 22 
19
162 105 19 90 77 80 112 148 93 164 24 84 78 154 87 86 70 128 156 
13
23 97 103 111 145 32 61 63 168 37 107 66 78 
4
42 71 105 141 
15
20 11 107 143 120 147 29 39 54 109 36 96 38 101 2 
14
12 167 125 26 41 132 29 3 58 133 95 82 101 67 
17
21 92 89 175 172 142 73 162 95 47 72 10 129 120 20 104 70 

