100 20 
7
44 94 48 69 56 71 56 64 73 27 89 63 37 42 96 56 44 18 67 41 35 35 70 35 65 69 31 31 4 58 28 11 23 90 54 11 1 39 41 89 41 31 11 90 29 80 19 8 86 63 59 11 96 24 22 53 64 65 83 88 6 62 9 8 84 36 56 18 62 10 6 4 63 15 39 30 61 23 3 99 37 82 98 92 63 78 1 58 37 13 13 48 92 27 30 95 57 26 69 57 
37 2 73 6 67 31 13 74 27 63 10 67 31 48 3 58 97 90 41 45 58 28 71 99 89 88 38 16 82 40 40 80 55 98 68 76 45 42 55 65 41 37 61 48 73 94 41 97 14 16 86 13 87 53 8 92 86 2 66 62 99 90 77 36 97 73 34 86 64 45 59 70 69 67 26 96 53 10 13 28 59 54 99 10 72 20 99 46 75 46 86 96 55 43 35 57 38 48 44 14 
71 29 58 95 95 11 96 70 68 84 85 50 61 89 18 89 50 36 26 46 94 89 15 1 57 72 1 46 86 40 1 95 31 8 7 47 57 40 34 26 52 56 9 8 7 6 100 68 40 100 7 28 99 79 47 63 56 3 10 68 40 88 15 9 44 7 11 61 57 8 83 86 45 11 94 73 87 93 87 90 90 44 50 48 91 71 74 19 93 100 26 21 59 13 24 82 8 55 26 87 
90 10 39 7 32 39 66 70 68 31 9 92 57 52 1 34 53 12 20 76 82 55 56 44 33 39 42 35 55 42 61 46 99 22 17 9 9 93 69 1 27 28 87 61 11 67 49 94 43 36 22 100 56 77 66 6 33 44 100 1 3 87 42 35 40 88 57 93 35 56 57 19 65 99 8 57 47 83 95 89 65 28 65 61 96 7 68 52 9 35 41 3 65 5 56 2 87 11 60 28 
19 36 60 79 54 97 94 51 55 35 17 6 51 75 95 6 39 24 61 6 32 30 64 15 51 34 41 100 76 13 27 31 50 95 39 69 74 38 25 79 74 40 75 6 82 21 42 93 99 19 98 84 2 25 90 3 25 45 49 62 19 44 44 26 47 37 78 41 40 73 74 94 39 60 47 8 39 57 65 94 61 27 69 81 25 48 23 56 3 40 38 54 59 54 69 76 50 34 76 3 
75 62 22 39 67 37 33 19 25 4 11 32 22 88 38 14 29 79 35 37 16 68 63 44 28 3 77 20 16 55 4 42 53 18 42 73 83 93 62 48 69 67 66 80 39 24 49 10 61 33 61 80 14 24 70 90 81 7 50 86 25 89 59 2 7 64 6 96 55 30 79 100 2 8 22 61 86 15 34 5 12 67 5 74 91 10 17 17 1 35 56 53 20 95 51 87 45 92 76 35 
22 22 28 73 11 65 15 73 83 79 90 7 86 100 26 82 55 83 38 18 67 76 21 85 59 9 92 93 87 20 85 48 59 57 10 42 84 75 40 35 53 36 87 69 27 64 9 81 50 68 6 71 54 27 50 79 8 84 55 52 15 60 88 20 15 31 44 78 34 49 13 92 56 16 14 20 20 3 4 89 35 94 9 35 25 93 78 10 47 86 74 23 14 62 95 19 59 52 87 23 
16
36 95 70 33 22 19 87 85 54 10 69 55 47 41 42 66 
10
22 82 86 81 56 49 64 33 95 47 
6
52 85 9 6 19 68 
11
45 81 55 5 84 17 16 32 4 61 88 
17
80 79 5 97 64 4 95 43 47 37 21 83 69 88 65 33 70 
17
33 11 94 32 81 99 98 82 66 17 97 12 74 63 4 88 71 
8
36 23 89 100 14 2 91 94 
14
81 7 15 58 9 39 52 86 1 99 79 90 10 2 
20
23 59 37 32 40 52 22 38 41 24 12 54 44 57 99 5 45 29 98 62 
19
61 93 47 5 23 30 27 80 19 44 22 91 100 76 85 95 32 18 84 
17
32 43 87 18 45 48 3 77 52 22 4 26 76 10 59 30 17 
11
79 62 7 51 9 98 70 25 43 38 16 
3
14 89 44 
15
34 77 58 42 85 22 41 35 16 15 45 53 49 27 72 
19
37 81 27 42 64 51 8 74 22 78 60 67 87 77 98 86 92 21 15 
3
52 11 85 
4
19 12 66 29 
13
84 53 20 92 64 98 58 66 70 83 8 97 18 
6
59 41 85 55 43 96 
4
49 2 6 51 

