100 20 
7
72 72 40 5 17 15 100 12 74 50 25 89 82 94 48 33 72 60 16 55 22 19 23 75 54 7 95 56 36 52 65 21 64 46 83 76 51 60 11 45 33 67 53 97 58 39 89 40 81 92 37 80 100 79 29 1 75 31 12 58 14 41 11 59 22 15 13 82 21 86 11 98 92 70 44 93 6 51 7 25 39 87 28 83 17 20 9 22 8 89 70 4 97 66 50 84 68 23 6 22 
66 32 3 88 70 83 93 69 86 5 1 31 38 64 86 53 75 6 17 10 22 70 48 55 17 44 33 72 84 11 35 77 100 24 57 22 1 47 32 90 25 62 66 48 53 29 62 96 52 93 62 19 5 100 17 16 69 20 89 5 57 85 78 72 65 55 72 13 17 67 19 90 30 91 59 60 85 8 35 39 50 31 2 81 38 47 55 4 38 47 6 43 83 93 33 56 7 12 65 98 
38 9 79 58 83 92 3 8 44 91 62 26 15 16 91 38 37 42 32 79 8 73 4 5 41 38 66 27 52 6 62 27 97 37 2 45 25 1 15 51 21 52 88 69 83 67 44 50 57 76 13 10 33 84 32 26 10 6 16 7 75 63 63 55 64 23 36 85 84 32 18 40 73 74 32 29 98 100 36 89 76 46 21 43 91 87 34 18 97 54 35 77 97 61 9 26 25 28 63 2 
94 97 73 52 16 95 52 98 59 12 70 30 91 4 40 22 20 3 12 33 84 50 96 2 39 68 29 87 34 49 51 28 54 67 43 85 69 83 1 24 20 44 46 42 66 27 67 25 37 66 68 27 89 94 16 71 90 72 50 13 68 19 60 18 19 24 94 34 12 43 79 29 77 45 67 19 88 32 97 37 69 55 46 33 89 80 100 78 94 23 10 98 12 68 60 9 54 18 34 94 
76 46 99 24 5 96 32 60 98 86 63 48 52 56 28 33 92 39 62 3 94 44 62 69 11 52 52 87 74 11 52 100 96 53 79 35 47 6 65 64 52 64 40 41 95 48 59 75 46 54 3 4 45 14 54 91 92 62 31 48 54 55 62 14 89 69 78 31 9 91 49 52 37 16 99 72 50 51 25 86 91 10 97 40 28 15 84 56 20 66 93 19 88 77 95 84 18 58 49 11 
29 41 19 36 83 24 92 32 89 68 9 66 3 85 40 44 81 84 44 32 78 10 70 99 41 7 68 21 93 65 15 5 38 91 11 47 54 35 4 26 63 27 40 99 84 93 77 71 71 35 90 74 11 75 52 37 94 90 81 40 100 16 61 42 55 4 7 75 78 2 29 49 22 69 28 21 65 53 67 16 59 91 29 3 43 76 45 84 22 26 60 13 53 85 72 56 44 45 42 74 
63 4 15 83 7 49 33 63 48 16 15 36 22 39 2 72 32 28 25 6 72 25 51 26 92 78 83 100 1 97 50 60 87 4 2 42 35 96 40 71 64 57 91 3 31 59 100 10 18 19 34 34 54 48 12 86 50 87 100 56 31 10 74 64 6 62 84 5 1 30 36 52 43 12 32 22 80 97 28 34 50 15 100 8 18 45 98 56 85 34 46 8 94 62 75 16 5 96 72 29 
20
55 33 42 62 59 97 38 21 4 74 77 35 25 23 91 96 70 81 79 50 
10
3 66 76 98 33 24 84 86 63 96 
5
29 28 26 50 19 
16
11 39 42 17 67 72 93 38 99 25 70 21 86 2 62 41 
18
31 18 15 76 34 51 80 45 6 95 11 26 62 35 47 8 69 24 
12
50 61 36 98 66 32 72 24 80 51 11 82 
3
12 51 68 
3
30 69 75 
17
64 11 79 36 83 51 66 41 76 62 53 69 56 10 13 23 90 
15
54 71 93 83 69 47 3 63 70 41 21 45 31 79 9 
4
43 13 14 99 
13
50 8 17 42 40 71 78 72 28 30 65 26 21 
18
85 81 26 66 88 15 64 20 44 40 4 71 91 78 1 2 96 60 
7
45 78 86 51 10 33 35 
8
77 5 1 56 39 88 2 97 
14
19 65 69 78 61 96 35 62 100 16 66 72 85 46 
3
58 3 20 
15
69 73 97 84 78 20 68 57 4 86 70 75 60 15 79 
4
25 10 94 13 
8
23 27 10 52 53 48 11 14 

