150 30 
7
75 99 40 92 96 23 79 43 49 37 94 6 36 89 26 30 45 14 65 21 40 57 100 4 5 11 9 31 31 97 22 23 72 92 3 63 52 85 28 58 99 66 72 82 89 16 66 91 37 44 7 85 81 68 48 65 36 15 59 35 98 73 3 64 81 33 83 49 18 96 40 30 71 58 92 76 7 28 80 52 32 84 48 67 59 9 79 35 46 33 64 56 22 51 100 93 6 68 53 70 24 70 3 14 43 52 78 15 99 70 76 62 10 41 29 27 30 68 69 54 86 36 45 77 33 55 37 33 53 98 55 10 58 93 8 36 86 39 94 53 76 93 61 63 8 33 16 54 74 64 
49 49 89 33 69 21 20 60 24 70 11 98 41 22 73 80 7 94 89 6 65 17 51 53 42 81 72 33 46 89 86 49 99 29 19 90 92 64 58 76 63 81 99 88 93 9 52 59 61 40 16 7 20 29 48 5 66 32 49 79 96 5 10 27 4 12 94 94 35 81 41 99 8 100 56 1 33 34 8 43 44 3 58 57 64 16 15 83 7 48 86 5 93 1 23 55 47 68 98 87 17 17 81 1 83 31 88 65 35 70 41 48 46 89 68 96 38 38 36 3 57 54 90 83 70 56 74 34 7 1 70 53 20 68 12 68 90 46 50 19 35 7 18 25 87 86 30 22 79 4 
9 68 50 29 9 32 40 55 3 45 75 43 2 61 2 81 92 55 26 9 13 88 41 100 77 68 10 11 37 95 72 63 41 68 58 34 29 59 34 22 91 16 37 63 31 19 12 13 6 77 65 53 46 87 13 19 89 7 30 26 1 4 77 62 93 65 24 73 86 72 82 71 21 13 34 8 6 62 13 19 55 59 15 21 23 89 65 17 47 56 77 64 79 97 11 56 26 5 65 5 99 6 45 7 96 75 61 15 10 98 74 93 36 57 9 70 4 1 41 7 75 93 94 60 6 68 44 83 11 95 32 74 29 61 100 2 56 42 77 24 83 65 88 73 44 77 14 79 85 98 
73 93 56 64 7 39 97 31 33 86 19 48 42 90 7 82 33 41 2 89 23 43 54 71 83 75 94 29 80 11 45 2 66 80 2 28 57 12 11 12 46 70 34 34 31 88 38 16 64 48 65 66 13 38 68 79 5 63 51 23 62 75 21 14 17 64 93 6 19 94 24 98 90 15 28 71 90 85 51 75 64 37 80 71 66 28 89 54 65 24 38 76 92 47 92 70 74 83 38 33 63 93 34 76 70 46 88 46 48 22 42 19 75 62 88 85 24 73 52 24 93 90 76 90 4 36 4 9 92 79 6 39 98 8 73 25 13 41 52 17 36 56 27 52 44 21 26 81 19 93 
31 93 32 8 93 40 87 77 17 84 19 64 71 11 95 62 67 96 84 5 51 73 82 11 76 62 62 40 58 82 30 32 10 62 56 93 54 17 13 85 77 89 79 29 46 98 71 8 6 14 1 47 62 74 82 42 70 35 70 82 94 43 83 50 89 33 81 35 63 16 91 98 56 44 100 37 48 56 28 66 35 94 73 77 74 18 19 41 78 76 25 99 26 38 54 42 51 24 22 66 28 25 76 60 42 66 19 99 43 18 26 13 67 49 1 76 14 82 100 100 17 2 72 47 6 94 32 41 80 57 66 13 86 65 38 74 87 42 60 32 51 13 76 78 71 42 46 56 81 16 
65 46 41 56 15 77 15 50 98 62 67 60 14 35 92 28 25 83 55 42 50 19 77 27 22 7 22 36 70 72 87 38 50 4 88 84 100 89 23 83 99 67 29 91 19 25 63 16 100 66 76 52 47 35 17 55 29 43 33 18 70 99 85 58 30 61 83 36 25 92 59 24 45 85 30 69 70 46 33 63 4 97 48 17 14 69 47 86 8 4 28 15 100 13 62 31 27 44 4 48 90 10 34 43 24 38 25 56 32 60 82 95 8 76 78 72 30 77 40 63 43 56 85 60 93 22 95 5 66 69 85 23 42 18 7 38 77 22 85 29 99 57 74 5 39 77 13 20 68 21 
90 83 23 74 71 7 86 92 95 28 71 87 29 74 84 88 48 74 88 15 3 23 24 45 88 3 37 17 89 75 28 36 84 42 94 95 22 48 74 81 85 50 46 58 29 7 85 8 37 8 29 15 59 42 39 21 69 96 76 48 26 91 5 14 70 75 14 74 13 77 11 43 47 43 38 62 83 26 39 50 97 88 57 27 36 57 29 72 14 5 12 19 8 86 91 84 55 71 36 34 33 75 63 69 39 47 16 9 25 89 96 53 16 77 73 90 30 56 100 95 83 83 81 22 67 34 42 100 50 45 51 26 16 78 17 34 54 79 11 86 6 95 78 81 48 49 80 74 10 59 
9
142 147 115 145 117 95 92 144 57 
2
115 8 
16
33 107 29 37 66 72 98 31 40 55 27 82 144 28 127 20 
10
127 126 89 14 109 123 139 93 117 26 
20
28 23 8 84 103 68 119 27 34 5 65 38 71 64 101 128 150 18 82 25 
9
20 142 126 12 147 79 88 125 114 
10
54 150 69 36 93 11 131 111 133 101 
5
111 18 77 32 101 
4
112 138 38 62 
8
18 29 87 38 130 81 147 112 
11
140 128 94 9 116 15 106 129 130 73 44 
12
128 135 130 56 92 76 150 108 123 43 47 21 
17
55 17 29 93 102 30 59 26 36 10 75 147 108 99 135 94 111 
12
124 47 6 72 33 112 139 109 97 147 61 1 
2
72 138 
6
1 77 109 36 110 80 
17
77 17 14 120 11 114 76 121 22 78 63 112 19 28 30 61 93 
8
64 2 68 115 59 92 82 121 
15
146 19 90 33 117 63 93 97 108 75 148 116 143 115 61 
4
73 35 83 61 
11
84 144 102 97 108 114 100 119 23 81 92 
9
140 81 35 108 101 75 44 69 113 
4
83 34 127 23 
5
121 34 58 79 66 
13
105 5 32 66 17 128 13 77 139 102 141 89 10 
8
120 41 22 11 93 55 4 15 
16
83 109 42 64 66 103 118 2 56 62 21 67 11 122 116 129 
10
18 89 84 35 120 147 16 61 80 112 
5
23 62 78 44 98 
10
115 33 57 14 127 89 95 71 6 18 

