100 20 
7
66 51 30 72 94 61 53 29 52 60 96 64 1 47 97 15 60 12 71 8 43 44 62 21 30 99 23 17 37 90 17 82 67 71 21 22 88 93 7 24 53 32 81 6 41 30 17 54 14 65 17 28 40 47 11 38 52 46 77 86 53 100 54 9 79 17 39 97 25 21 14 11 80 30 11 94 93 20 84 8 37 2 45 65 26 23 40 80 8 32 21 4 81 35 44 87 9 28 74 19 
15 99 91 60 23 76 32 79 71 33 40 46 10 77 14 60 46 39 82 42 69 20 32 12 21 28 65 11 15 1 77 25 74 74 52 19 66 41 40 93 45 51 91 16 65 44 72 78 6 43 50 58 61 83 68 3 100 67 47 18 26 14 1 77 73 95 72 68 22 46 88 47 55 29 8 73 73 35 38 95 65 95 48 91 43 23 33 72 65 92 40 60 76 60 28 96 12 86 12 20 
73 34 81 48 65 53 79 16 21 46 38 67 32 76 68 78 78 72 90 62 7 61 33 29 79 5 5 25 48 96 42 86 25 30 7 12 34 31 35 4 51 14 80 32 16 64 22 79 93 25 3 8 40 37 25 92 65 46 47 75 62 66 13 81 1 78 57 24 64 73 26 54 35 97 61 58 34 69 99 62 28 42 58 84 24 43 81 79 37 62 56 28 84 1 37 5 86 54 49 86 
93 77 63 100 15 20 80 27 3 20 77 92 41 88 71 82 82 30 78 18 51 73 5 82 50 93 91 30 76 15 59 49 3 33 32 94 24 81 51 9 86 27 87 16 68 69 30 99 6 3 12 65 21 17 39 65 80 91 61 52 48 22 96 83 54 22 16 14 64 91 16 77 46 18 25 72 10 2 59 19 63 9 64 60 49 53 97 93 75 75 58 53 24 24 87 1 54 38 59 2 
44 94 8 66 83 45 74 11 6 33 65 27 3 86 26 12 66 72 23 96 27 61 5 73 82 74 24 11 58 68 64 23 53 51 7 93 7 4 34 43 14 70 4 7 1 76 13 71 32 15 33 93 10 88 82 98 20 50 31 44 73 81 31 37 93 48 41 8 76 47 76 37 85 50 10 42 65 80 96 75 38 92 49 14 66 26 70 74 93 18 97 85 52 44 36 58 6 82 62 82 
77 49 64 4 5 68 49 86 38 46 4 84 95 70 99 18 22 19 2 21 35 91 10 33 70 73 89 91 58 66 28 87 71 10 76 86 77 90 93 45 23 66 21 14 38 91 61 59 75 72 12 78 89 48 40 67 58 6 14 76 51 9 9 100 12 67 40 57 54 53 16 53 1 76 24 47 7 12 42 64 52 26 52 11 52 83 91 19 53 81 35 33 45 83 81 16 16 84 10 72 
62 90 20 15 85 82 81 71 26 81 18 21 75 13 9 28 63 45 72 23 70 89 33 74 83 11 8 97 54 87 97 100 24 39 84 37 14 71 96 44 46 15 16 54 40 84 9 78 36 4 99 21 38 60 50 1 97 48 25 38 35 18 33 84 56 81 81 22 40 8 15 99 35 6 34 44 38 46 33 1 48 19 91 66 59 16 73 70 59 45 5 4 21 49 98 40 80 42 38 63 
10
1 93 97 90 67 36 72 65 94 53 
20
93 100 62 73 96 39 31 25 75 11 57 13 41 3 1 38 46 29 65 26 
8
41 47 20 85 62 55 60 45 
11
13 52 9 70 91 82 37 84 49 72 76 
19
47 64 71 61 38 100 65 54 27 70 98 68 89 88 13 42 94 31 56 
10
40 15 29 26 58 14 86 59 3 41 
15
18 78 40 76 8 82 5 58 61 31 83 12 47 63 42 
18
54 11 93 92 74 62 88 39 59 71 49 53 5 21 2 44 89 70 
12
46 95 60 33 63 84 18 56 37 57 54 48 
6
71 29 34 20 64 14 
8
13 70 72 17 96 29 43 23 
6
37 14 42 75 25 11 
9
9 89 66 86 68 5 85 20 44 
10
55 47 64 15 32 58 93 7 43 3 
6
63 43 92 19 49 10 
9
82 87 7 96 91 9 22 26 38 
9
2 75 28 59 35 90 34 4 26 
11
60 42 64 63 78 33 85 21 38 89 36 
7
66 19 62 100 58 39 98 
8
23 78 3 44 62 49 30 80 

