100 20 
7
17 35 21 53 40 27 66 84 87 76 6 92 91 39 85 81 72 73 46 68 92 74 5 5 46 85 19 38 61 37 83 95 54 74 42 30 86 23 73 100 16 28 100 99 6 30 33 84 73 10 31 25 29 63 18 55 60 52 26 57 57 76 94 26 40 72 15 1 11 37 38 72 78 14 97 46 8 88 52 45 54 86 5 73 31 27 85 12 23 32 8 58 95 84 94 42 77 27 59 47 
7 12 44 25 63 56 59 13 72 48 17 50 88 40 94 74 37 34 51 52 31 85 15 12 43 74 43 72 71 38 97 8 78 22 25 65 77 52 56 9 44 52 90 19 74 1 72 69 52 11 57 6 37 2 17 35 59 91 66 56 29 77 61 54 5 29 16 55 88 70 22 2 71 97 69 39 13 2 97 82 71 37 81 65 56 6 60 12 14 34 54 31 98 54 10 91 9 11 62 9 
99 49 34 94 57 90 51 83 84 40 84 42 32 33 76 18 59 42 11 64 1 62 46 16 74 95 7 62 30 33 96 54 88 22 87 24 62 64 31 70 3 27 93 34 3 16 91 9 26 68 19 65 61 2 75 4 70 86 29 14 10 51 43 86 86 50 92 13 17 84 61 6 3 4 42 84 94 91 81 61 99 88 89 96 60 36 90 11 37 82 10 27 1 36 89 15 66 13 67 39 
43 34 22 51 12 69 94 74 83 57 1 95 70 42 70 64 44 84 81 24 17 22 6 55 9 47 40 58 97 42 82 89 8 43 99 78 69 89 44 21 2 87 27 69 8 6 100 59 73 14 3 34 86 22 40 75 1 85 58 75 7 33 56 75 1 69 98 86 87 73 44 96 58 70 58 10 46 68 10 53 82 1 6 37 34 73 12 57 87 95 32 95 50 97 84 29 87 56 51 49 
24 61 7 15 100 77 97 70 44 15 63 46 27 41 60 87 100 87 74 86 8 3 33 56 11 42 22 22 43 69 64 46 13 50 19 34 56 22 21 100 18 22 7 23 100 87 29 23 88 57 19 1 50 52 57 60 63 49 17 2 89 11 30 55 20 91 39 63 54 100 63 53 10 81 83 32 45 54 16 14 62 52 18 40 51 80 79 9 40 79 23 25 67 27 79 89 35 88 13 60 
64 89 43 51 88 91 17 37 5 38 32 5 2 81 89 56 1 46 44 27 17 7 28 44 78 14 10 23 14 55 73 90 63 7 61 24 97 73 27 24 26 92 35 58 77 37 65 83 69 42 88 50 18 20 39 75 100 54 41 61 29 62 80 89 26 59 64 1 5 31 80 93 99 27 40 45 16 39 67 39 82 75 90 33 47 14 45 36 51 39 35 26 98 33 76 28 65 65 3 52 
39 96 62 22 29 41 11 6 89 93 17 56 72 85 15 33 97 19 20 75 92 85 67 44 79 6 57 33 95 20 39 77 14 1 66 88 59 9 15 75 32 72 66 46 77 65 32 20 15 59 31 34 81 17 31 14 64 53 36 14 92 90 17 8 65 9 5 3 30 98 57 32 18 86 65 7 71 19 77 90 26 43 74 97 16 52 3 56 41 45 57 26 26 45 72 55 33 12 83 46 
6
90 51 78 77 37 93 
7
50 95 20 37 80 90 56 
3
91 24 100 
12
87 66 48 5 33 74 35 29 34 36 64 7 
10
70 93 62 76 4 79 66 69 84 86 
8
86 33 11 60 49 54 22 39 
19
17 30 61 21 85 67 49 23 99 13 7 33 43 56 37 90 26 46 35 
16
66 52 72 85 3 47 49 98 76 39 53 6 82 18 67 27 
17
75 32 4 81 49 98 44 24 6 20 17 3 57 31 55 39 46 
6
76 69 14 82 50 73 
13
77 81 53 12 97 31 17 24 6 45 58 85 79 
20
5 23 37 40 12 61 97 72 6 38 25 21 14 64 85 48 13 8 16 4 
20
86 75 67 2 62 55 95 26 21 54 37 18 80 57 87 7 93 97 41 94 
13
48 22 30 36 91 85 45 57 39 21 34 83 99 
8
54 55 42 3 95 40 46 81 
20
9 52 82 87 44 45 83 61 37 17 46 65 81 78 1 99 38 77 6 76 
12
53 32 7 15 94 76 9 80 40 88 23 70 
15
86 70 31 60 2 38 75 4 92 65 64 6 29 55 83 
11
26 64 8 17 62 88 99 50 23 89 65 
2
38 92 

