150 30 
7
38 22 62 51 61 4 27 60 54 11 88 87 6 75 100 52 13 29 74 92 70 40 42 32 73 49 95 94 81 80 34 6 78 98 10 60 81 27 73 50 80 61 62 28 22 25 37 49 12 99 17 94 33 39 9 4 40 77 61 24 57 67 52 7 53 75 69 46 44 7 10 77 30 67 31 52 52 97 4 16 81 75 34 100 25 31 69 4 90 31 30 24 50 56 20 59 8 71 99 98 79 62 19 7 2 69 52 80 41 69 54 38 49 59 83 79 55 68 3 56 46 28 98 79 61 12 96 58 6 39 53 69 46 89 54 90 90 48 31 48 90 83 77 60 6 67 26 55 54 73 
39 48 11 51 60 83 28 51 1 23 19 65 27 63 18 54 20 100 19 83 52 19 60 46 13 97 97 12 21 33 41 79 98 95 82 1 83 16 42 4 61 75 12 50 30 31 5 41 95 100 24 78 29 99 92 71 52 82 57 76 96 43 84 1 75 90 99 46 61 30 28 95 8 30 51 38 99 75 85 75 87 58 92 28 18 16 86 98 28 62 44 79 30 86 6 10 95 74 99 32 74 77 74 75 78 47 100 87 34 58 78 57 89 96 15 11 86 44 50 82 67 5 53 18 98 41 57 30 17 3 36 17 17 56 87 26 67 44 56 95 95 92 48 6 79 86 74 63 90 86 
26 1 83 97 67 6 1 43 12 47 91 39 48 51 55 43 85 57 50 57 15 12 15 50 36 54 55 9 14 31 79 27 1 74 90 95 43 77 91 94 45 40 14 85 23 5 58 29 93 40 33 46 1 39 19 99 20 79 21 82 62 76 67 75 20 45 4 22 92 61 13 17 96 16 16 88 13 9 1 76 9 85 78 34 14 46 80 62 81 31 89 28 36 61 60 22 99 89 42 78 49 83 29 92 53 36 35 15 69 71 17 88 22 32 83 9 17 83 67 21 70 8 72 13 16 52 74 35 26 23 60 7 55 68 77 74 31 44 94 1 72 52 29 47 76 11 65 29 36 45 
31 98 6 32 48 22 100 84 84 96 35 3 88 86 91 9 77 54 72 28 27 82 22 46 34 1 94 70 41 20 31 99 51 79 44 70 55 83 67 57 3 64 84 59 95 5 63 54 8 77 47 86 99 28 13 38 16 32 90 62 71 52 13 74 2 6 68 53 30 89 66 51 20 89 24 15 68 34 49 95 78 72 63 52 91 21 78 40 87 70 71 58 73 65 98 16 34 24 56 91 80 86 59 44 91 57 16 1 41 61 21 5 79 45 39 71 59 71 11 92 29 13 74 76 38 70 16 96 43 75 60 27 38 85 61 7 63 64 88 32 100 89 24 3 61 65 24 33 84 25 
9 87 18 90 92 71 100 51 43 10 10 21 92 93 92 38 33 7 28 1 97 17 11 58 100 27 75 30 86 63 15 7 31 61 5 54 53 87 12 19 74 98 68 4 79 28 81 26 17 42 96 12 39 71 19 69 52 96 37 42 28 44 30 45 76 78 91 25 19 96 94 76 58 39 10 81 73 83 1 33 86 32 30 65 20 25 47 15 90 90 60 50 82 6 79 36 92 96 26 77 87 100 50 92 95 4 59 27 64 8 51 69 26 62 62 32 7 70 31 96 25 4 90 38 59 30 15 53 1 48 23 46 37 18 65 10 60 67 52 94 41 61 32 65 98 81 17 98 39 90 
93 49 44 28 76 100 31 94 66 7 3 49 97 48 94 17 66 43 4 46 10 10 54 99 34 24 80 3 41 26 88 5 5 71 72 72 76 53 19 99 26 56 76 53 70 19 37 15 54 57 37 13 61 60 18 40 52 17 19 62 89 1 48 59 81 22 31 44 40 76 96 5 51 99 55 1 83 35 75 96 91 46 75 73 6 71 33 72 59 69 6 83 10 99 91 70 25 100 21 49 27 46 60 50 51 33 18 3 1 42 89 21 17 77 9 62 66 59 82 8 13 88 62 90 60 21 71 94 74 6 48 48 42 11 52 65 6 13 64 49 40 43 34 32 56 90 42 62 67 78 
39 77 54 70 13 52 91 37 19 7 45 29 64 14 49 94 99 61 37 43 54 59 78 30 26 36 88 80 70 35 9 82 26 89 96 16 22 29 94 84 51 40 41 22 100 54 85 29 83 57 37 24 48 65 56 58 89 49 73 6 82 67 100 62 3 11 35 93 65 6 37 61 89 15 93 6 17 3 36 71 66 82 44 61 10 73 9 37 32 52 86 76 66 46 45 72 43 91 38 48 54 65 70 71 79 79 5 14 40 59 25 37 48 11 48 16 83 9 54 30 96 75 63 9 50 16 34 32 26 62 38 39 82 39 42 53 46 100 70 6 41 62 37 14 70 54 44 63 15 14 
19
120 65 69 52 57 25 17 39 7 104 45 19 114 5 100 36 147 80 149 
8
65 118 126 18 136 146 16 80 
5
139 32 115 119 41 
17
142 2 62 42 93 59 134 28 115 125 24 46 58 98 73 13 119 
11
3 49 68 15 118 18 14 20 80 138 104 
19
32 24 140 101 41 132 40 108 118 104 142 64 28 30 6 25 143 33 16 
17
54 64 105 92 93 149 118 6 147 33 88 68 79 37 21 44 140 
11
117 82 113 126 9 65 27 115 62 11 94 
3
79 48 136 
9
48 50 2 9 47 122 124 129 5 
16
111 116 46 130 92 17 35 32 81 126 108 125 120 39 146 36 
10
26 13 66 80 105 82 120 79 100 93 
7
100 9 91 79 54 126 58 
17
112 34 86 105 81 19 51 146 83 111 96 21 130 38 41 92 61 
6
10 44 54 125 141 99 
2
57 84 
4
44 43 119 80 
2
27 125 
12
90 56 141 54 28 126 89 124 55 9 112 137 
2
61 35 
16
29 115 116 112 10 51 6 110 131 21 16 78 9 89 54 104 
13
118 20 147 109 74 61 41 56 126 111 128 2 67 
6
16 85 15 146 35 134 
19
92 70 132 135 137 59 39 52 58 23 93 114 117 49 136 127 10 80 8 
13
141 78 124 16 23 1 30 105 145 66 95 60 128 
3
70 55 89 
5
122 10 90 150 15 
3
54 126 97 
7
65 17 16 116 148 145 15 
16
29 13 133 3 109 148 58 84 42 23 37 87 100 47 39 68 

