200 40 
7
32 63 11 36 67 71 83 96 88 61 29 76 67 100 21 44 8 5 9 72 61 91 50 45 13 76 30 28 92 34 68 4 74 37 60 57 97 20 36 18 24 22 46 70 17 58 69 80 5 96 97 2 72 8 88 78 52 59 89 14 25 82 10 39 67 89 80 19 23 57 93 30 31 68 78 77 42 93 45 63 85 43 36 35 26 14 29 86 30 50 17 48 45 69 80 24 28 86 38 28 10 78 74 57 46 22 71 53 27 4 80 17 7 42 23 24 82 4 92 68 53 1 43 17 24 6 74 75 100 51 86 89 45 8 71 20 1 35 58 63 31 52 70 80 65 22 53 43 19 39 68 97 76 61 66 35 21 59 68 31 33 14 84 83 63 41 42 69 7 86 73 88 27 17 43 46 100 41 70 45 1 44 70 93 23 27 67 50 27 37 60 56 89 20 82 63 66 59 51 99 
87 56 67 66 85 31 84 80 90 75 37 7 29 64 68 99 53 27 52 63 71 80 82 73 34 7 97 56 50 54 35 29 70 12 70 86 60 46 6 3 21 92 91 81 66 39 16 30 44 89 40 31 8 21 81 25 68 28 73 42 85 55 50 4 65 26 68 59 80 36 74 99 76 76 6 96 22 24 55 1 81 1 52 44 78 75 9 52 58 78 26 36 19 85 11 38 53 58 67 62 38 93 32 7 14 34 60 11 69 50 43 95 97 29 39 68 60 57 72 15 63 65 60 85 3 49 28 59 82 35 96 94 47 22 78 27 23 27 79 17 20 87 85 89 88 80 56 33 39 26 46 93 11 5 85 44 43 39 8 16 33 85 12 46 54 62 23 41 38 59 50 14 38 5 84 88 40 9 63 72 73 15 72 53 33 88 94 61 67 81 49 74 32 72 100 76 96 50 62 77 
83 79 94 24 51 61 12 3 21 38 28 75 18 76 34 34 72 42 33 31 46 83 66 27 62 34 62 40 73 62 9 87 76 92 32 2 50 41 83 2 30 77 71 65 48 77 70 34 45 91 44 91 100 41 30 41 55 21 82 43 8 51 79 77 99 89 22 90 16 33 70 4 66 91 61 37 68 12 10 50 63 100 72 79 47 39 5 53 37 36 57 99 92 33 36 87 82 10 96 95 96 18 51 94 94 24 4 42 42 100 95 68 80 73 94 12 83 59 14 37 54 15 88 83 16 14 67 18 53 39 54 100 5 67 32 93 48 80 51 10 45 42 73 100 80 31 100 96 55 22 44 85 44 38 12 46 34 17 96 43 56 53 3 15 77 65 41 54 58 74 32 40 64 37 50 96 71 91 42 59 29 95 29 43 30 4 94 96 41 21 67 98 6 28 61 38 71 67 5 66 
28 93 83 46 100 97 90 31 100 30 15 80 31 2 80 61 84 44 30 99 12 78 76 63 45 55 80 57 91 29 21 7 95 52 56 25 27 82 23 82 11 1 90 11 32 73 82 21 65 83 10 94 92 92 72 55 20 33 62 83 68 77 62 44 8 100 30 94 95 15 84 26 38 94 67 34 96 75 76 46 20 67 36 61 22 19 2 3 17 19 1 53 11 75 95 26 41 92 5 74 68 9 7 41 80 32 28 91 67 81 4 24 24 40 37 69 4 34 81 65 23 56 69 6 36 70 87 1 58 62 48 66 43 79 37 50 27 72 16 78 16 79 80 17 68 66 11 50 58 79 25 45 70 87 22 38 86 25 34 23 70 28 5 36 13 48 90 84 94 17 5 29 61 19 91 21 84 1 45 45 45 52 5 81 81 38 3 55 36 54 19 82 91 28 92 55 5 73 44 32 
64 10 50 56 58 34 17 100 27 65 88 68 53 17 43 90 96 95 65 10 11 9 93 16 74 2 35 35 98 47 87 77 72 35 50 16 4 53 23 57 26 91 81 74 33 86 77 88 29 31 27 99 14 78 82 67 79 62 39 43 1 84 4 6 39 53 12 12 9 75 55 98 79 76 85 67 99 45 55 70 34 82 51 15 32 78 16 32 8 60 28 69 48 90 23 13 15 8 31 57 85 25 87 44 76 77 23 48 93 71 68 6 32 45 40 100 26 98 25 60 32 93 61 51 74 37 3 98 34 15 7 97 81 26 2 78 58 48 11 21 40 16 30 55 76 17 88 3 99 45 9 44 7 13 2 70 34 28 79 63 34 7 64 6 85 34 14 64 4 29 68 50 58 62 56 74 76 88 40 42 72 60 84 61 81 91 34 26 28 63 18 14 8 16 3 51 79 36 82 27 
93 71 1 61 57 76 87 26 97 91 14 13 5 99 46 53 58 43 80 50 95 76 66 40 4 37 32 89 14 12 75 36 89 13 55 69 45 24 19 3 56 24 18 37 79 11 84 62 29 74 62 49 72 15 24 51 44 77 53 71 51 1 77 26 100 74 54 20 29 37 22 21 68 4 50 3 98 26 24 81 57 58 5 56 81 72 75 96 99 24 81 99 6 23 81 44 42 65 40 76 13 83 87 31 5 87 17 21 5 38 61 27 50 80 52 60 42 75 83 5 38 23 68 10 67 42 18 13 92 9 91 95 15 69 7 6 32 55 26 72 39 29 97 37 30 9 36 98 17 58 25 49 19 62 79 83 24 79 8 96 85 73 55 8 30 74 65 90 77 44 29 22 42 62 11 58 11 52 65 56 31 22 85 35 26 71 100 50 87 96 7 2 99 54 16 22 13 21 90 32 
31 76 100 32 8 77 15 45 33 6 38 72 76 19 65 36 20 70 27 39 75 6 56 100 83 68 71 34 85 56 16 46 89 36 84 40 12 56 8 61 73 36 31 45 85 42 33 49 100 61 37 8 40 67 28 74 77 61 6 91 24 61 38 91 16 1 46 24 81 4 33 91 71 25 42 99 74 88 8 35 89 100 36 4 95 45 36 59 46 46 89 12 22 86 32 98 88 80 34 42 21 95 83 13 91 81 15 96 75 18 26 95 27 68 37 40 53 23 49 62 47 74 19 86 9 3 16 41 35 99 63 56 38 9 56 44 10 70 10 11 41 56 44 45 47 59 98 82 21 98 9 11 84 19 22 71 85 25 74 67 28 48 21 7 35 46 89 79 40 36 80 25 76 86 30 91 24 40 89 68 86 28 9 33 80 80 1 18 38 50 17 23 19 85 10 11 64 89 23 79 
6
89 173 53 172 129 20 
19
84 186 149 56 63 117 110 68 57 47 138 104 199 188 19 29 179 83 15 
5
188 88 172 101 199 
4
11 3 100 19 
15
12 165 145 73 111 38 105 155 117 27 72 95 173 57 98 
15
58 9 20 19 16 23 36 112 103 27 74 190 113 189 199 
11
9 107 80 13 47 126 84 146 163 179 56 
12
104 195 90 162 3 92 128 13 109 29 176 23 
3
129 200 22 
17
83 158 126 148 91 102 60 131 82 140 66 8 15 31 111 132 172 
15
76 26 71 126 44 61 48 114 179 82 109 64 72 183 81 
12
147 41 160 87 70 66 146 121 105 7 97 133 
9
128 16 4 59 184 83 68 13 169 
6
138 168 136 66 71 102 
18
102 152 49 116 59 138 7 198 181 180 67 123 179 142 32 51 193 196 
19
26 134 144 20 84 189 105 195 66 107 3 10 112 160 62 73 188 2 87 
4
36 81 23 14 
17
115 85 177 111 198 151 105 77 2 157 8 137 179 60 67 12 160 
9
165 28 153 128 58 121 37 137 132 
12
84 137 39 168 72 35 2 41 94 174 140 146 
9
96 67 102 128 89 12 23 28 198 
7
121 136 78 47 70 96 168 
11
142 160 90 147 145 121 137 95 2 36 181 
14
163 194 1 40 150 31 144 145 171 25 76 141 16 59 
12
47 170 77 87 117 193 128 136 54 185 31 69 
4
185 33 83 101 
19
163 2 87 166 26 112 81 29 35 65 135 189 12 68 136 6 28 117 8 
10
175 44 78 123 46 95 165 49 135 180 
7
3 174 60 74 171 84 85 
17
40 75 37 106 191 174 22 50 80 194 156 79 10 186 53 63 165 
17
98 120 100 194 175 12 172 153 85 91 23 176 4 169 150 116 41 
3
5 177 148 
10
82 71 53 108 40 120 19 145 152 91 
3
98 67 26 
3
87 162 155 
14
134 99 12 49 198 28 40 102 4 137 172 124 77 62 
5
55 6 144 148 145 
14
124 97 118 130 152 143 111 194 35 7 65 28 128 113 
4
36 163 200 146 
17
74 135 149 199 58 9 160 84 50 178 60 88 131 192 73 112 38 

