200 40 
7
1 51 4 44 97 52 12 46 22 20 89 62 78 27 92 32 84 88 36 32 19 75 3 48 96 38 56 85 16 35 14 75 19 67 29 23 80 44 77 59 9 99 76 33 30 5 45 30 12 77 79 34 16 19 47 39 65 34 82 14 25 1 60 71 26 22 45 33 52 15 97 97 41 4 3 47 91 25 35 44 81 59 56 1 74 59 14 95 59 84 62 46 35 3 63 87 50 16 83 24 63 10 98 73 44 60 39 67 8 26 74 57 68 82 48 99 73 68 70 7 96 46 48 72 88 86 17 85 48 63 9 26 49 60 81 25 8 97 19 88 67 94 97 8 25 77 10 83 61 14 21 62 85 47 12 19 85 45 65 60 47 47 11 49 35 58 56 9 47 19 40 78 3 19 41 97 23 86 77 67 65 75 67 80 51 34 1 20 79 65 64 82 26 70 60 52 60 76 32 61 
48 36 12 72 72 9 32 54 44 38 94 48 47 7 83 93 95 20 79 7 98 86 28 60 39 22 20 19 43 98 35 27 78 45 45 85 82 12 67 85 70 86 12 96 25 40 50 36 50 98 85 63 22 41 39 25 57 30 92 43 70 87 91 53 91 56 81 56 38 33 34 70 71 64 100 14 74 41 83 12 98 96 39 99 32 76 1 15 81 49 93 16 51 21 40 98 41 80 50 81 93 86 10 62 100 22 93 91 46 44 83 53 59 85 89 26 15 10 83 6 92 94 7 79 23 70 88 3 92 56 60 82 60 69 35 48 45 38 93 51 56 60 44 34 29 30 70 53 89 25 46 97 95 86 37 13 90 94 88 23 69 17 52 67 93 70 99 87 33 24 97 62 70 34 62 67 34 99 23 99 81 30 30 98 70 15 72 94 77 87 59 62 62 77 48 9 88 84 29 36 
44 53 40 7 86 39 59 5 99 27 23 59 70 47 22 44 84 72 39 3 33 32 4 70 29 91 93 49 57 52 79 94 71 68 44 51 36 70 64 78 17 71 56 81 35 22 86 75 8 58 15 87 4 7 47 22 32 29 88 42 43 94 65 20 90 11 21 53 87 24 1 32 89 72 94 37 58 28 86 49 75 87 66 25 43 41 93 76 49 97 95 29 95 98 22 8 64 93 86 95 57 29 25 86 81 44 86 72 96 78 85 16 29 54 70 88 71 26 96 76 49 14 63 37 35 94 16 53 61 100 33 20 17 16 6 44 11 22 54 4 94 40 44 43 80 15 32 74 45 66 33 40 58 22 49 85 78 33 38 72 46 8 96 69 17 59 8 16 37 45 90 62 34 97 75 5 90 5 74 76 11 49 73 63 2 57 15 79 17 68 26 93 94 86 76 84 46 74 9 17 
40 86 54 16 62 2 3 99 60 34 91 68 68 88 7 56 63 69 76 91 32 58 78 59 85 51 19 20 32 23 60 83 46 71 36 14 63 61 78 32 66 54 80 81 54 4 46 66 85 23 34 82 9 7 47 22 46 56 70 27 14 12 6 18 41 44 91 94 14 65 73 95 33 34 19 96 12 82 58 17 75 84 5 40 35 50 9 49 30 48 42 50 94 70 36 76 49 63 58 2 75 14 52 44 91 44 76 9 95 96 85 25 92 10 10 23 62 93 94 82 54 25 25 14 75 96 29 31 23 33 27 74 51 38 94 32 48 92 86 15 71 74 78 46 11 3 55 66 83 76 1 74 38 45 81 68 82 87 87 88 58 5 84 32 90 24 98 50 35 27 44 36 83 20 99 7 67 72 14 36 52 44 30 13 99 99 29 37 3 79 24 76 12 12 10 73 97 39 90 52 
10 33 63 88 7 24 37 17 40 72 20 1 83 84 72 17 80 67 97 83 66 81 5 30 24 40 9 7 43 40 8 63 57 43 52 79 5 33 56 32 27 39 60 72 58 93 1 4 38 9 34 72 87 76 29 93 2 50 12 3 2 63 43 95 1 97 35 46 33 49 13 10 66 72 6 100 47 41 62 34 77 79 76 55 18 37 72 1 71 89 25 43 6 62 53 17 70 91 69 21 70 79 86 1 49 72 41 26 10 5 36 63 15 4 27 46 23 81 37 48 9 69 75 80 60 17 15 80 15 14 1 91 92 54 41 10 66 79 69 38 52 23 30 97 28 90 77 71 49 34 46 84 82 67 26 1 85 68 62 24 23 55 89 53 69 3 69 32 24 66 80 30 14 36 71 94 75 50 43 51 54 61 2 27 67 83 2 75 31 28 43 89 48 74 70 77 38 7 97 22 
32 77 3 63 24 34 72 22 86 84 1 30 11 82 98 4 97 89 88 85 23 57 97 14 12 60 34 40 76 87 88 81 10 57 69 33 100 97 40 46 67 20 90 79 60 37 21 27 41 10 67 20 55 78 6 11 6 52 100 88 58 37 9 93 20 75 18 82 51 89 89 24 98 79 48 60 55 60 58 60 88 80 58 9 11 76 59 60 67 35 13 82 100 39 62 69 93 69 57 80 100 88 57 35 61 26 59 16 42 36 59 62 59 63 74 54 56 16 34 94 50 21 11 76 78 80 52 60 32 26 80 86 43 20 99 62 5 73 80 32 83 33 77 54 20 87 86 87 45 19 13 26 38 62 59 96 21 23 64 72 23 70 42 44 88 60 50 62 7 87 48 97 42 96 41 10 60 89 60 80 60 14 27 93 37 13 97 74 21 52 44 86 71 100 72 11 94 7 30 56 
43 65 38 95 34 24 76 33 27 24 43 92 88 22 60 54 77 71 66 87 58 62 33 87 9 11 31 83 77 83 2 71 40 37 8 82 67 11 75 49 61 14 94 5 8 14 4 42 3 40 31 42 9 69 24 11 17 79 86 25 90 13 16 31 60 48 99 44 50 51 67 50 1 89 69 46 89 24 11 37 46 16 91 53 38 58 35 54 76 90 100 69 8 92 49 12 49 21 60 82 79 30 78 5 27 29 52 81 3 32 3 78 89 77 13 50 22 91 24 96 60 42 64 75 24 18 92 61 6 46 81 48 68 1 76 84 80 36 62 66 93 75 84 20 91 13 24 38 1 66 64 56 98 49 24 35 47 29 69 9 74 36 99 73 60 93 56 68 61 100 23 86 43 23 99 66 72 87 98 96 81 3 68 11 76 20 8 32 20 41 50 23 10 26 31 47 73 55 56 41 
16
95 145 21 200 159 16 106 134 124 109 65 59 66 40 164 198 
7
116 13 40 2 184 179 15 
17
4 111 194 200 196 164 123 139 1 86 166 44 10 26 171 173 40 
12
195 198 180 38 93 98 200 41 124 64 182 72 
19
27 174 150 6 75 69 21 196 132 191 189 73 66 181 101 100 175 172 52 
14
80 43 68 168 62 140 184 130 189 60 32 173 180 63 
8
200 163 89 70 9 112 22 168 
16
67 140 30 143 142 68 94 47 8 123 122 61 78 23 199 117 
5
128 187 150 20 148 
18
61 52 70 15 68 193 155 142 78 92 34 110 58 77 116 54 179 36 
8
171 11 65 189 4 101 180 186 
14
154 182 190 28 172 150 168 41 184 12 87 169 51 142 
18
80 96 72 165 92 17 66 176 132 148 68 54 25 110 109 192 3 76 
20
54 130 175 62 15 59 112 37 118 45 125 65 14 91 123 51 149 12 193 137 
19
182 62 65 178 25 143 68 151 95 74 195 126 43 71 128 30 146 193 88 
6
20 111 146 7 11 195 
5
107 189 67 1 22 
12
138 94 178 62 59 72 75 33 43 63 185 156 
19
109 158 87 53 19 197 30 99 189 37 171 168 105 178 121 83 190 77 181 
11
166 122 161 137 123 39 21 129 42 127 86 
4
181 15 49 144 
9
27 157 177 179 7 125 73 142 134 
14
42 26 94 172 132 193 123 129 89 200 149 33 102 131 
20
75 191 140 48 71 8 182 192 56 132 165 73 125 117 68 94 35 67 111 189 
4
66 21 171 93 
10
162 37 133 83 62 140 20 55 157 5 
14
24 57 46 33 161 44 146 59 96 158 183 101 108 111 
2
134 26 
12
147 151 177 127 130 68 194 99 73 163 103 143 
10
74 70 14 191 40 168 157 30 162 37 
20
69 36 57 147 193 96 15 200 183 191 12 72 49 108 88 155 104 189 47 106 
14
176 177 78 195 58 83 161 2 1 40 118 19 52 56 
18
26 7 193 129 53 86 178 143 43 31 66 196 183 65 156 142 141 168 
4
77 179 110 103 
8
51 5 132 140 71 48 17 113 
4
196 82 51 90 
4
109 36 53 67 
15
164 101 57 122 92 13 198 194 71 84 56 146 66 173 158 
6
114 195 4 179 63 51 
8
32 27 154 189 33 80 1 75 

