200 40 
7
68 10 90 42 55 76 90 77 11 77 61 26 9 86 41 55 38 38 50 83 4 58 77 11 23 2 6 53 84 27 86 48 7 80 7 20 43 69 2 38 16 87 58 25 29 55 84 50 14 83 83 81 38 19 15 8 53 8 43 42 73 65 33 91 25 62 76 18 92 92 46 81 17 57 55 15 74 44 47 60 78 24 71 33 56 88 18 84 35 52 38 3 68 80 38 53 79 94 45 75 4 49 32 65 72 79 34 12 17 24 84 25 90 96 99 10 7 100 26 95 95 41 62 64 59 36 6 67 78 17 99 34 5 5 56 77 18 71 92 74 22 10 49 28 89 9 71 60 23 9 100 44 34 55 22 92 33 51 76 1 15 73 36 27 12 41 36 28 58 24 74 83 3 88 96 64 15 27 89 91 15 80 32 59 56 77 83 44 100 1 37 15 64 64 25 38 87 49 85 61 
4 21 17 39 90 29 5 51 81 48 20 8 50 75 77 46 22 56 35 98 76 36 77 17 49 49 45 86 56 79 85 62 21 63 73 76 29 33 87 68 81 48 19 83 76 4 2 6 88 36 50 50 67 8 48 1 22 10 66 95 97 55 46 91 27 48 38 16 75 45 85 68 54 13 57 96 57 31 17 2 88 65 82 27 99 37 21 17 74 2 84 92 63 65 10 57 47 66 87 19 58 83 35 91 100 87 31 73 52 28 12 15 78 67 22 1 43 36 4 81 73 99 12 84 91 90 36 68 83 56 15 46 95 23 14 98 25 2 67 75 55 79 54 6 58 54 71 54 56 12 80 27 59 16 29 67 7 92 14 13 42 62 26 82 86 73 15 35 14 14 34 55 55 70 35 89 50 96 87 99 3 70 15 78 10 70 24 76 66 86 38 88 90 93 43 84 14 29 85 91 
73 96 1 53 64 68 16 23 78 7 57 99 24 97 90 97 6 53 69 22 64 72 35 60 54 7 10 18 61 2 45 9 5 9 39 62 77 72 82 42 46 68 81 12 64 37 23 95 24 81 8 72 77 3 12 4 29 26 8 79 64 16 42 4 56 65 1 70 95 6 15 9 1 93 20 17 63 91 82 9 21 93 58 17 88 79 25 64 76 18 24 1 93 97 39 86 64 82 42 91 66 72 63 71 4 55 65 37 53 43 38 39 99 66 29 88 50 11 66 13 93 9 61 73 48 35 4 43 61 70 71 81 64 86 30 59 98 77 88 24 100 61 5 90 16 45 77 12 81 3 48 23 59 63 10 93 52 31 67 68 89 18 18 38 83 29 8 100 1 30 51 76 2 11 20 53 64 49 61 97 95 61 1 23 10 27 47 66 60 27 34 21 82 98 60 11 36 92 30 64 
4 75 36 15 98 3 32 65 43 10 68 59 38 58 13 23 64 35 53 49 74 31 27 52 63 90 10 46 67 2 57 72 30 33 100 12 30 3 36 51 74 9 51 36 5 86 94 100 28 88 43 6 100 30 16 17 10 94 34 74 65 71 19 12 63 55 86 18 85 59 95 41 39 76 98 98 94 56 62 84 69 51 21 61 55 50 79 100 75 4 74 80 35 25 47 30 8 69 95 83 53 55 47 85 92 30 1 69 55 28 16 93 50 53 15 75 53 78 87 23 86 29 79 25 49 56 13 99 8 14 27 15 65 82 71 21 7 78 68 68 18 15 13 93 38 72 85 73 78 52 55 98 21 74 27 6 79 5 35 84 94 42 78 62 51 3 47 77 7 20 65 15 97 97 65 73 56 76 76 50 79 34 57 84 42 24 56 100 56 94 29 48 87 62 24 9 53 57 10 3 
40 73 13 24 76 35 74 15 51 100 50 28 30 49 30 30 31 84 71 16 54 24 47 54 9 56 52 26 57 64 43 86 76 77 5 85 67 80 63 30 13 39 88 62 64 29 24 22 43 36 27 27 13 79 51 10 92 41 17 8 40 81 25 5 77 8 29 77 93 74 63 13 91 80 96 44 16 1 3 69 91 21 54 79 42 17 68 18 56 36 40 13 41 17 75 84 80 13 81 69 81 39 96 39 28 39 96 82 96 12 12 44 35 51 92 84 51 5 28 3 67 46 59 18 45 86 53 8 1 24 44 42 15 14 91 75 54 32 28 47 65 71 81 80 45 50 73 99 23 22 91 18 16 56 81 86 40 12 9 44 8 81 93 42 90 80 86 64 28 66 25 84 27 80 4 49 4 16 44 6 45 92 41 63 86 75 34 33 36 99 76 13 40 53 40 10 54 85 80 97 
85 86 9 47 27 63 60 85 30 96 7 68 35 90 1 15 72 62 89 4 42 36 67 54 31 49 98 60 38 67 72 52 81 59 32 83 72 39 42 54 14 81 11 84 79 25 38 2 84 90 8 5 82 7 77 41 2 72 4 6 90 39 27 53 84 91 24 66 65 42 9 72 50 53 78 80 9 72 15 16 63 49 73 81 14 60 22 24 99 16 60 85 67 14 72 100 7 92 90 18 81 87 48 47 22 17 8 6 23 54 52 76 77 96 35 57 24 78 32 71 98 77 80 74 51 59 37 76 96 22 92 59 68 66 74 94 69 75 46 10 50 6 79 64 14 65 47 2 84 24 56 57 80 31 89 100 21 88 29 48 55 59 18 62 73 38 55 69 34 31 4 31 2 97 45 45 5 35 71 33 93 68 82 54 3 85 36 19 46 66 32 70 83 41 3 44 46 45 9 51 
10 33 93 36 70 37 1 87 8 89 41 73 25 59 61 14 63 24 6 83 70 1 70 74 90 7 21 61 38 17 26 18 25 93 75 12 28 25 78 85 28 28 30 32 29 35 57 6 57 42 7 6 72 25 7 22 60 65 37 13 20 6 96 46 87 1 23 10 11 9 24 25 15 3 62 19 16 22 45 55 87 95 40 52 59 99 31 31 59 46 94 9 57 4 40 97 60 54 11 91 66 91 59 11 41 82 91 65 93 45 88 65 4 80 67 65 7 25 3 32 23 83 78 79 25 15 42 67 56 63 21 74 64 72 94 62 52 99 53 99 80 15 77 46 44 10 89 57 30 92 30 17 64 24 26 24 78 33 15 86 80 64 92 34 73 24 72 90 64 81 96 44 36 28 52 50 30 64 55 42 67 86 54 51 5 54 77 63 41 50 51 28 14 99 94 83 7 3 71 16 
9
22 97 199 27 138 99 31 122 85 
15
59 11 109 142 122 81 191 165 66 20 178 72 26 181 16 
4
187 84 141 130 
7
85 54 143 122 66 3 69 
10
46 199 154 83 175 113 117 84 40 35 
10
122 5 192 96 171 33 32 165 24 103 
9
74 146 173 45 106 183 176 86 82 
9
74 125 115 69 85 193 186 34 103 
15
140 83 71 96 64 148 142 185 81 32 146 156 53 124 17 
18
84 166 114 45 9 131 13 148 178 63 52 116 69 139 111 140 60 49 
19
91 182 2 121 71 77 141 89 27 155 61 95 34 166 144 142 18 118 130 
19
99 39 148 155 127 112 194 83 157 171 27 179 49 69 164 145 121 142 190 
15
39 146 86 124 101 42 155 158 26 180 3 120 191 174 25 
20
22 197 143 95 178 1 71 24 151 115 73 25 17 11 109 176 121 106 189 137 
6
188 112 19 56 17 16 
5
132 200 182 197 176 
17
118 64 111 75 177 115 83 139 150 4 29 39 50 40 191 174 186 
13
172 55 47 38 83 176 43 159 142 51 15 122 103 
15
167 93 104 112 73 31 16 131 66 169 140 128 20 28 34 
6
40 20 118 139 113 86 
9
104 199 83 26 52 31 40 163 141 
19
66 42 76 148 51 111 129 171 33 158 130 97 59 147 3 127 126 177 24 
17
29 158 47 194 103 40 123 132 92 76 124 98 135 39 110 82 94 
6
133 25 30 150 85 144 
20
183 104 97 86 138 149 28 197 126 122 12 159 36 42 153 51 179 176 72 133 
3
97 163 126 
2
181 71 
20
2 69 143 40 10 30 136 87 59 164 150 49 130 166 125 172 79 188 112 169 
19
44 42 116 153 190 171 137 33 45 54 141 119 147 179 167 117 9 71 157 
8
159 80 109 62 189 94 132 98 
2
126 170 
20
34 78 82 130 120 9 151 61 175 152 15 155 1 112 179 80 131 138 165 91 
4
115 161 57 17 
14
43 19 39 189 126 56 37 186 109 48 139 26 111 174 
13
12 53 11 2 98 41 113 87 119 61 182 27 198 
11
103 71 154 9 134 196 90 89 195 138 111 
8
10 56 165 66 103 195 3 174 
10
112 123 5 70 50 166 188 190 172 167 
14
89 154 49 74 159 144 65 183 17 3 12 93 87 192 
3
125 17 111 

