200 40 
7
21 35 74 4 17 71 48 12 28 32 5 39 70 12 7 2 94 58 32 82 30 7 4 15 80 33 59 95 83 60 97 17 36 60 46 25 31 74 91 60 43 86 99 42 41 66 33 29 69 23 51 32 15 60 12 27 64 57 20 55 66 99 13 4 71 42 31 98 22 36 88 35 55 3 57 14 57 100 84 67 56 56 65 11 36 15 75 54 44 40 62 49 46 6 8 52 9 14 14 76 64 86 39 33 15 63 26 33 100 11 11 39 16 21 27 15 65 27 66 12 50 18 80 38 55 42 91 61 34 43 67 20 39 47 18 78 99 60 42 21 52 58 69 65 89 83 15 96 43 73 63 43 94 98 81 17 53 14 5 71 6 37 20 51 92 62 65 18 52 44 48 40 87 48 67 63 25 61 76 18 83 66 80 80 9 27 75 7 81 45 58 28 57 46 33 66 82 20 64 69 
59 1 57 6 53 12 58 25 48 7 77 68 42 11 33 22 36 45 77 49 74 6 14 9 40 42 82 58 50 14 18 37 16 21 44 63 18 53 45 31 37 52 29 48 25 3 43 35 17 38 13 65 13 60 86 86 36 86 55 83 74 73 1 79 66 39 93 69 51 4 4 7 54 90 70 92 3 46 2 49 2 26 14 56 10 16 52 10 34 53 100 62 83 43 44 77 33 83 52 1 60 56 49 66 92 45 81 68 84 55 30 39 15 23 5 34 73 23 90 86 17 100 47 4 67 72 51 31 52 58 5 23 84 18 69 44 48 38 56 32 92 14 57 64 44 3 87 7 80 36 82 46 36 56 34 78 20 30 43 71 80 5 93 96 7 79 77 100 84 94 40 42 32 93 12 65 29 64 61 95 19 73 79 84 94 75 55 47 29 84 62 26 65 21 42 1 59 89 72 60 
37 87 43 42 80 63 77 3 78 98 8 84 35 36 12 63 100 100 45 78 3 24 49 35 90 69 80 6 19 56 55 78 75 52 62 7 13 34 76 47 85 58 38 92 84 61 99 61 34 32 19 60 37 62 23 58 55 98 61 2 49 90 100 54 32 12 9 82 99 73 94 8 41 6 91 87 54 14 48 54 5 55 53 23 25 10 40 91 31 10 61 75 39 73 9 73 11 99 96 49 96 30 35 93 88 54 81 1 15 35 77 97 93 93 87 30 63 75 39 92 100 39 10 81 12 64 83 85 70 34 88 93 81 74 93 50 9 81 59 17 67 4 39 32 5 55 59 38 66 65 50 3 51 14 68 96 83 3 39 95 45 15 87 73 91 12 94 34 53 64 59 40 99 40 41 85 73 80 34 95 36 75 25 75 41 22 91 24 25 36 19 52 37 10 42 35 41 62 63 53 
16 43 92 13 87 1 72 49 63 62 22 42 2 50 33 24 88 96 53 14 15 24 83 91 17 39 5 89 63 79 55 67 98 9 69 48 49 36 90 10 84 4 16 21 80 44 42 95 98 66 73 98 54 95 29 40 61 60 43 71 53 35 45 73 21 58 51 87 99 53 72 38 11 45 64 51 25 63 5 5 91 15 8 83 62 76 77 76 13 75 3 40 95 96 71 57 53 20 95 7 61 89 65 81 75 92 5 8 3 62 4 93 97 22 15 81 50 85 85 6 85 82 18 46 53 24 48 20 62 3 97 76 1 55 52 97 44 42 40 95 82 26 94 60 22 49 64 48 99 34 58 88 73 98 81 38 50 26 12 100 15 98 50 3 53 32 55 98 83 48 100 29 54 76 92 100 26 4 58 73 89 40 8 94 9 72 17 46 93 37 32 26 20 49 62 40 40 61 48 69 
66 77 92 75 38 12 96 60 81 89 12 4 47 77 46 81 91 92 20 4 62 53 13 29 91 78 91 55 78 53 89 55 69 31 81 56 31 8 6 76 6 43 84 68 32 45 94 10 67 42 2 16 11 6 91 76 47 79 91 16 74 16 17 55 86 23 56 38 72 62 75 21 23 54 98 46 88 8 8 66 65 63 72 61 66 71 29 78 81 31 30 70 43 60 75 19 44 31 67 10 96 6 16 32 99 50 55 58 56 50 71 32 87 96 33 43 4 64 64 89 42 93 29 26 84 1 59 62 82 12 48 56 26 45 26 70 44 6 24 39 87 67 49 82 20 64 5 18 80 25 74 25 15 20 5 4 73 41 68 91 61 66 58 93 47 50 18 22 15 13 85 99 89 16 22 33 71 64 50 76 94 93 88 79 40 99 16 95 29 97 83 93 16 2 26 94 3 54 89 4 
83 61 30 55 81 20 9 11 77 6 30 29 4 39 25 49 14 10 52 8 55 85 49 31 31 82 99 73 90 24 38 17 68 88 16 66 3 54 33 79 6 78 29 74 90 61 87 61 45 81 71 62 95 85 66 53 91 38 83 84 7 65 88 17 38 65 5 14 11 9 40 38 74 98 66 50 10 92 68 47 75 88 60 23 29 75 52 32 64 85 14 6 91 36 10 52 30 19 34 75 92 86 88 32 60 49 57 1 45 87 16 89 59 33 41 99 38 58 99 74 61 27 82 70 65 2 23 43 12 71 1 68 63 38 47 38 8 72 70 21 39 46 63 69 17 16 36 63 86 25 84 33 97 24 7 95 18 67 83 43 51 23 10 37 53 41 99 20 86 5 79 24 56 53 10 17 92 20 72 17 1 92 20 13 55 76 89 44 90 41 99 34 36 67 41 12 40 61 42 42 
8 44 91 54 22 45 36 2 94 23 4 82 29 46 19 35 78 2 68 30 41 97 44 27 75 99 76 53 43 99 41 36 42 29 87 32 85 50 45 43 46 8 49 47 47 53 71 47 23 42 67 90 91 62 70 28 17 19 29 47 80 57 90 76 1 17 77 53 91 37 71 43 40 60 67 52 87 26 79 37 33 29 55 44 87 1 44 49 96 6 62 24 5 18 82 15 13 97 72 79 67 70 39 21 48 49 12 12 45 57 98 100 3 66 30 27 29 57 95 8 49 80 35 64 54 72 49 83 15 81 60 40 76 6 96 92 73 97 10 9 90 17 58 14 54 45 73 46 62 51 4 74 10 84 85 1 81 30 97 70 40 23 69 70 18 89 60 78 90 67 36 41 93 37 7 29 68 59 81 9 22 62 85 55 55 6 47 1 46 40 60 15 22 89 83 81 55 20 85 77 
18
117 60 127 154 27 143 141 23 153 125 200 34 56 148 190 81 53 79 
2
173 140 
8
147 12 55 135 114 106 184 153 
8
47 10 63 100 92 144 39 34 
10
183 196 109 76 46 35 53 17 147 137 
18
100 70 2 188 115 7 74 49 1 134 149 58 169 17 167 135 142 193 
8
50 35 192 191 149 2 157 75 
3
31 90 64 
18
108 23 2 144 20 112 133 59 148 35 45 124 154 193 166 171 86 9 
18
175 122 88 81 141 124 3 105 181 10 98 4 186 86 28 79 169 14 
7
59 159 173 144 184 13 53 
13
98 40 81 78 104 138 100 7 66 12 49 73 147 
10
73 85 145 63 192 165 69 39 77 62 
10
19 101 172 89 134 5 114 171 10 32 
12
180 164 32 133 90 70 102 169 38 178 60 193 
2
172 66 
19
137 94 20 55 102 200 133 114 172 14 189 71 160 86 52 77 150 144 119 
6
88 199 69 33 59 43 
16
125 118 45 97 157 154 184 50 94 92 56 139 2 117 101 180 
15
13 160 33 36 16 148 113 173 90 130 151 78 64 149 7 
9
168 39 195 77 150 104 103 133 174 
5
108 107 10 30 26 
2
118 36 
4
154 68 160 107 
14
126 33 21 82 58 46 53 192 113 109 45 66 156 158 
19
50 177 12 52 86 147 61 175 59 74 161 100 8 83 57 174 35 96 33 
15
131 28 73 32 171 36 30 120 54 99 101 96 147 116 70 
12
54 17 41 97 182 36 187 111 130 162 144 192 
4
6 113 148 26 
19
22 134 99 161 125 146 147 130 31 80 158 69 7 155 50 148 126 145 118 
7
118 159 71 98 105 96 150 
8
146 193 10 132 115 139 83 63 
17
36 154 178 22 73 168 76 57 183 91 16 74 182 28 108 45 155 
3
23 89 156 
15
84 129 29 133 93 68 85 158 33 156 74 45 104 166 36 
10
153 40 26 1 22 63 5 140 136 165 
2
153 139 
3
129 161 112 
12
6 176 140 100 136 7 118 36 29 126 43 128 
10
7 187 109 94 115 148 15 113 4 137 

