200 40 
7
20 12 94 13 65 11 99 70 47 68 1 88 88 97 90 75 70 10 45 14 71 51 81 2 92 94 24 98 38 19 41 21 61 64 35 6 28 5 33 83 46 55 42 55 45 65 87 68 94 8 73 48 4 40 74 9 59 42 74 33 96 77 70 92 29 59 2 18 5 8 75 17 47 82 50 28 99 64 85 77 39 86 37 89 35 96 53 14 31 40 22 17 15 64 82 70 75 78 5 21 7 73 58 33 86 69 53 67 100 89 15 9 65 27 47 94 65 64 16 41 81 6 94 12 55 87 16 40 29 47 54 42 44 24 40 97 17 46 68 44 28 82 37 35 66 80 89 50 27 42 70 4 1 89 21 51 41 38 99 91 49 80 97 11 88 60 63 28 36 87 43 6 59 96 57 18 50 29 57 63 11 75 62 91 55 73 42 22 93 13 84 83 4 4 4 48 89 58 84 64 
81 3 73 59 55 49 15 22 48 97 88 82 86 30 76 77 47 33 58 24 89 96 45 13 63 94 48 51 1 99 31 16 44 100 31 17 84 27 40 50 99 62 3 70 62 52 72 54 99 80 97 18 18 45 80 37 82 67 44 67 84 64 97 42 14 32 56 49 14 40 77 26 68 46 66 16 14 59 78 39 50 61 17 63 17 22 31 86 75 76 32 13 13 7 65 56 15 23 4 35 89 79 50 64 32 41 74 99 29 35 38 53 42 6 93 16 87 43 75 79 68 56 78 44 93 13 48 12 81 100 11 66 82 26 74 77 82 89 24 58 26 75 7 27 26 45 70 27 17 3 73 33 55 15 32 48 14 39 46 76 57 71 28 51 72 89 8 99 75 50 58 88 24 21 46 14 32 1 23 15 2 66 91 9 36 77 52 11 37 55 38 20 64 51 44 4 60 95 15 55 
51 90 55 8 17 5 31 48 86 56 35 42 22 17 43 48 95 76 67 7 59 62 66 3 13 46 54 30 47 58 6 45 75 77 85 5 77 87 47 79 3 74 6 11 1 66 14 24 76 61 89 5 85 78 41 68 88 96 2 81 100 62 34 15 60 40 8 44 20 73 96 83 94 56 61 1 98 99 89 37 63 56 43 87 88 94 45 67 63 65 42 28 20 65 16 58 83 2 93 52 62 44 94 2 25 26 19 89 81 8 99 25 26 37 66 88 72 93 83 18 44 66 73 8 74 23 91 47 44 44 19 25 29 95 84 35 48 82 9 26 26 90 12 20 30 34 76 5 18 19 38 69 6 1 8 74 76 18 83 56 22 23 60 46 22 11 51 27 31 70 50 39 96 84 73 41 77 17 60 48 46 51 86 80 17 77 46 2 99 49 59 96 17 23 41 37 74 99 35 31 
72 35 29 36 33 93 20 74 81 57 76 49 42 72 29 68 17 98 1 64 18 71 49 98 29 72 98 14 6 29 69 38 38 77 71 10 85 46 39 9 74 26 65 32 34 94 26 63 16 13 93 31 87 77 17 57 92 72 42 53 12 100 11 18 34 21 40 25 13 65 64 11 77 9 53 86 17 79 20 31 69 16 51 16 26 84 35 63 14 32 28 52 23 4 40 77 26 46 40 26 1 25 87 80 28 23 90 9 24 28 34 63 32 43 78 66 57 38 97 4 92 51 28 15 1 35 64 10 41 90 65 53 81 45 30 9 69 61 66 98 16 91 88 21 100 9 82 32 74 70 15 96 51 45 70 6 66 67 29 55 81 29 22 77 61 16 35 35 47 85 59 23 49 32 34 20 72 81 11 63 25 43 31 48 93 63 98 27 38 66 75 84 26 65 74 20 89 27 82 85 
74 63 11 51 98 51 70 45 88 89 87 49 60 5 8 11 66 5 50 100 80 8 93 97 23 50 77 68 99 26 31 3 7 51 23 16 1 34 69 74 36 22 27 39 4 23 8 35 14 1 25 80 19 19 95 11 100 94 31 36 5 95 64 67 36 37 48 85 88 39 27 38 95 4 86 52 46 85 9 43 34 72 19 16 72 34 39 59 62 72 52 10 8 46 52 27 29 9 39 25 20 23 7 80 9 96 76 76 96 53 62 59 61 81 24 65 88 96 71 81 65 40 31 8 13 5 76 46 36 29 56 94 41 99 30 85 31 50 37 41 31 65 57 35 9 67 36 59 43 12 19 4 89 35 77 83 17 92 82 59 73 31 99 78 55 20 96 83 27 11 77 9 15 10 90 99 40 20 55 9 91 52 66 93 32 64 43 32 56 6 73 86 42 49 13 89 8 6 48 65 
89 38 63 77 29 31 92 72 53 48 59 24 93 56 98 36 83 44 54 99 88 40 84 71 63 39 79 85 39 66 31 14 99 70 57 65 68 90 24 78 52 25 15 33 61 59 97 52 40 68 75 80 16 63 46 77 77 14 87 17 60 44 88 3 86 87 76 44 96 5 94 92 76 100 52 32 28 3 87 40 60 74 51 1 41 19 67 30 49 15 14 68 33 37 65 1 20 28 68 80 97 62 61 10 51 29 100 98 78 57 24 33 65 86 35 94 15 37 11 33 38 70 87 48 44 66 92 19 69 58 91 54 47 16 51 14 23 72 62 16 73 59 42 89 91 82 66 7 21 69 37 41 68 66 27 33 78 60 29 72 76 80 98 54 86 3 90 61 7 16 26 94 86 44 42 15 9 52 7 95 75 79 17 70 52 15 36 59 51 52 22 3 99 60 57 67 2 78 98 52 
75 64 59 27 80 73 59 39 68 81 78 43 55 38 41 69 5 67 49 23 91 20 72 38 38 85 85 39 24 47 99 93 91 17 39 15 31 29 19 83 61 36 100 24 67 5 87 56 27 54 100 95 50 46 62 62 3 41 56 70 81 2 2 45 21 62 74 54 72 70 64 84 91 4 53 74 45 59 75 73 26 94 75 23 100 66 7 57 19 100 42 22 8 10 65 68 4 14 15 7 85 90 73 51 66 32 29 45 69 96 3 30 96 31 6 8 17 56 34 49 73 16 53 26 31 68 30 83 63 10 98 90 62 65 3 74 74 12 61 93 51 57 69 27 98 14 84 26 97 93 25 43 43 70 35 96 59 31 35 98 54 78 64 80 44 64 87 85 24 13 50 27 77 86 55 71 39 67 14 38 39 60 6 63 48 25 22 98 43 49 93 48 95 77 15 52 33 89 100 99 
5
33 124 122 18 76 
2
38 27 
5
6 69 151 52 143 
4
17 39 94 15 
7
28 138 51 123 121 63 18 
17
102 190 31 172 187 142 176 126 7 127 88 98 163 116 119 96 93 
20
7 118 144 91 147 54 157 42 98 183 190 150 180 191 46 8 195 161 64 70 
19
33 5 187 102 157 22 88 129 66 65 186 142 161 175 75 140 114 136 24 
11
164 80 76 112 149 67 176 100 46 128 143 
5
112 64 52 23 191 
20
94 161 12 117 78 133 123 127 186 185 11 141 98 152 163 130 74 13 160 187 
13
105 103 75 131 140 21 193 136 61 22 73 52 175 
15
74 37 158 174 96 178 105 132 150 187 141 156 61 173 157 
17
89 60 146 120 36 113 104 196 124 180 101 23 105 122 58 186 90 
17
75 29 83 49 105 169 6 87 52 46 59 67 55 44 58 81 5 
12
81 175 22 95 10 45 151 47 115 20 65 91 
17
181 185 140 101 4 158 3 98 153 46 88 117 54 175 172 94 23 
7
172 193 167 166 103 94 85 
3
140 100 83 
8
99 18 65 187 117 155 132 178 
3
167 18 176 
3
84 126 3 
18
58 128 183 41 66 197 157 72 110 139 83 196 56 81 32 87 95 165 
6
137 148 80 136 79 126 
14
100 76 69 160 188 45 46 156 116 123 34 39 35 131 
7
113 148 27 57 176 132 2 
19
47 134 22 178 67 153 50 7 12 16 170 136 31 45 139 97 54 11 37 
2
103 147 
17
126 120 186 77 9 74 139 97 142 191 105 114 101 89 127 34 80 
13
20 181 196 56 168 46 132 104 30 22 140 95 194 
6
182 54 49 30 165 6 
12
177 115 4 114 67 194 111 77 62 34 38 178 
8
70 46 116 80 122 182 115 4 
7
194 133 174 48 83 12 153 
13
17 58 157 149 174 67 112 141 170 42 134 130 102 
18
169 200 32 67 111 58 147 187 28 157 112 177 170 165 20 119 2 109 
19
17 78 125 45 40 52 139 133 188 137 36 123 154 22 178 106 166 171 1 
11
105 187 76 140 87 150 98 56 199 117 44 
10
189 185 43 176 39 186 178 123 37 67 
10
134 92 94 182 58 148 193 49 4 108 

