200 40 
7
73 72 92 4 60 74 31 60 74 20 16 5 5 32 66 100 24 68 37 24 60 64 9 35 61 24 44 74 68 8 58 67 12 40 16 74 18 8 93 3 47 27 37 20 7 96 67 69 59 72 35 66 67 36 18 81 31 94 83 5 41 64 64 49 98 93 21 60 96 30 50 63 29 61 92 53 12 73 40 55 16 38 16 74 28 30 83 43 1 72 66 1 9 77 88 68 8 41 74 88 59 95 96 76 38 94 23 29 71 12 88 49 9 64 48 77 53 26 54 32 52 65 19 47 23 9 75 11 26 39 69 43 79 24 79 77 25 47 48 90 30 68 41 9 24 86 100 89 98 93 67 94 17 67 73 19 7 45 84 37 63 84 34 68 23 62 62 82 46 79 12 6 15 5 67 4 80 76 71 53 84 76 89 41 91 29 8 82 72 28 36 48 77 58 60 97 18 33 17 42 
65 32 74 45 68 1 94 3 25 56 17 36 97 24 35 55 12 19 92 4 71 84 28 28 18 34 60 61 49 44 61 36 90 92 44 35 20 2 53 32 55 93 38 96 50 84 42 24 18 81 92 53 42 84 69 40 97 40 71 83 31 75 18 97 23 80 61 1 75 78 58 45 84 42 71 28 87 76 27 80 23 30 14 9 90 59 81 11 94 72 22 20 60 4 17 28 47 54 14 16 2 33 55 48 19 92 49 31 25 1 100 75 46 49 88 48 40 66 25 45 40 16 93 83 26 77 19 20 11 99 72 5 25 74 56 28 42 74 75 82 81 98 37 14 68 22 37 54 99 40 42 65 81 98 72 27 76 33 90 57 73 16 59 37 62 77 54 63 34 31 34 14 24 20 35 88 38 45 95 85 40 44 61 40 24 2 50 30 61 63 75 5 1 87 87 45 78 83 50 39 
48 48 24 26 97 60 68 91 39 75 23 95 15 61 56 59 89 76 9 91 55 67 53 23 15 40 12 16 35 54 77 80 7 5 30 19 70 39 69 14 15 2 10 57 6 31 95 71 9 82 24 80 36 24 90 55 91 48 52 41 13 7 51 46 76 87 46 28 48 98 28 45 75 8 99 14 31 26 91 84 23 33 45 83 51 30 76 95 71 55 37 82 51 60 16 8 60 35 64 77 99 81 50 25 50 88 70 21 11 18 15 80 24 72 97 49 50 53 27 92 100 62 64 31 86 79 86 33 84 78 3 53 23 69 41 60 90 68 55 54 28 66 86 17 92 6 18 92 88 6 46 36 78 57 73 92 31 83 2 44 57 16 68 91 73 21 12 86 33 74 76 71 48 5 47 87 88 22 2 53 37 31 42 65 55 71 46 10 19 16 73 5 41 47 63 70 61 67 97 81 
63 2 48 64 53 4 83 99 88 68 6 93 69 76 16 20 43 86 85 9 95 100 76 65 59 92 47 80 68 17 43 64 48 30 94 87 17 4 34 89 35 82 54 96 48 84 67 50 97 19 91 55 11 53 68 66 83 44 62 16 79 24 67 34 25 43 91 93 48 69 83 36 20 62 85 84 17 73 59 67 73 65 12 19 98 60 86 8 27 79 88 25 76 81 29 68 28 50 97 54 76 67 27 27 76 33 39 4 56 11 35 100 10 63 7 77 59 67 60 73 96 48 7 22 79 48 49 99 74 95 21 29 41 31 95 6 86 82 42 92 87 70 70 48 53 18 7 58 51 54 12 20 52 95 95 52 64 44 52 97 47 47 23 22 37 42 37 41 17 27 92 33 78 41 2 9 20 28 37 28 86 95 53 4 65 60 54 41 8 39 92 76 89 31 22 81 25 60 35 8 
57 20 36 84 74 5 19 56 32 94 74 32 49 28 26 44 36 23 69 47 88 89 88 63 15 84 1 8 49 13 83 55 83 5 2 24 81 57 95 5 53 46 22 34 49 3 4 81 97 82 97 3 99 97 34 55 3 27 89 7 83 11 24 4 30 96 87 48 37 89 94 51 97 96 73 7 62 54 10 31 93 94 2 34 66 97 3 100 21 29 5 4 80 22 30 47 33 62 81 39 95 53 39 49 33 64 61 87 16 13 26 49 83 79 48 94 65 25 97 58 14 14 98 47 77 99 48 95 70 3 14 65 52 87 66 47 59 30 85 4 20 56 19 44 73 69 21 53 89 10 55 81 95 70 40 45 96 97 16 68 35 76 9 21 43 92 81 96 85 54 36 18 27 62 41 35 78 2 55 67 20 75 91 40 48 98 19 95 85 17 52 85 55 70 97 3 9 16 93 88 
26 63 8 87 33 1 17 73 32 98 44 42 70 80 34 86 66 73 19 11 6 95 37 1 23 53 58 90 23 49 80 19 15 50 23 15 13 17 26 64 25 91 65 26 85 61 3 28 87 2 82 38 6 20 26 14 71 61 31 76 83 76 3 86 81 2 57 38 19 32 99 46 48 22 6 31 85 9 8 3 74 7 86 68 15 24 59 96 75 63 25 43 65 90 88 21 66 41 76 50 33 81 25 65 89 4 66 15 28 39 59 57 63 97 4 90 59 30 1 18 58 4 59 55 22 45 6 2 89 90 15 82 73 23 77 55 21 74 39 3 48 7 100 28 90 59 97 50 87 31 75 33 55 10 17 34 82 45 56 53 22 12 63 89 31 43 19 13 29 44 84 76 7 32 51 51 92 97 100 99 12 47 94 91 26 77 30 57 85 21 88 91 71 1 60 59 13 90 98 95 
5 4 1 97 17 98 77 76 84 71 42 36 77 57 96 68 20 18 26 41 84 60 31 46 12 84 100 46 27 68 64 11 30 55 91 48 37 7 56 89 88 48 72 63 92 68 48 95 21 100 39 27 34 45 72 91 94 22 32 47 73 23 45 70 71 25 30 87 67 25 81 24 75 92 52 92 19 53 77 10 57 25 33 64 48 81 16 22 23 64 3 99 70 55 59 45 51 30 22 65 75 55 93 15 6 36 33 4 55 93 58 62 91 97 52 45 35 87 68 32 68 23 62 80 29 8 99 2 2 7 42 86 74 48 71 74 76 9 88 89 30 10 64 77 94 32 72 50 92 16 11 83 87 92 58 80 55 81 54 39 33 82 73 72 72 74 44 65 21 7 25 21 27 51 17 50 32 56 18 98 65 37 31 69 57 29 92 75 85 34 100 18 8 91 94 42 35 42 45 3 
3
196 137 197 
11
50 174 21 23 179 172 90 119 110 193 116 
5
94 26 137 62 36 
19
154 132 105 64 5 50 120 86 198 119 116 53 95 139 58 168 18 169 133 
5
33 126 36 143 103 
2
28 154 
15
132 75 154 149 187 93 121 179 102 162 107 148 127 31 100 
3
131 57 50 
2
97 70 
4
168 71 198 170 
11
119 55 29 77 125 104 157 70 62 183 89 
10
163 99 110 30 126 143 40 159 197 18 
7
145 196 69 140 171 23 79 
18
169 84 79 114 132 76 199 15 5 168 160 143 116 32 38 77 19 102 
20
18 16 184 158 185 195 196 89 129 120 100 135 55 52 69 74 77 194 131 155 
11
174 58 6 172 131 124 157 118 129 184 116 
16
47 124 197 133 41 183 90 28 190 69 160 185 135 92 10 72 
6
132 13 110 67 92 52 
20
17 45 48 25 14 135 110 102 180 169 129 181 33 178 10 198 92 133 179 154 
13
86 94 10 157 159 92 184 72 65 140 70 120 170 
15
8 26 197 2 22 99 55 32 120 57 152 98 183 24 10 
6
174 71 112 191 154 152 
20
110 199 154 86 177 146 141 42 104 158 129 61 65 113 184 132 148 57 161 182 
16
34 186 22 82 192 165 148 190 33 23 46 17 154 163 158 78 
7
167 100 27 62 20 57 92 
2
171 179 
13
1 192 71 89 140 3 42 15 73 82 187 101 122 
20
159 76 47 180 36 122 79 154 162 27 83 16 88 46 30 71 137 74 144 104 
10
148 114 182 142 65 98 28 2 58 192 
17
138 82 145 16 157 124 200 6 146 137 29 103 73 88 79 127 98 
13
195 28 42 144 62 181 76 25 69 38 161 88 129 
16
6 196 15 104 193 24 78 32 37 30 46 152 12 136 52 55 
3
42 72 30 
16
40 135 39 124 198 51 47 25 116 172 77 160 24 156 69 88 
20
114 66 151 4 49 187 200 136 51 74 16 109 90 169 108 137 156 141 135 27 
7
142 53 81 102 129 196 136 
12
192 81 48 154 68 22 125 184 74 42 180 52 
16
80 25 135 140 3 73 13 62 197 49 166 29 20 27 176 75 
10
180 184 63 65 76 122 96 160 119 194 
13
134 186 81 150 71 31 102 26 107 116 162 7 131 

