200 40 
7
74 74 60 10 63 79 47 56 6 14 44 96 94 91 81 97 92 67 91 83 57 57 99 66 62 36 70 14 60 17 35 85 31 60 59 66 82 67 5 55 71 56 91 98 82 6 14 43 2 8 17 18 83 98 55 72 92 12 27 90 65 15 12 43 30 61 2 79 73 43 8 38 36 49 82 88 1 58 42 77 21 28 41 28 27 78 90 31 93 76 74 19 19 49 50 55 2 13 77 52 35 15 9 91 71 67 14 94 83 76 91 7 51 41 59 44 65 68 33 91 65 25 85 69 18 56 73 51 7 71 47 48 85 58 31 8 61 19 95 87 19 76 37 28 43 81 8 6 50 33 9 67 75 2 76 98 45 81 84 16 94 10 78 91 78 2 31 53 84 9 83 65 17 66 54 44 97 30 35 24 23 31 96 94 54 39 32 50 11 81 80 67 94 69 5 37 61 16 41 48 
70 88 39 30 44 24 86 26 39 60 73 48 79 46 95 43 56 39 20 68 19 73 86 14 26 11 52 60 72 61 32 57 88 73 31 49 50 18 88 78 28 34 98 40 31 41 28 27 77 75 91 6 35 68 66 80 55 35 91 98 70 86 99 80 65 24 1 36 100 53 22 40 93 4 77 50 58 13 60 29 19 79 67 27 12 45 69 56 71 11 88 34 44 4 15 13 12 81 33 89 58 85 5 33 22 90 1 82 9 93 77 45 95 72 80 44 1 95 38 33 84 63 89 29 16 13 42 10 23 7 53 50 35 19 90 74 7 97 2 13 99 56 100 13 84 25 51 47 30 25 28 8 8 25 79 86 76 6 93 42 59 6 8 61 64 31 44 53 72 34 28 60 92 22 64 91 77 45 83 3 51 35 1 64 62 54 81 59 67 83 90 96 21 1 73 51 42 18 21 51 
9 23 41 55 37 89 21 6 57 15 71 69 87 66 52 47 55 37 50 18 57 8 47 13 89 49 57 17 31 78 79 62 65 91 76 40 89 18 48 41 93 86 68 28 6 64 63 42 6 99 91 83 32 33 51 8 9 98 35 81 2 29 25 25 55 95 42 52 54 63 61 49 26 98 66 65 77 49 85 98 8 12 94 34 26 15 25 84 24 9 94 41 98 61 12 66 16 87 7 8 31 3 34 27 93 33 92 58 15 20 21 70 41 3 96 21 46 83 85 57 92 27 37 31 25 27 40 6 51 1 17 54 84 69 74 87 63 29 10 96 88 29 78 93 10 29 20 40 22 36 67 27 53 26 82 70 71 1 79 31 67 67 47 12 36 22 43 13 17 25 51 22 53 91 97 69 80 36 16 84 75 75 43 6 55 71 5 79 38 37 59 61 4 90 14 6 62 67 71 83 
43 95 6 14 35 58 92 40 53 71 33 43 58 20 30 89 88 66 48 42 62 77 24 47 11 80 72 8 51 75 43 23 43 52 97 62 56 97 64 57 81 60 52 83 69 14 38 65 18 35 28 41 87 53 59 54 51 33 41 72 61 89 3 26 62 69 55 48 16 3 33 54 47 59 59 88 19 49 72 73 2 1 14 16 97 75 25 33 37 78 44 97 44 94 40 72 94 72 100 41 66 61 50 96 81 24 3 66 61 9 36 79 38 70 48 88 36 46 91 90 62 17 58 42 5 32 47 94 12 22 12 46 64 33 75 67 26 53 92 72 59 6 74 8 70 40 29 25 95 93 56 73 60 63 43 38 95 88 81 27 92 73 5 35 52 82 36 91 55 75 96 15 55 56 90 15 92 79 11 32 62 14 94 3 69 54 13 45 38 78 81 27 52 14 25 70 72 87 81 27 
68 47 70 26 97 48 70 27 45 87 48 92 43 74 21 56 11 35 35 19 81 83 84 57 11 4 75 83 3 76 55 33 1 37 10 21 8 15 6 19 21 24 78 34 39 49 68 84 22 97 50 32 96 74 25 55 30 19 12 65 23 11 23 32 87 80 84 49 84 12 47 49 23 65 61 36 17 89 33 3 37 17 32 79 44 23 49 80 83 29 47 89 63 72 82 2 86 45 56 95 21 46 82 27 17 60 29 18 53 32 78 89 95 88 26 83 1 4 50 9 46 78 79 2 58 3 85 72 45 86 48 2 30 52 96 16 18 16 78 81 44 41 97 40 44 35 68 100 44 43 63 95 87 77 41 55 50 36 19 97 79 88 86 56 57 59 56 83 23 56 92 62 13 11 46 70 32 37 18 37 87 32 3 70 19 90 38 62 95 79 68 14 97 60 91 10 14 91 33 23 
88 31 44 78 98 46 40 5 20 59 91 79 51 33 53 37 44 61 99 54 44 37 98 30 49 34 86 74 58 78 3 99 78 48 69 33 92 41 8 76 98 90 54 23 60 85 92 32 93 33 99 81 86 59 88 28 63 40 91 95 39 4 67 30 44 74 1 77 53 25 4 50 2 90 44 47 25 33 60 42 23 41 84 40 67 45 75 72 78 38 66 7 15 65 23 47 31 45 59 50 97 46 31 83 22 58 16 9 58 36 56 90 21 95 31 73 11 65 3 34 30 67 20 94 33 64 3 33 19 2 65 27 69 58 12 46 3 60 49 20 61 93 73 48 23 42 68 67 83 13 28 55 11 67 51 53 9 83 91 56 93 22 18 27 10 57 54 21 40 55 42 15 10 91 79 80 31 55 21 45 78 32 83 15 27 28 34 73 31 42 87 3 17 4 67 52 45 99 47 38 
88 95 37 4 91 93 45 27 14 12 50 26 67 73 52 75 23 3 35 8 83 8 59 97 12 61 17 55 97 65 7 67 7 20 69 69 10 51 3 25 80 26 23 77 73 11 11 99 7 53 59 89 50 27 54 74 13 25 15 71 96 64 96 23 11 73 65 54 35 76 61 83 75 74 96 69 57 67 56 25 4 90 47 77 38 27 85 57 4 61 36 22 48 93 26 34 97 37 78 7 32 16 45 15 54 27 69 33 69 46 93 18 54 15 91 23 75 69 88 55 98 12 15 89 23 60 19 66 89 77 91 26 1 78 91 30 50 91 41 6 9 86 3 52 43 10 57 44 99 49 59 50 47 5 60 69 36 100 77 38 3 71 7 12 47 9 51 26 52 28 26 34 54 48 63 38 53 38 23 34 81 78 66 13 100 100 79 24 15 48 41 95 23 34 9 73 58 56 77 91 
18
190 113 3 54 90 43 184 137 48 18 94 170 84 141 42 166 195 145 
6
120 29 144 22 163 136 
5
183 93 122 51 154 
20
129 57 169 192 47 101 137 180 96 190 50 166 120 51 154 146 73 53 176 139 
5
200 35 123 26 157 
19
156 130 20 166 119 33 179 170 32 101 3 162 188 50 10 116 18 147 175 
6
34 97 174 176 65 120 
10
127 57 107 96 55 139 154 94 181 164 
17
30 168 71 17 69 3 173 34 162 11 105 92 83 20 114 139 182 
7
147 193 121 182 46 21 3 
15
65 4 10 89 91 63 193 54 73 30 168 61 105 181 53 
19
129 61 91 168 62 160 158 35 94 194 90 150 171 182 116 83 177 79 37 
16
144 1 101 67 94 174 2 90 102 61 83 141 110 41 105 15 
9
100 188 140 46 150 173 22 89 20 
8
166 151 55 85 88 33 147 14 
10
127 189 24 178 64 173 73 7 158 54 
3
93 198 200 
8
47 50 153 76 16 170 187 191 
13
194 45 180 138 122 54 198 200 43 4 110 159 83 
5
163 82 190 118 180 
9
182 15 65 113 153 132 38 114 196 
12
114 183 175 80 76 131 135 60 132 2 103 61 
6
58 56 170 81 34 61 
19
198 109 191 43 156 120 52 44 11 66 172 96 112 133 115 132 5 93 126 
17
89 175 15 121 46 71 67 86 104 29 40 72 97 166 127 90 36 
11
185 159 11 56 35 120 42 138 145 109 47 
15
29 48 81 94 7 113 130 72 138 199 82 76 182 45 183 
6
112 147 103 96 9 25 
16
109 118 29 164 195 13 124 83 172 53 52 46 100 116 91 136 
20
151 169 49 191 77 1 25 55 59 158 199 163 100 182 129 155 69 109 71 198 
20
3 74 120 61 180 121 22 132 134 190 29 25 154 33 35 5 80 27 28 50 
9
118 43 81 31 16 4 172 127 98 
16
200 179 43 1 19 18 38 113 80 32 127 89 7 98 76 119 
15
124 120 87 111 160 78 47 118 63 182 23 74 61 90 21 
7
176 187 55 104 149 117 172 
6
112 141 58 79 152 136 
13
71 39 188 16 118 169 34 83 92 103 65 168 11 
16
185 154 135 198 171 200 17 161 59 54 25 61 16 124 96 34 
17
43 132 156 90 96 182 24 123 14 92 172 166 46 83 192 76 144 
8
7 196 189 128 152 172 139 12 

