200 40 
7
96 46 68 7 30 12 47 68 65 61 39 47 3 84 26 97 36 75 73 85 9 20 13 30 11 40 76 44 86 2 27 100 32 16 49 93 47 76 98 97 42 93 57 44 70 83 82 72 19 6 80 30 34 25 56 10 74 65 44 88 29 27 82 12 99 20 88 52 36 7 80 42 68 30 30 94 37 96 100 6 9 3 34 35 30 46 70 21 31 98 74 3 82 78 37 28 41 24 16 38 28 90 89 9 17 24 45 60 72 34 42 94 3 19 90 61 42 71 49 88 73 36 78 43 52 47 16 89 31 62 43 52 14 6 5 62 41 70 52 58 53 6 13 96 55 43 9 30 7 59 49 44 51 92 44 28 60 86 12 72 23 10 78 21 24 36 72 92 26 61 65 64 20 38 27 66 89 95 92 11 78 40 5 62 95 14 18 27 13 95 52 13 78 28 74 81 37 21 76 9 
68 70 71 8 23 83 84 89 46 52 2 80 61 71 20 91 65 38 21 79 27 9 81 7 27 91 22 83 15 83 92 40 61 88 64 11 11 12 53 45 99 98 7 2 62 54 23 67 93 20 13 43 22 73 19 87 35 59 100 62 25 43 99 73 73 29 49 94 34 29 63 51 41 23 55 84 23 49 91 48 37 11 99 71 56 43 33 81 33 74 88 42 35 67 75 97 53 86 9 44 10 50 85 93 21 51 79 76 53 54 52 34 94 91 95 18 59 34 6 23 7 28 88 17 87 66 94 96 91 69 34 11 44 87 92 75 31 63 45 22 93 86 54 84 47 32 48 17 86 79 51 62 99 9 63 1 41 63 2 64 40 62 60 56 92 8 26 89 42 37 56 5 92 85 83 69 45 30 14 90 39 85 2 9 88 96 42 71 51 2 58 33 67 66 63 84 94 28 80 70 
53 100 21 15 66 84 18 21 25 57 100 31 37 16 29 36 65 32 14 4 94 95 7 2 20 23 67 19 85 35 63 19 56 2 4 78 76 34 6 60 23 84 7 52 50 20 88 70 95 43 50 22 80 23 66 43 84 61 11 41 33 45 42 15 96 46 25 75 58 26 66 96 85 27 13 64 18 89 27 25 53 80 65 17 82 5 46 48 95 50 29 29 35 34 65 39 76 80 3 10 4 7 74 31 91 43 84 15 32 73 4 13 48 16 89 52 46 78 54 35 83 100 19 74 3 11 15 28 49 56 3 98 6 9 9 66 75 23 2 15 68 78 25 23 68 81 7 7 20 72 99 98 33 83 93 5 15 26 89 99 3 10 36 94 86 36 53 84 89 44 80 5 36 54 59 62 27 53 52 26 5 7 92 72 80 98 68 3 25 38 30 60 51 3 97 5 76 45 40 33 
99 94 12 28 29 30 94 80 18 93 19 24 100 85 85 41 44 62 68 68 61 98 68 44 23 47 75 50 56 11 91 64 62 15 47 21 89 81 38 29 37 14 27 100 31 79 92 69 100 42 65 82 66 93 47 21 30 6 91 92 73 43 90 53 5 11 1 43 71 61 80 47 11 30 67 66 7 13 47 87 51 37 66 70 86 40 100 2 78 90 2 63 16 55 22 6 85 79 27 39 82 11 82 87 32 39 63 72 73 67 77 34 78 32 86 60 46 61 78 20 29 59 90 53 58 35 18 6 80 74 29 67 42 81 7 41 19 39 28 6 39 23 75 18 32 40 23 95 42 66 68 40 43 31 8 70 1 83 33 14 37 67 84 10 76 89 93 77 37 10 28 72 50 46 46 64 5 63 7 34 35 56 56 36 90 19 74 65 46 63 77 17 77 3 76 47 55 42 4 21 
93 81 100 34 21 18 44 63 3 53 15 16 73 73 87 86 81 82 99 6 84 13 94 24 74 31 57 72 52 65 51 1 74 13 51 95 24 100 27 14 91 49 36 40 27 22 63 12 61 80 9 64 98 67 27 4 97 62 46 73 77 92 87 4 51 59 75 33 1 87 11 10 47 93 74 76 26 2 4 2 92 65 93 38 78 76 71 94 92 19 10 8 12 30 38 61 26 72 63 47 49 12 15 71 35 69 95 56 64 26 26 27 61 86 77 66 76 77 47 49 38 95 68 53 56 21 89 1 5 72 42 78 64 12 25 77 91 66 22 30 90 69 21 44 35 83 2 1 59 81 23 44 49 47 94 27 43 34 86 44 1 27 18 100 91 59 50 77 18 21 52 71 44 12 61 21 40 70 54 14 87 79 16 75 17 89 20 38 28 60 95 88 45 7 38 73 39 20 24 14 
3 76 28 22 28 98 19 85 42 33 15 54 29 26 1 26 20 80 80 75 39 37 98 100 71 16 40 56 48 68 34 9 36 95 18 2 3 98 67 41 61 32 34 6 29 39 2 10 29 100 52 44 88 44 51 47 65 83 31 45 26 30 17 36 58 61 18 56 68 44 10 95 46 47 29 68 28 29 5 77 84 55 62 27 29 56 63 27 77 80 96 26 71 55 78 4 4 31 76 66 81 16 69 68 95 32 73 2 4 70 4 88 98 81 5 100 73 14 82 42 4 73 30 49 5 23 30 24 54 89 90 55 4 93 19 51 65 69 38 22 65 32 75 71 12 37 27 18 41 73 60 36 87 57 12 73 7 26 71 93 85 84 91 35 68 13 33 99 12 66 17 23 66 32 88 47 17 92 45 68 7 80 92 60 23 48 8 65 30 25 88 24 8 3 97 60 93 51 30 79 
46 46 7 49 92 37 65 52 49 27 41 78 1 43 64 85 41 96 89 26 38 69 92 17 13 66 96 49 52 20 71 82 28 7 5 40 26 100 32 34 51 10 38 88 83 37 34 92 67 20 11 3 19 51 66 42 62 48 75 25 70 51 5 43 4 21 30 6 83 91 42 52 5 75 46 9 74 61 41 54 8 31 92 80 11 54 12 5 10 41 86 53 39 4 39 53 12 42 94 63 58 7 14 56 31 51 40 81 24 32 59 22 91 81 73 69 69 34 71 30 72 39 84 17 19 92 17 90 64 35 33 41 2 96 54 89 80 91 81 8 55 11 4 59 79 47 42 58 8 83 1 23 29 55 7 17 1 14 83 6 21 68 49 39 11 15 2 27 55 28 1 17 88 95 1 12 44 88 87 81 80 45 20 8 33 1 93 45 73 68 41 38 78 56 85 48 19 5 92 31 
12
133 74 12 11 128 157 104 51 126 4 195 165 
4
7 45 173 38 
19
41 80 18 54 180 16 84 109 42 160 135 78 184 23 99 200 26 144 137 
18
22 87 161 139 140 28 194 116 29 42 168 5 124 176 200 156 197 192 
5
61 159 58 48 147 
20
118 187 49 90 8 139 42 154 184 127 74 68 85 108 4 86 194 84 96 152 
18
193 153 123 87 54 102 168 103 29 146 26 162 22 125 170 3 35 165 
7
14 132 120 189 135 108 65 
18
103 28 69 146 160 175 50 78 64 66 23 139 53 143 149 74 93 141 
8
194 197 82 107 71 147 167 103 
2
105 4 
13
82 157 5 83 98 97 175 123 47 68 29 110 101 
10
170 189 1 177 62 49 93 166 136 35 
3
171 56 46 
16
163 149 198 20 36 108 27 196 43 15 84 45 94 185 100 57 
18
200 144 26 157 177 166 159 85 163 146 139 185 129 52 100 27 188 164 
4
17 41 189 183 
14
114 84 86 167 115 16 124 18 137 175 77 52 140 148 
9
90 183 92 161 187 95 44 193 174 
6
195 187 57 116 121 55 
14
165 167 128 173 134 155 58 104 110 144 193 186 101 72 
11
40 59 87 22 115 148 173 154 166 81 180 
5
33 139 52 2 41 
3
25 172 145 
11
162 2 41 82 44 26 161 62 163 129 195 
17
37 76 196 176 6 152 120 200 84 97 154 115 153 143 98 101 134 
16
149 28 142 60 25 95 115 19 33 180 64 143 22 195 50 157 
20
171 153 91 79 90 67 125 122 54 134 130 4 174 62 169 186 119 173 69 175 
19
97 21 113 156 47 4 163 166 3 135 41 183 173 138 111 198 93 184 182 
8
106 151 27 95 41 142 122 19 
13
66 91 121 9 104 113 10 89 58 98 182 97 93 
15
43 164 10 68 108 93 169 159 182 184 78 154 42 32 37 
12
93 39 68 17 161 62 170 118 114 138 31 146 
15
25 187 137 126 11 193 68 164 26 7 148 15 81 85 86 
4
107 25 66 108 
14
11 110 35 14 89 116 71 142 49 45 76 90 112 20 
11
108 98 86 27 196 184 123 77 125 109 188 
17
42 130 14 64 16 132 139 65 140 15 85 147 11 51 152 36 52 
10
99 9 108 82 193 100 85 70 105 98 
18
109 65 110 95 170 112 56 25 90 141 156 23 173 147 87 124 159 40 

