200 40 
7
56 4 54 19 35 18 97 35 19 94 58 9 9 42 87 14 91 17 77 37 62 61 86 18 89 10 96 32 55 18 96 81 66 66 26 69 70 35 99 87 31 63 78 50 90 86 70 45 66 37 44 75 4 30 97 96 50 6 59 60 44 26 22 44 5 61 65 55 32 93 46 58 71 33 83 90 51 16 75 42 67 38 53 65 26 75 92 78 54 57 5 74 21 59 37 26 96 62 61 3 70 60 72 25 60 21 95 11 11 98 43 10 92 20 48 72 81 29 88 77 78 13 93 52 71 33 2 96 8 52 21 92 97 39 79 62 47 14 60 83 24 41 38 31 46 52 14 63 77 2 71 66 85 3 31 82 15 38 78 22 1 35 22 91 40 51 29 29 96 28 27 23 6 52 55 45 5 16 27 79 96 72 93 38 40 62 3 71 98 4 9 47 48 71 100 94 50 56 79 47 
63 68 56 66 45 55 65 84 24 76 82 27 8 28 41 72 15 73 86 8 23 79 33 79 59 38 27 50 6 87 33 1 46 69 77 76 63 7 8 39 84 18 45 90 68 87 23 35 32 78 34 2 20 2 67 81 9 36 64 56 40 1 49 44 2 64 95 38 39 30 78 58 30 82 21 59 79 26 33 94 95 40 96 99 86 53 14 47 1 40 69 38 70 54 32 16 45 76 3 10 98 42 82 40 77 61 98 50 60 48 60 6 83 86 23 46 87 24 14 60 9 6 45 23 3 69 83 5 51 51 91 70 17 92 1 44 99 53 78 15 40 37 98 68 8 6 100 5 52 6 94 25 81 74 16 19 59 69 83 49 92 59 29 74 59 85 45 80 70 80 9 34 24 76 19 2 97 5 78 33 80 88 37 46 55 27 50 17 85 53 5 25 95 32 91 62 83 45 5 75 
27 91 53 25 50 75 91 36 66 50 94 66 53 78 82 90 64 15 76 23 37 37 85 20 63 29 7 34 41 9 54 12 23 67 32 11 53 27 23 21 15 95 43 59 19 90 14 4 65 30 61 79 90 10 99 22 77 26 49 83 94 62 80 24 94 77 87 66 18 69 4 36 49 6 17 40 72 90 23 27 52 77 99 86 76 47 53 10 48 84 79 54 80 25 84 57 72 33 28 11 15 9 86 51 2 5 30 64 22 32 79 59 8 18 71 20 45 7 87 65 70 86 31 64 85 5 24 46 62 61 29 99 19 12 78 21 63 90 61 27 34 14 40 66 4 78 3 99 33 83 32 80 56 10 28 69 75 47 91 79 36 17 32 32 98 47 24 44 100 66 59 18 80 10 30 100 25 71 69 97 20 94 55 49 30 51 78 16 47 22 19 28 100 94 47 57 98 61 68 38 
56 34 10 25 29 17 51 33 71 69 77 93 82 11 60 39 76 37 30 88 9 87 54 28 80 94 19 71 17 28 98 35 78 39 39 86 16 58 27 46 45 15 31 16 86 75 83 57 97 89 91 82 3 95 55 44 90 54 12 52 88 14 86 2 11 54 68 71 98 47 63 73 58 9 40 39 2 5 53 20 1 82 68 14 74 76 17 82 31 94 96 99 20 79 23 33 79 79 48 79 93 9 42 34 32 4 12 13 91 3 53 51 89 55 12 70 27 63 15 97 29 21 83 19 33 85 41 58 1 37 63 22 38 17 14 37 2 54 16 74 25 41 23 73 41 15 2 49 79 60 23 76 44 52 95 49 28 61 99 75 95 77 93 26 45 95 43 80 18 57 15 55 64 85 3 92 42 32 28 1 32 50 30 11 23 76 65 39 40 82 15 9 31 47 71 56 14 44 62 65 
55 8 41 51 4 56 97 68 5 18 28 59 5 9 94 91 55 56 37 35 60 78 97 83 81 76 54 75 81 22 53 20 43 54 84 56 3 11 24 29 40 6 36 95 65 57 97 16 34 8 66 41 79 76 79 9 65 84 49 32 4 13 74 43 34 7 16 13 12 3 72 95 29 72 5 57 94 96 43 27 4 87 30 75 20 3 56 28 98 7 5 99 13 99 30 56 14 56 49 33 6 64 62 97 44 33 74 7 96 7 63 75 30 18 80 12 26 52 24 42 48 85 71 9 58 42 58 89 16 93 34 26 70 99 76 82 44 96 49 8 8 58 100 50 73 53 65 61 4 6 64 63 19 14 32 59 65 45 90 16 56 5 50 83 85 93 35 71 12 96 90 29 86 34 55 86 15 66 55 95 32 90 84 28 31 44 43 48 60 97 61 36 25 37 87 63 39 29 47 18 
9 18 36 48 37 81 32 48 60 14 72 6 68 96 94 94 2 65 28 19 64 74 97 43 5 8 27 8 52 71 60 85 66 95 81 64 62 77 2 73 7 43 17 99 28 72 97 12 11 66 40 33 82 68 11 86 75 72 37 54 14 43 47 64 93 22 17 4 81 39 78 71 65 40 9 80 43 76 57 84 30 9 26 35 51 49 64 99 57 17 82 16 29 66 87 78 68 76 81 55 58 5 78 84 31 76 89 4 44 80 64 75 36 39 40 14 18 45 88 95 35 37 63 81 65 72 21 18 76 76 5 20 27 7 53 62 82 77 94 82 78 2 9 43 42 96 1 14 25 74 6 56 35 81 83 56 89 4 49 61 89 71 54 64 9 96 34 62 5 97 44 33 71 11 75 81 22 62 33 5 45 12 71 41 74 57 19 7 44 62 86 4 94 7 95 13 61 66 59 58 
84 75 47 78 97 22 41 47 29 36 74 63 20 12 33 28 84 20 76 39 47 26 42 63 16 33 72 72 30 98 28 2 58 53 21 41 49 54 95 89 1 92 64 14 49 64 18 82 2 75 75 68 86 56 24 83 97 46 75 89 2 27 21 58 39 33 47 94 6 94 21 29 16 31 42 68 62 36 29 55 34 76 86 99 55 26 61 72 2 56 42 21 75 68 35 72 84 21 12 77 3 97 61 57 90 46 5 44 75 73 80 17 70 95 17 1 89 17 53 45 31 62 78 32 9 89 13 11 21 89 75 91 57 56 95 74 70 82 62 47 72 51 78 79 47 66 94 55 8 32 24 22 62 95 100 68 17 17 16 4 54 20 86 97 91 69 30 84 15 54 52 91 22 4 19 100 92 68 35 75 32 4 98 38 12 53 56 3 28 8 47 13 97 53 26 13 24 17 2 80 
12
95 23 94 177 129 5 75 118 27 147 106 125 
11
131 83 196 91 130 31 6 95 126 129 117 
3
12 43 133 
13
124 136 1 26 78 24 120 56 93 14 38 67 100 
14
182 131 77 91 156 155 158 115 20 24 167 40 146 149 
9
61 51 138 15 118 186 60 100 66 
6
51 158 46 24 180 40 
3
36 120 184 
18
190 180 103 27 49 16 30 171 169 76 112 61 122 24 46 1 167 55 
9
181 107 200 135 9 65 194 136 52 
14
166 187 170 106 84 116 105 47 141 51 104 81 66 142 
12
36 196 180 198 5 166 104 61 60 119 94 139 
19
193 134 21 106 88 164 114 107 149 153 182 129 38 63 139 81 166 165 39 
13
90 34 91 111 127 88 44 51 12 179 151 7 93 
12
168 188 71 163 46 93 130 36 155 30 100 151 
3
65 145 13 
5
110 44 164 37 78 
10
96 162 61 196 133 70 59 79 142 114 
16
71 198 25 111 9 94 163 55 188 133 81 166 122 112 84 30 
18
180 9 89 111 128 77 108 1 131 150 8 72 87 2 96 94 57 58 
15
4 41 68 2 8 200 26 183 101 14 46 107 110 61 32 
10
108 169 143 34 120 129 162 177 100 36 
7
101 69 150 162 23 12 199 
8
66 167 142 186 19 137 121 56 
6
123 68 33 18 2 146 
20
139 136 199 123 83 104 14 8 181 64 85 95 52 46 98 107 178 124 51 68 
14
180 33 186 174 19 145 52 50 115 93 24 22 144 119 
2
63 181 
14
167 104 194 193 84 105 182 103 137 169 175 123 109 199 
15
150 12 4 175 100 20 169 136 160 73 99 83 172 111 177 
6
72 16 114 32 23 6 
6
194 74 28 133 8 84 
17
123 68 186 146 176 2 74 148 98 11 54 154 96 122 110 119 16 
4
19 117 135 136 
10
50 162 120 149 127 63 159 102 183 40 
3
15 173 8 
5
139 138 172 14 157 
5
164 109 60 24 150 
8
102 24 149 126 160 184 78 118 
7
78 117 111 39 135 162 79 

