200 40 
7
15 10 93 57 3 5 25 1 50 6 29 97 29 28 91 49 4 26 76 55 86 100 45 39 3 94 4 61 20 77 45 14 39 19 13 88 60 69 35 84 95 52 97 17 26 87 49 96 78 100 88 45 65 15 64 62 58 22 76 88 79 46 34 24 63 63 54 76 20 53 19 91 58 62 29 51 23 100 29 7 67 32 70 12 62 89 41 97 24 52 21 50 12 67 89 92 22 19 63 97 32 16 67 43 5 84 39 33 8 58 48 22 5 34 66 11 50 66 84 71 97 35 78 77 61 63 37 92 33 78 14 85 59 22 90 100 95 26 76 36 13 98 29 63 56 86 47 90 60 39 86 85 44 85 70 65 19 100 15 55 57 81 73 12 47 68 96 56 22 93 71 91 42 91 53 97 27 5 74 20 23 32 90 91 93 13 85 18 98 44 9 9 8 18 51 75 88 20 68 30 
64 79 92 55 100 64 74 75 57 92 60 75 38 36 59 42 59 1 60 20 50 12 99 79 26 69 14 83 9 21 99 1 44 81 20 78 44 99 95 67 59 3 56 43 66 32 28 67 93 12 36 84 10 99 47 83 78 45 5 38 35 61 12 72 32 65 81 83 76 95 94 38 47 10 33 34 2 34 45 28 70 55 24 44 57 59 73 51 32 24 65 69 3 22 45 35 11 72 80 80 95 46 21 32 5 2 2 92 76 91 45 45 21 92 85 57 76 10 60 39 42 17 79 8 3 52 83 51 53 2 35 54 94 90 61 84 70 63 10 20 24 81 48 15 97 57 96 41 26 97 100 2 95 47 82 54 66 71 67 53 59 30 72 35 21 74 32 56 50 4 48 4 29 54 16 77 100 66 100 89 12 52 65 93 78 91 23 62 74 17 40 5 96 66 84 10 16 22 59 20 
54 62 56 40 46 19 41 13 24 63 4 10 9 94 87 87 28 60 48 86 74 81 41 70 82 8 72 91 47 94 71 94 59 6 58 31 49 47 25 10 94 48 75 32 28 65 27 99 29 74 66 91 42 75 87 32 43 52 2 51 59 91 24 1 28 44 52 70 65 68 98 54 11 47 61 94 47 16 92 15 7 97 52 64 100 55 45 55 88 85 87 25 5 52 98 36 5 51 1 95 98 42 28 88 14 70 7 66 42 43 18 79 78 57 31 42 100 49 22 14 33 76 9 45 75 45 54 57 82 79 76 73 74 97 76 96 31 53 38 71 96 62 12 82 31 68 77 33 81 20 64 42 71 3 58 69 23 91 78 17 42 23 36 79 9 29 60 56 59 84 45 54 85 38 57 63 16 11 67 36 44 16 62 28 51 99 15 68 83 48 25 46 78 20 33 37 9 74 6 80 
92 6 88 38 16 66 62 30 62 16 5 67 96 90 92 18 20 89 20 90 4 31 10 41 19 16 1 46 20 53 98 54 24 62 38 53 18 29 59 92 57 49 38 47 91 56 67 52 41 70 33 48 100 10 40 73 3 98 14 6 81 52 16 35 82 27 100 17 57 6 4 25 79 30 35 71 82 92 62 42 66 53 77 36 80 28 6 13 64 46 80 61 56 87 94 95 92 69 26 8 63 57 29 39 82 25 89 8 55 78 32 43 27 40 79 2 17 55 7 48 79 44 96 53 22 20 81 85 94 36 15 59 2 1 67 3 99 64 78 33 75 91 52 34 66 48 65 29 57 72 32 43 5 17 79 36 16 20 62 86 27 66 3 44 82 11 75 68 71 14 48 15 70 65 5 76 98 68 58 79 98 18 5 74 68 55 91 21 42 98 93 2 35 63 83 29 34 47 23 20 
70 56 49 6 79 95 28 81 78 66 82 19 71 42 57 15 83 51 41 1 35 3 60 93 66 58 65 91 95 13 83 4 50 63 55 27 100 20 19 16 74 37 9 3 26 83 10 30 43 7 47 75 30 68 13 29 41 22 32 25 10 100 93 39 97 2 12 35 92 1 97 66 47 51 96 19 35 19 80 62 89 58 64 74 32 5 6 46 80 77 65 58 2 10 96 68 63 19 68 68 97 69 9 66 74 34 80 80 33 20 66 40 30 59 15 9 12 86 57 45 70 6 40 80 24 51 74 55 87 72 32 10 28 32 78 65 80 74 67 39 28 65 51 46 95 18 85 44 75 51 25 66 64 92 68 13 5 46 14 45 24 86 19 89 33 34 5 22 82 83 39 63 23 67 8 95 22 82 13 89 90 95 5 84 71 70 92 75 74 57 76 4 67 79 65 39 1 88 17 45 
2 72 18 35 65 19 89 79 2 78 6 60 44 60 90 16 69 70 19 23 82 51 35 89 14 51 59 5 16 18 62 68 94 51 81 68 75 53 87 99 67 55 75 72 25 65 37 81 36 46 97 86 24 31 45 31 12 42 46 19 46 94 39 40 5 76 21 79 84 51 26 50 71 66 66 36 77 85 44 89 52 47 73 20 58 32 52 10 41 56 53 70 47 4 92 79 72 2 49 49 20 68 38 94 75 14 42 22 25 99 39 75 26 47 72 62 14 48 81 69 15 13 83 41 92 50 43 47 36 88 63 21 4 2 71 78 59 18 88 100 12 75 82 79 88 79 5 42 72 18 36 91 1 11 73 32 86 79 12 45 2 97 18 22 35 77 52 20 80 87 89 49 43 33 34 66 72 59 92 20 59 18 23 70 59 54 1 92 70 7 91 65 95 8 46 82 95 84 31 58 
33 7 54 8 68 3 21 2 52 2 22 28 17 71 19 39 59 75 5 86 55 27 43 78 72 24 8 91 96 66 53 67 76 90 25 13 94 46 24 9 34 8 39 84 74 4 19 49 29 98 21 20 92 21 15 47 43 34 43 100 31 24 7 88 61 23 44 65 43 49 1 70 33 27 40 52 6 62 58 53 42 20 58 68 98 84 66 72 36 15 21 72 73 83 48 89 10 87 45 51 79 66 66 27 94 33 49 86 31 55 80 43 31 77 52 89 29 5 27 25 99 9 59 14 72 82 58 24 67 65 50 56 29 99 83 59 51 69 64 68 74 98 58 30 59 52 15 71 7 84 73 68 28 1 61 31 31 13 100 40 13 40 19 21 46 26 58 38 41 53 70 44 5 90 15 89 13 10 95 43 76 31 32 72 25 99 8 33 64 7 100 47 33 28 24 4 60 11 39 8 
15
165 77 193 28 79 199 100 84 136 174 44 185 173 142 198 
11
193 164 88 11 135 19 74 57 6 128 161 
6
58 9 105 190 86 171 
20
8 16 161 152 174 6 108 34 10 163 30 76 12 41 162 89 141 101 139 58 
17
28 128 125 109 81 19 50 51 24 161 79 62 80 9 17 168 110 
3
120 177 157 
20
94 59 149 101 26 164 189 162 9 185 100 39 157 53 90 148 182 29 196 42 
17
17 116 151 100 23 106 42 121 193 38 57 125 177 52 83 194 179 
9
170 132 199 76 79 160 101 200 70 
13
100 199 66 56 64 97 9 73 149 187 162 178 92 
13
82 189 170 110 95 118 141 125 188 136 43 148 42 
10
3 140 50 7 45 14 96 130 30 6 
3
172 76 132 
2
7 109 
14
161 43 146 143 180 109 149 9 60 75 185 176 22 144 
4
160 175 59 10 
9
155 47 24 180 116 84 55 189 137 
2
45 116 
4
188 200 106 25 
19
19 184 31 136 122 186 17 53 82 8 176 155 16 156 45 22 158 83 174 
11
165 92 64 110 177 3 61 103 118 153 16 
18
128 78 163 44 27 80 108 41 104 166 88 95 164 7 167 145 63 123 
15
192 80 143 140 197 23 185 94 109 92 27 11 99 82 28 
17
129 140 193 84 90 19 110 196 62 49 151 145 53 125 20 159 87 
6
36 199 105 94 45 172 
2
110 46 
5
79 13 165 157 95 
3
172 191 76 
3
13 2 185 
12
39 2 25 95 72 157 199 180 105 48 168 28 
3
4 82 198 
5
151 170 99 183 132 
9
107 111 69 4 130 85 5 138 113 
2
198 24 
6
187 26 141 113 109 18 
17
122 124 118 144 200 154 131 191 8 115 177 73 88 65 50 183 129 
20
142 117 140 122 20 112 151 7 12 49 63 113 104 182 177 38 1 114 118 153 
7
149 14 181 93 11 33 175 
8
101 176 112 49 13 124 66 128 
7
36 82 5 189 104 155 194 

