175 35 
3
94 64 59 41 5 61 68 95 13 34 40 54 79 54 89 16 12 69 11 27 56 40 24 54 27 28 2 33 73 75 96 94 88 9 68 8 15 24 38 81 20 47 78 15 15 70 17 80 47 30 36 23 30 65 87 18 13 60 24 49 63 19 86 100 33 63 85 26 80 79 100 10 14 25 72 48 92 58 1 16 81 20 21 45 38 59 15 84 50 48 70 48 93 1 48 85 17 34 67 17 14 23 75 44 24 5 11 85 17 73 36 18 65 33 82 42 4 53 30 68 12 3 16 94 96 23 72 89 95 67 72 38 57 67 76 69 9 55 91 94 11 58 27 59 49 26 75 74 82 89 18 12 36 84 76 6 49 11 51 93 84 42 34 65 65 35 87 64 33 39 38 54 43 100 90 
10 28 63 72 43 49 9 41 18 6 62 26 23 98 23 82 43 70 49 57 60 14 54 74 49 81 63 80 50 83 67 68 10 3 92 76 32 84 67 51 97 74 62 95 53 39 3 42 81 93 78 20 83 23 53 6 36 2 51 34 14 74 61 70 72 90 72 25 32 94 46 5 31 87 79 93 99 7 73 34 91 26 21 72 4 30 2 74 15 72 75 15 72 98 36 18 24 91 71 89 87 15 98 74 25 48 29 4 10 47 67 5 56 41 90 63 94 90 57 17 77 27 43 82 24 68 42 34 12 89 89 83 59 39 4 21 3 28 27 33 45 72 97 85 40 66 17 63 70 8 79 35 10 79 14 100 42 7 21 86 38 38 28 43 82 71 46 83 83 50 60 18 2 6 82 
10 28 89 85 5 47 86 37 5 84 91 69 28 63 99 28 8 4 17 11 39 92 91 79 99 53 99 56 29 88 49 24 100 39 25 90 6 58 53 13 35 56 1 95 88 88 24 20 15 87 79 92 83 98 96 20 93 75 79 27 26 61 38 47 71 44 48 63 76 31 73 61 52 25 88 96 36 55 37 67 54 64 56 65 86 41 70 71 38 71 58 33 88 75 55 59 18 71 72 98 74 27 77 81 49 81 9 58 3 27 51 89 53 89 14 41 88 25 85 38 59 96 86 50 53 88 66 13 56 55 14 82 3 34 35 31 12 76 98 40 47 3 78 3 75 57 67 89 36 25 60 1 64 99 33 2 35 36 28 21 69 75 59 12 7 34 42 14 39 52 11 68 62 66 80 
9
52 154 41 3 68 98 175 162 44 
13
69 168 135 164 53 123 130 23 150 108 44 127 161 
13
35 153 64 67 12 8 152 84 78 69 168 11 3 
3
41 22 32 
11
146 116 161 98 109 172 101 152 157 10 15 
8
20 77 80 101 1 38 112 14 
10
163 26 134 45 110 170 22 90 21 162 
7
49 26 70 117 37 98 18 
3
63 9 70 
6
115 91 63 30 131 86 
17
114 55 69 125 139 67 126 165 173 50 48 147 138 154 23 85 12 
12
23 122 82 85 52 94 36 37 113 100 114 127 
19
16 148 48 142 133 49 5 101 175 165 13 18 30 56 96 93 24 64 91 
6
158 156 50 59 72 39 
10
133 175 174 103 28 14 46 84 156 166 
13
41 102 37 98 42 73 133 34 109 77 10 89 93 
20
100 98 138 146 132 161 81 14 26 50 35 83 52 101 39 61 65 74 116 31 
9
12 131 78 58 28 142 17 111 91 
19
133 44 123 55 20 50 141 125 149 170 24 152 91 29 139 8 171 75 80 
2
157 1 
3
32 84 58 
7
87 80 13 69 89 100 136 
20
12 50 169 119 43 167 133 11 61 173 96 15 171 81 98 174 97 92 10 155 
5
93 12 141 32 116 
3
11 130 43 
19
125 35 51 40 138 33 37 141 29 4 38 42 103 140 44 131 2 74 105 
18
45 46 112 125 24 99 57 82 149 165 118 63 44 65 28 53 109 139 
14
154 58 57 120 61 156 141 35 27 137 94 65 96 152 
19
40 94 33 37 82 137 104 160 81 76 48 133 61 95 45 152 128 155 154 
13
12 9 132 121 80 93 113 74 59 95 163 156 64 
18
112 110 118 143 46 174 113 131 170 132 28 146 153 125 144 136 151 119 
4
74 43 73 171 
20
9 63 153 21 85 60 121 169 167 109 116 113 58 72 68 98 71 34 25 36 
12
125 116 101 69 118 149 79 52 114 130 94 7 
16
113 89 166 92 34 9 35 141 155 160 25 28 139 112 153 119 

