100 20 
3
6 23 64 95 94 66 56 37 92 76 19 42 1 64 58 71 27 11 7 71 70 95 79 56 46 62 92 34 84 19 52 30 30 56 44 15 42 99 61 5 21 57 7 25 64 91 50 26 84 79 28 22 57 85 4 22 64 69 38 91 56 58 13 52 83 64 7 53 35 23 20 87 40 75 93 34 17 85 74 8 36 7 94 42 20 89 39 17 4 72 46 74 56 46 11 71 2 74 89 47 
92 28 38 36 50 47 72 93 97 54 63 32 37 69 27 15 23 18 64 51 84 25 56 4 21 77 40 77 5 63 35 36 65 97 46 56 15 93 7 21 54 80 23 77 32 69 33 76 31 89 12 93 64 74 84 84 90 37 72 69 66 12 45 10 74 80 49 38 13 35 65 29 3 25 45 9 10 33 47 8 51 85 4 57 45 91 35 1 59 32 88 15 35 84 53 58 61 11 2 63 
61 27 72 37 2 99 95 26 38 49 59 50 51 30 47 30 32 36 34 9 62 13 95 29 63 88 18 71 53 50 76 17 74 37 28 16 26 28 6 22 9 22 93 33 55 29 27 1 37 91 24 18 90 8 78 59 57 81 68 77 48 32 63 70 19 40 61 62 35 24 85 76 31 29 53 83 51 45 95 2 37 1 37 60 35 33 78 96 25 65 38 60 29 62 99 29 55 6 10 81 
11
19 1 79 38 76 17 72 21 12 23 94 
8
85 68 99 94 79 24 40 55 
5
37 47 83 74 45 
5
16 8 40 59 82 
17
33 81 16 32 4 20 50 55 1 31 66 25 79 12 27 46 84 
2
29 64 
9
23 33 90 75 3 22 63 95 56 
9
27 23 33 55 99 9 31 61 54 
14
64 62 96 73 9 59 18 76 20 63 43 93 44 75 
15
45 91 68 94 29 71 86 28 18 69 56 1 65 57 44 
16
40 10 8 76 100 19 70 59 22 54 51 85 17 56 38 42 
15
97 63 81 90 89 37 34 99 19 93 79 21 84 57 43 
9
18 52 3 10 53 67 15 55 78 
15
33 43 16 80 5 53 37 72 46 57 50 20 4 41 81 
10
91 75 70 49 3 58 21 18 66 11 
12
1 81 67 65 98 66 29 94 38 51 3 19 
8
98 85 75 63 56 21 7 90 
7
89 55 69 14 9 47 24 
2
90 11 
17
51 81 15 94 26 55 34 38 91 23 20 24 9 96 59 19 84 

