100 20 
3
45 14 70 51 67 50 1 73 98 54 26 23 72 61 2 66 11 19 62 61 86 63 63 47 36 83 6 18 60 42 85 6 33 100 53 24 74 85 61 92 97 4 83 72 27 13 61 54 58 30 48 50 97 7 90 14 29 46 7 31 22 88 97 83 55 97 24 82 68 24 49 10 8 61 73 60 49 76 92 81 29 34 18 15 25 63 67 64 92 50 21 24 83 36 76 78 97 58 51 41 
22 93 64 99 84 24 24 79 77 27 14 61 37 43 43 16 24 9 52 44 49 96 8 54 49 19 48 96 8 64 25 23 23 3 37 35 7 66 97 32 77 44 91 18 23 82 24 84 11 56 12 17 24 15 44 17 80 76 14 90 56 80 30 23 90 34 71 76 94 94 18 7 89 21 63 35 47 94 28 38 40 1 4 46 77 76 71 53 84 13 68 4 65 50 54 61 88 87 68 37 
14 24 8 38 58 93 26 28 31 53 2 58 59 25 64 74 78 2 70 63 30 71 98 65 24 39 10 57 73 85 43 77 41 88 65 93 44 80 18 64 8 91 78 56 77 29 39 44 17 70 2 29 20 39 14 10 25 98 6 74 15 43 71 13 80 32 20 21 21 21 41 52 76 27 36 58 2 10 14 1 80 27 39 49 24 91 52 88 45 80 75 33 9 87 56 1 16 73 60 2 
8
10 33 38 85 40 16 74 43 
7
1 64 29 85 40 82 14 
13
51 12 99 61 83 76 89 93 87 9 63 10 85 
19
61 83 5 46 62 94 59 15 19 55 73 91 75 98 18 65 56 34 11 
19
15 2 54 78 86 56 57 31 89 47 62 97 42 12 5 24 9 4 8 
3
44 89 1 
14
14 95 53 6 88 11 63 10 42 77 61 30 72 92 
8
4 72 11 93 25 75 94 19 
2
18 60 
6
98 7 12 94 93 71 
5
83 70 14 91 92 
17
90 14 49 2 43 21 11 29 95 30 33 61 52 62 27 13 100 
6
100 48 95 52 42 12 
8
74 71 47 66 40 44 84 22 
6
10 92 60 42 80 3 
12
44 35 26 29 58 64 27 90 46 53 38 33 
17
79 63 89 9 93 40 17 4 55 67 66 90 30 13 41 31 19 
19
24 53 11 52 10 34 50 7 79 100 96 89 32 95 99 25 48 74 1 
13
73 94 6 15 52 48 69 46 97 31 35 62 9 
16
49 27 75 52 71 55 19 31 87 45 78 14 11 28 94 96 

