150 30 
3
31 28 27 29 68 27 57 32 27 92 68 29 5 91 80 30 87 85 56 37 85 39 35 31 56 76 18 96 6 45 99 8 99 25 67 49 4 79 76 77 71 5 18 38 17 23 44 2 21 100 52 45 99 13 66 54 46 33 45 78 67 89 29 89 98 99 33 100 10 40 71 37 69 15 39 79 24 19 40 60 96 24 100 43 17 51 77 36 18 7 12 93 64 18 11 56 33 61 85 90 77 53 70 22 25 34 16 85 9 55 49 19 30 83 16 82 52 87 43 88 46 57 89 69 77 73 36 23 76 71 27 72 31 72 78 2 47 59 82 21 90 67 30 54 9 83 43 33 93 43 
12 3 61 30 8 40 93 87 16 69 5 15 54 67 47 77 30 93 8 54 1 58 63 7 52 47 64 41 74 63 76 6 98 35 49 72 93 48 94 73 19 70 31 28 6 90 6 53 8 37 93 48 60 96 48 75 77 43 69 36 41 61 42 2 81 89 48 89 99 48 71 2 31 67 68 58 32 11 55 21 6 32 32 65 52 83 74 29 12 79 76 77 65 36 24 17 8 55 62 3 5 9 24 76 20 95 52 12 20 47 42 23 38 73 14 44 44 90 86 32 52 76 38 34 44 79 68 79 20 46 31 3 28 13 61 82 77 86 69 94 24 55 17 81 81 37 52 8 93 36 
88 63 39 45 83 31 58 80 49 85 69 32 88 6 41 55 94 34 62 47 20 43 16 8 90 37 50 54 99 31 62 80 21 6 32 56 86 9 12 19 38 67 59 42 35 36 32 10 19 52 98 19 64 94 92 94 80 52 60 46 24 95 45 51 43 81 88 77 34 6 27 33 74 71 5 53 14 66 67 15 20 95 41 13 10 32 41 66 92 44 35 38 41 54 88 57 60 78 33 15 30 5 39 76 36 55 50 12 4 13 91 8 14 48 44 70 73 17 51 90 45 21 35 13 80 21 61 58 1 57 96 73 92 66 41 88 8 79 8 45 37 28 65 85 46 5 60 57 44 7 
6
26 66 145 103 113 123 
5
35 141 138 91 114 
13
74 81 132 4 67 68 93 143 82 57 114 86 8 
6
124 40 5 74 117 106 
9
126 150 103 21 37 46 144 67 73 
14
18 101 110 149 103 16 66 85 45 20 36 8 61 114 
3
125 129 78 
13
33 105 118 83 124 29 126 44 147 32 12 28 67 
5
110 114 120 54 145 
7
99 14 131 41 49 60 103 
6
80 121 134 8 89 37 
3
102 30 48 
15
77 83 3 5 120 34 140 46 126 131 106 82 86 136 33 
15
50 116 4 93 54 39 145 67 15 10 97 57 35 99 71 
12
101 28 142 37 123 49 54 6 95 85 10 114 
3
81 18 94 
11
127 74 29 117 75 125 7 135 131 39 90 
17
133 110 96 111 121 97 142 105 10 61 135 75 125 126 118 3 87 
12
7 106 62 79 96 117 6 14 97 107 66 90 
12
123 64 141 76 91 3 81 39 32 50 46 115 
10
87 69 124 64 65 148 20 35 15 118 
15
63 21 33 57 56 13 90 16 59 83 7 14 50 127 78 
18
65 51 66 40 17 146 34 9 142 43 127 31 73 23 110 126 141 96 
13
82 2 145 104 130 107 56 113 99 66 8 45 20 
2
128 117 
17
30 5 62 12 66 41 21 106 128 144 49 146 76 89 81 140 127 
9
100 145 14 133 22 17 16 125 33 
19
127 97 110 27 36 15 140 10 100 46 58 30 135 116 113 129 126 52 12 
12
16 66 150 23 88 74 82 103 87 36 141 40 
9
35 109 44 43 55 23 59 57 19 

