175 35 
3
58 19 5 81 18 42 70 8 84 50 68 24 65 72 37 29 27 71 72 75 47 8 49 5 67 51 47 100 27 10 64 58 58 48 34 17 55 19 32 6 24 61 80 2 9 3 22 53 40 80 74 33 93 63 29 36 70 29 76 18 3 35 90 9 11 26 11 91 66 28 16 45 69 61 23 55 74 72 12 47 60 9 79 17 61 16 36 27 49 48 31 76 93 46 4 46 69 93 6 81 70 36 30 100 12 79 91 33 99 82 16 16 87 4 30 85 50 87 82 34 46 77 71 90 38 42 59 97 44 5 19 90 3 12 54 97 7 75 26 96 75 20 43 79 43 76 86 52 12 30 43 14 6 61 78 23 64 54 96 51 47 94 2 79 1 54 13 84 88 54 25 30 62 63 8 
37 75 22 29 46 77 43 58 52 27 90 84 92 43 64 45 93 15 56 68 26 73 86 35 38 97 84 5 14 10 22 39 25 13 26 89 34 11 85 11 65 47 88 65 31 66 91 71 95 34 7 1 76 82 90 72 50 34 46 14 11 47 53 6 22 3 65 28 32 43 20 66 3 1 22 82 97 32 39 58 28 98 59 58 16 68 79 73 71 10 68 40 77 8 42 92 17 25 19 21 33 80 93 68 47 91 2 19 35 30 37 23 28 17 97 1 43 23 27 45 53 57 87 34 54 84 76 53 70 70 45 53 70 53 84 24 81 40 23 62 76 99 85 71 24 91 71 33 42 60 56 11 55 19 21 66 42 86 90 22 24 1 19 15 65 11 65 1 34 24 36 77 35 86 35 
76 8 51 26 42 83 89 28 7 96 30 71 28 31 17 55 59 38 30 45 25 91 55 30 24 13 68 14 37 75 69 45 81 42 34 66 27 38 16 21 67 19 78 75 50 3 14 80 64 8 66 21 34 67 50 92 91 65 48 70 28 15 93 50 37 29 99 14 2 99 99 4 94 51 37 45 81 59 71 4 8 18 71 93 49 68 75 21 68 23 76 69 30 47 96 37 68 52 27 91 83 70 45 51 51 57 4 29 62 37 81 36 22 64 25 15 52 45 44 3 45 15 44 57 78 100 78 65 64 48 74 47 66 86 60 17 38 51 37 30 83 65 13 43 83 16 81 50 43 44 87 62 45 87 64 88 47 57 87 21 83 50 85 92 91 11 38 18 11 97 38 32 85 27 59 
7
31 37 28 1 35 144 158 
20
49 157 19 124 78 1 102 52 169 95 2 88 72 123 9 3 76 34 27 174 
8
120 134 55 139 8 121 14 7 
18
134 41 50 101 12 29 91 65 104 99 103 40 62 51 14 83 131 8 
2
35 164 
5
46 151 102 88 23 
12
12 154 144 135 9 160 84 26 157 114 148 56 
18
116 49 155 105 44 81 167 138 88 61 3 97 152 92 23 31 110 147 
14
3 55 147 7 166 43 6 64 122 121 52 86 128 154 
14
29 22 2 14 44 76 86 161 97 63 164 37 34 126 
15
154 38 3 61 53 69 172 119 164 73 32 83 78 156 89 
12
116 111 113 7 143 79 10 87 9 156 48 105 
20
27 114 36 153 127 94 41 110 28 55 17 66 147 99 22 57 107 1 6 156 
17
157 1 117 54 156 62 152 6 108 121 115 171 163 149 14 34 99 
19
44 121 113 166 19 145 2 75 86 129 47 60 58 109 88 8 158 127 51 
8
118 56 43 173 135 94 149 10 
13
43 97 59 41 52 110 3 99 139 171 133 32 42 
7
148 132 161 83 31 160 91 
14
152 96 91 105 68 85 158 99 17 2 107 64 100 115 
12
70 3 74 25 122 140 112 15 16 12 96 108 
19
167 138 29 111 100 24 7 54 21 130 57 173 42 102 4 41 2 132 140 
9
39 116 53 125 144 134 135 169 150 
15
169 101 18 134 140 84 111 132 41 139 58 164 94 28 78 
2
7 109 
12
94 167 88 79 1 136 43 173 44 99 19 49 
17
129 67 21 115 155 44 18 59 166 163 158 148 157 174 49 139 23 
14
101 122 77 62 80 90 161 84 10 24 120 140 19 2 
16
69 61 119 93 126 120 136 130 131 163 5 104 17 55 139 51 
10
85 58 46 126 4 70 120 14 30 119 
9
127 147 50 142 3 19 65 103 79 
20
16 32 65 101 18 99 63 71 113 133 24 86 170 37 68 124 58 91 76 173 
6
20 95 153 151 146 100 
6
90 2 135 12 19 153 
9
12 20 30 127 143 38 46 160 167 
7
75 48 86 148 149 39 53 

