100 20 
3
84 53 33 66 60 24 65 21 7 89 16 63 2 3 45 98 57 82 52 96 6 78 35 23 76 62 85 91 3 95 96 77 45 84 56 3 90 96 6 20 34 14 83 60 6 92 81 54 5 84 67 66 17 28 74 21 26 97 39 5 38 91 53 2 95 52 12 63 36 6 1 83 77 92 10 19 66 43 90 11 35 86 35 10 34 57 99 38 73 93 66 9 28 46 23 80 22 87 98 13 
48 72 36 9 81 76 72 12 47 5 56 51 34 67 29 98 72 52 60 18 95 95 59 79 88 6 42 90 3 51 4 89 3 70 58 89 26 55 96 80 30 61 31 41 92 91 60 78 86 94 5 25 62 66 45 61 54 91 60 75 77 24 91 41 39 88 53 88 84 2 62 100 2 42 29 64 35 95 72 2 100 49 58 3 82 68 95 21 31 18 64 85 14 35 53 51 10 20 73 48 
51 24 10 55 2 53 43 13 87 44 42 10 84 72 71 60 44 17 70 78 56 72 57 96 58 5 17 40 85 17 2 22 71 17 24 73 95 58 94 61 32 10 48 67 3 53 66 16 68 64 11 6 26 70 69 75 64 47 44 35 3 92 31 80 100 90 46 20 19 9 6 81 38 82 73 55 3 36 89 65 59 57 67 95 2 35 96 52 14 81 14 76 81 36 56 14 4 15 29 62 
16
86 34 96 59 48 69 39 42 65 87 14 58 90 33 37 52 
11
78 66 57 40 46 25 75 23 91 85 37 
2
66 43 
10
8 52 93 61 98 40 78 27 22 35 
18
51 87 35 52 47 56 55 7 46 4 86 34 40 67 23 19 5 58 
10
8 46 10 68 84 93 64 16 71 33 
9
77 28 98 22 63 69 33 34 54 
7
71 5 6 64 100 50 69 
20
1 73 56 43 2 19 48 66 7 30 28 80 40 11 12 31 49 50 78 32 
17
52 12 63 82 36 79 24 76 5 49 89 45 55 23 66 46 42 
9
82 81 90 83 32 45 63 18 71 
18
2 46 98 13 66 91 12 25 79 69 83 81 3 45 31 68 78 56 
11
93 32 85 1 39 24 54 83 94 18 62 
16
58 92 26 73 62 88 24 29 71 9 72 7 94 84 45 32 
20
99 83 22 72 91 58 96 62 37 1 8 17 47 92 84 95 51 68 6 82 
11
87 47 80 7 18 63 94 51 70 61 60 
3
100 93 72 
10
74 21 17 1 7 73 38 23 60 48 
4
14 52 1 12 
6
79 83 66 34 75 65 

