175 35 
3
25 20 43 44 52 80 45 47 62 14 68 99 19 41 42 31 3 31 74 52 40 10 74 53 64 14 2 33 65 59 60 64 92 57 72 91 71 88 70 31 51 58 64 70 40 29 70 78 26 87 82 18 3 45 53 22 78 22 59 69 67 61 20 83 58 68 54 70 31 98 74 46 6 57 4 41 39 44 58 44 82 21 29 20 48 79 63 35 73 2 54 32 21 91 41 34 31 17 55 21 38 36 26 37 81 38 41 33 59 68 55 46 83 47 12 41 70 2 90 69 26 56 66 94 57 15 53 82 6 35 79 70 38 80 92 99 56 34 57 61 71 77 46 80 41 28 97 78 19 88 5 100 52 82 99 70 82 12 72 83 11 57 56 13 61 92 4 17 38 38 97 72 23 1 84 
10 13 46 77 60 48 43 36 31 73 93 38 12 77 86 91 18 48 27 31 34 81 58 91 72 5 64 72 52 30 34 87 66 98 51 27 44 53 29 53 93 72 49 42 39 32 44 22 20 80 94 55 12 38 35 28 24 60 70 76 80 1 67 7 3 16 81 43 22 84 14 22 66 73 44 47 73 63 83 72 13 65 13 73 59 20 37 79 11 81 2 10 38 95 70 7 11 99 59 46 86 46 20 77 99 95 79 92 37 100 17 86 54 31 34 40 94 16 73 69 47 27 21 42 30 87 19 85 72 92 19 91 7 84 40 49 6 22 46 6 93 99 100 13 92 15 23 87 100 77 77 11 46 62 92 79 63 74 66 60 10 45 92 83 73 1 74 64 5 87 81 29 83 65 44 
4 36 26 94 92 76 68 70 89 18 88 13 79 100 38 56 10 38 21 96 71 59 60 49 61 91 96 19 48 36 37 79 93 33 57 36 34 55 38 34 86 13 14 38 2 78 9 46 55 34 33 91 54 30 28 61 47 7 93 28 31 57 80 54 82 47 44 62 48 48 100 34 18 100 21 6 65 49 42 72 64 34 91 87 26 5 51 17 18 29 90 4 30 90 80 30 29 34 16 99 55 57 78 56 1 73 68 78 89 75 29 56 99 71 4 96 69 71 84 10 74 21 100 27 79 6 71 1 26 86 30 31 4 55 28 18 6 95 21 50 13 51 97 86 93 17 61 1 77 89 21 77 86 52 32 44 95 72 1 63 84 57 73 77 93 62 34 71 14 43 44 18 52 65 9 
11
170 132 164 134 174 44 110 91 175 93 137 
20
100 114 153 53 152 59 69 144 149 5 43 116 57 67 123 170 8 85 92 135 
13
104 114 93 55 6 52 173 152 38 15 160 78 118 
13
12 85 65 123 80 66 7 4 5 33 111 169 142 
16
70 122 35 112 67 169 167 165 33 95 91 123 94 105 143 44 
8
159 61 143 154 151 49 157 166 
6
102 133 70 19 161 142 
12
22 80 47 92 163 10 24 173 46 40 11 112 
13
88 19 164 81 86 84 131 59 91 120 168 157 165 
9
78 45 49 79 123 7 44 88 146 
7
146 98 54 20 74 92 143 
16
51 87 20 53 80 138 38 144 42 45 118 8 114 66 14 174 
14
42 91 116 138 12 84 139 112 83 159 118 20 89 97 
4
125 73 174 6 
16
104 35 70 55 125 42 81 1 139 165 12 66 138 148 61 26 
5
111 38 65 103 130 
19
117 131 52 167 158 116 92 81 14 130 99 48 142 79 118 36 33 162 105 
16
93 60 88 114 123 96 62 168 161 173 112 151 104 118 116 65 
2
80 23 
18
105 127 110 134 86 75 129 55 157 164 120 109 163 108 30 91 36 165 
15
151 37 170 57 48 59 8 163 34 71 98 147 10 26 173 
2
64 168 
13
156 84 72 125 86 95 50 83 121 148 122 18 111 
19
170 164 21 3 42 37 59 30 75 85 104 144 31 38 64 133 71 73 80 
9
170 71 127 18 74 92 77 41 142 
13
94 75 136 100 16 97 47 71 77 89 46 144 151 
19
101 162 73 11 55 134 154 87 99 159 151 17 6 58 57 39 144 98 136 
3
113 23 30 
10
61 80 133 165 28 164 128 161 32 155 
15
23 61 163 8 134 53 66 127 52 65 59 125 124 11 90 
19
70 14 171 143 156 166 145 133 33 84 150 69 102 28 96 76 136 16 62 
14
95 126 145 172 85 107 123 140 119 59 159 54 129 23 
18
163 94 23 174 140 43 85 66 107 67 119 16 96 115 4 167 63 47 
3
49 171 89 
10
118 133 3 4 121 132 94 153 112 124 

