100 20 
3
10 80 25 51 89 90 88 73 25 75 15 37 48 92 93 28 32 98 61 65 84 54 62 20 39 40 70 2 49 89 77 57 12 31 65 78 41 78 34 23 52 10 42 100 7 94 82 76 94 4 14 91 15 57 45 54 26 70 12 41 61 8 50 11 24 74 13 74 37 33 45 23 99 46 75 99 49 4 5 75 38 29 68 45 11 77 93 90 76 28 40 29 68 96 23 9 54 46 78 83 
82 61 55 21 43 36 11 12 31 85 31 34 64 6 44 28 22 74 16 9 70 60 19 8 45 29 16 25 57 76 84 48 39 54 11 49 63 65 26 30 32 38 23 86 69 72 1 69 32 55 7 4 13 89 74 81 25 29 64 55 89 26 81 49 28 21 11 18 2 3 57 50 4 75 49 32 5 34 4 11 21 9 29 78 49 26 80 5 37 98 66 12 97 30 93 20 64 31 46 6 
28 92 16 35 29 17 11 9 20 12 43 86 32 37 82 19 1 55 12 35 17 15 51 4 65 70 78 63 55 39 86 93 35 46 36 79 65 65 99 7 59 68 35 54 44 76 61 52 35 48 62 25 80 5 98 14 69 29 72 48 62 18 54 80 57 31 39 45 56 30 78 92 13 66 54 55 80 22 23 59 50 2 69 36 46 84 29 85 28 87 32 74 48 21 54 38 31 94 53 23 
9
69 23 62 42 57 31 39 90 92 
9
13 43 65 37 84 78 54 19 89 
17
66 21 98 73 62 30 34 15 3 75 78 1 64 49 48 59 29 
11
1 76 22 71 44 56 7 92 25 19 16 
17
37 96 22 89 5 23 65 60 71 76 73 72 75 93 44 15 31 
13
17 67 88 73 40 59 35 68 90 83 11 69 64 
8
49 64 14 24 86 78 56 73 
9
61 38 20 19 3 76 98 82 43 
5
98 22 24 77 76 
19
10 71 6 44 72 37 19 52 48 40 64 45 79 69 50 70 11 21 87 
20
87 28 1 95 36 21 8 61 38 79 62 52 76 72 23 24 12 68 22 4 
8
41 92 18 81 90 12 88 33 
9
49 74 43 76 98 71 21 6 54 
7
36 98 62 28 10 49 21 
7
80 22 77 24 17 56 38 
20
43 96 98 13 35 94 76 95 60 12 42 83 80 10 57 63 22 82 75 39 
20
49 13 76 27 100 60 82 69 31 57 84 63 18 3 1 78 89 17 85 4 
13
89 55 100 12 42 99 80 4 46 72 5 82 61 
2
61 13 
15
33 60 82 65 90 20 21 94 71 28 43 19 50 10 67 

