150 30 
3
82 59 14 61 22 12 57 24 22 86 27 46 47 81 41 86 82 61 47 20 64 71 1 58 35 44 100 35 22 9 40 50 75 19 55 20 29 13 46 16 50 5 50 41 35 79 20 23 92 86 30 22 10 16 90 92 27 5 38 16 97 99 37 90 91 49 11 86 8 24 28 20 38 41 88 35 60 5 95 48 49 80 74 32 77 17 57 34 43 68 98 35 16 62 89 49 6 79 49 32 3 84 39 6 22 47 77 77 48 10 19 3 37 44 100 27 7 29 10 43 15 43 76 76 82 1 60 72 31 65 59 43 81 72 92 80 31 83 62 74 88 22 43 11 82 82 69 80 19 29 
6 98 64 64 25 27 65 77 94 38 77 35 50 93 33 44 32 61 17 12 4 90 13 66 100 54 59 31 29 45 34 14 12 13 11 13 6 43 61 35 62 26 9 81 59 73 67 21 82 85 67 39 25 73 42 41 17 63 20 70 16 44 18 30 84 55 89 36 31 23 25 57 62 20 29 96 31 3 87 88 96 89 15 33 100 44 77 68 80 46 10 99 23 96 83 41 32 89 98 11 95 86 58 56 55 15 7 58 13 91 100 24 60 77 25 34 55 96 92 62 6 65 10 3 35 91 40 90 71 100 33 87 14 61 31 7 77 97 86 39 28 60 56 36 9 57 7 70 84 72 
83 1 92 36 13 53 86 85 7 5 22 44 85 40 18 10 27 69 85 65 17 100 23 88 96 100 25 92 50 15 48 1 96 96 73 44 82 93 73 11 98 30 9 72 5 68 64 54 49 75 62 30 17 69 36 36 35 17 28 100 76 63 99 54 29 45 67 73 52 6 89 84 50 92 85 62 47 75 23 25 44 12 34 39 94 44 24 69 55 15 24 30 18 25 78 72 40 37 67 57 36 66 6 27 52 70 89 49 100 38 15 79 44 21 92 40 69 49 35 30 75 26 19 55 94 22 28 81 85 34 22 68 66 21 40 22 96 50 71 61 7 81 95 40 66 89 22 65 11 2 
11
3 8 128 30 7 33 83 44 28 75 31 
3
11 134 21 
5
50 100 94 98 27 
7
64 31 126 104 70 16 72 
5
21 70 23 22 73 
4
82 123 109 48 
3
112 144 129 
3
135 90 11 
8
138 22 37 51 93 68 41 23 
2
139 17 
2
37 52 
19
62 27 31 34 37 136 115 7 147 123 4 94 107 9 103 87 10 112 30 
6
29 124 4 93 109 95 
13
150 9 127 85 31 79 93 29 65 113 26 21 97 
3
16 80 103 
7
70 138 21 145 99 1 72 
16
2 26 133 72 127 115 134 73 111 60 29 19 139 89 49 55 
10
69 20 89 3 94 11 45 78 9 105 
4
78 30 59 16 
8
1 74 129 84 89 148 32 68 
3
81 76 48 
2
41 71 
18
89 150 2 102 96 113 104 30 114 87 79 42 8 34 80 135 77 32 
4
129 63 121 54 
4
23 109 66 94 
5
16 75 69 89 127 
14
2 132 30 68 79 25 46 107 81 37 92 101 5 54 
4
115 16 13 127 
18
125 84 25 100 60 63 53 106 135 6 121 138 44 75 67 143 56 16 
18
38 47 13 4 89 52 3 72 33 143 16 127 138 65 74 82 44 109 

