175 35 
3
73 58 76 73 89 15 48 37 12 37 13 8 30 49 42 93 43 37 71 74 41 20 55 6 61 39 4 76 91 45 7 79 86 89 14 66 26 34 41 27 64 75 68 20 90 90 61 17 34 77 91 19 93 29 91 10 92 41 40 2 84 24 34 61 59 24 52 19 36 14 46 54 63 17 52 83 46 2 3 81 5 58 75 39 43 63 54 7 32 68 14 58 77 15 6 82 77 52 92 100 85 14 100 32 50 13 60 25 65 4 35 85 14 46 7 96 27 47 79 77 100 44 37 60 20 19 20 98 94 43 14 42 69 90 43 93 5 69 52 100 24 50 12 76 8 83 25 21 98 28 69 84 57 60 5 4 71 50 27 61 73 31 76 100 71 50 24 18 83 13 3 58 56 93 4 
58 37 25 51 58 1 11 21 91 71 54 48 55 87 66 32 3 36 62 73 59 63 21 62 91 68 18 73 29 48 86 37 30 87 67 42 60 88 91 55 39 84 29 19 14 40 10 87 95 84 11 92 53 65 51 66 46 34 23 41 62 66 62 53 45 59 30 90 81 75 41 42 29 21 31 34 35 41 40 8 74 5 50 25 82 64 71 48 26 6 58 12 58 59 67 12 3 71 73 30 57 29 87 15 59 6 18 99 69 68 92 76 85 18 6 29 33 72 72 90 60 51 6 32 86 48 65 90 48 24 77 99 65 69 55 75 31 21 61 75 13 61 73 76 19 51 31 46 94 71 49 87 50 32 44 66 81 97 40 47 80 5 12 77 10 41 83 5 65 21 82 73 56 95 91 
89 100 94 91 47 92 14 89 10 25 78 98 18 69 26 83 81 30 26 64 36 58 90 45 92 46 27 19 48 23 17 98 3 86 97 56 48 3 94 42 57 46 32 7 57 14 8 98 40 63 81 69 4 42 41 67 68 98 67 48 85 61 93 26 83 29 77 51 89 38 93 1 88 38 26 18 20 4 4 67 35 99 71 49 14 45 24 11 67 69 25 91 49 5 6 37 57 8 97 30 82 34 45 10 78 98 78 37 17 12 3 55 21 40 98 43 19 81 25 100 21 35 93 66 60 32 35 78 34 39 15 92 22 100 5 84 100 75 53 45 55 83 84 43 30 32 60 15 54 27 89 75 38 24 22 84 98 83 1 16 2 2 92 55 12 22 83 9 90 47 88 34 100 20 70 
14
135 13 142 67 88 73 90 17 41 127 61 173 102 149 
10
17 135 5 170 50 137 143 175 106 16 
17
155 2 44 127 66 54 37 13 169 125 68 29 56 31 57 61 19 
3
163 7 43 
14
156 151 125 11 131 71 79 143 86 130 77 107 108 115 
13
50 54 60 166 10 122 30 147 159 106 34 126 135 
12
17 4 107 71 19 157 134 170 161 110 33 18 
14
131 110 141 153 167 7 151 90 79 116 38 15 43 129 
14
25 55 129 54 110 38 37 111 125 169 90 72 130 157 
5
21 3 148 60 95 
7
174 35 92 33 67 110 60 
5
175 172 29 1 91 
9
125 76 49 9 118 70 66 103 164 
5
79 129 133 65 117 
13
143 81 21 94 175 40 11 83 23 96 49 86 80 
3
21 67 11 
2
94 115 
15
36 109 46 156 49 70 91 145 99 29 75 13 16 93 144 
13
116 127 81 98 99 63 152 50 173 12 54 47 172 
16
67 148 127 29 72 114 88 93 124 57 147 101 94 33 42 34 
16
163 144 84 98 156 13 126 172 164 45 128 111 174 132 162 102 
16
105 2 85 18 40 172 79 159 36 23 171 168 146 78 165 97 
13
99 48 13 104 135 10 73 51 69 34 117 72 22 
3
41 70 37 
12
147 17 161 85 150 80 40 90 53 81 48 74 
16
38 82 102 173 124 117 151 169 148 9 11 1 165 49 85 2 
7
72 11 129 57 51 137 145 
8
164 37 60 122 116 134 168 74 
2
69 33 
5
30 81 140 174 41 
11
39 127 53 166 38 116 104 93 140 152 103 
5
14 73 174 54 121 
18
106 37 80 82 120 29 105 69 118 83 114 15 116 85 150 75 55 33 
2
46 66 
3
25 171 17 

