150 30 
3
9 15 48 84 74 49 3 24 57 5 72 6 46 5 28 85 58 42 86 6 14 42 42 69 88 25 91 67 23 5 76 66 3 55 69 36 58 53 15 60 37 34 89 100 85 72 44 50 11 53 55 56 15 36 91 9 7 37 86 16 25 95 9 69 41 50 5 39 81 40 46 10 3 17 95 85 18 65 60 53 74 9 50 33 22 31 95 5 79 64 69 12 98 10 34 78 96 76 39 74 42 92 14 100 21 5 18 32 10 47 52 69 100 27 84 54 66 69 88 33 87 48 69 13 9 49 31 97 85 6 22 21 89 75 31 79 50 100 80 22 100 50 85 100 24 15 58 42 64 64 
73 74 87 27 75 74 3 47 43 8 51 88 16 12 78 42 12 61 6 27 50 31 72 33 10 42 44 55 20 12 89 34 31 65 80 54 32 8 66 65 66 82 48 86 49 67 63 67 15 13 54 18 34 70 67 61 73 61 92 7 74 7 20 23 19 9 51 89 75 12 100 87 34 10 88 40 55 31 12 21 9 42 80 43 15 13 88 53 10 2 93 13 86 71 3 51 46 33 1 40 19 49 73 61 28 45 97 13 27 55 17 69 12 31 79 97 16 92 100 14 98 24 71 82 91 22 31 72 45 15 95 84 54 15 10 68 67 43 23 15 67 95 84 25 2 64 62 3 70 33 
19 25 37 23 74 11 83 57 96 80 6 70 55 18 25 7 50 46 64 32 67 61 32 20 36 28 24 71 59 83 6 28 24 24 14 3 6 62 80 94 68 63 90 83 6 37 77 32 69 45 6 21 31 40 74 98 51 74 77 59 4 56 53 50 89 45 88 1 98 47 90 24 17 18 1 26 5 91 99 76 61 22 10 32 51 34 31 64 16 34 76 21 93 52 30 53 3 24 86 39 43 21 58 84 39 65 20 39 44 86 50 27 68 92 71 70 79 96 78 50 96 82 32 4 22 87 50 83 97 68 76 85 93 91 58 3 77 79 53 67 42 49 35 57 92 94 7 76 52 5 
16
1 66 61 138 109 36 71 128 84 68 89 92 95 41 149 150 
17
12 18 131 49 43 76 78 30 109 37 126 61 16 23 102 74 2 
12
148 135 75 50 107 94 118 109 53 5 129 48 
9
58 35 140 13 93 3 54 97 89 
11
29 117 134 79 61 105 76 104 96 118 50 
4
2 99 4 6 
4
21 3 11 94 
9
50 39 4 150 119 134 140 12 123 
6
15 58 138 40 1 102 
3
76 59 95 
3
7 43 122 
2
57 91 
14
4 127 68 21 32 136 75 31 67 9 95 149 112 5 
14
66 1 137 35 93 9 8 62 57 30 146 18 148 92 
3
44 15 56 
7
31 150 94 89 8 149 114 
13
133 141 149 3 142 96 52 132 130 139 129 45 38 
20
146 143 62 80 111 79 63 135 48 117 46 59 41 90 67 18 129 24 103 118 
12
18 29 43 131 88 71 24 109 26 65 46 39 
19
147 115 139 76 26 54 42 125 60 6 121 77 105 73 55 91 98 113 33 
10
57 35 66 6 13 137 131 61 2 85 
2
129 142 
8
140 26 40 96 57 8 55 138 
12
96 142 129 113 141 93 2 62 49 105 13 14 
20
109 29 61 59 66 105 87 8 116 86 51 76 118 75 84 37 138 2 68 99 
17
71 60 57 19 129 94 5 22 33 117 62 10 20 51 30 125 3 
4
57 98 64 108 
18
112 143 105 146 121 95 142 13 89 48 148 22 49 51 2 113 41 43 
15
78 53 60 105 92 69 27 93 33 109 139 22 126 95 115 
5
93 88 125 69 65 

