100 20 
3
25 9 61 35 41 46 77 26 84 93 8 46 25 69 74 93 5 7 52 75 60 98 91 33 3 96 50 20 37 2 50 82 68 88 70 78 80 50 40 21 55 67 84 41 18 85 72 66 1 43 85 5 47 20 7 65 82 72 93 29 67 32 95 95 49 15 17 88 9 56 89 13 62 81 68 47 27 81 90 89 52 81 4 37 65 28 47 24 78 78 26 60 16 78 30 2 24 3 28 76 
95 56 50 21 43 61 81 68 89 70 38 89 61 53 62 3 2 3 16 50 67 8 50 94 88 49 58 47 62 61 78 32 64 28 29 24 79 68 42 35 82 70 62 29 92 86 81 16 68 17 5 23 81 1 98 97 46 2 24 70 53 49 85 84 75 54 71 19 82 57 42 29 63 96 22 57 76 21 53 95 87 43 63 90 17 25 77 7 77 21 69 100 60 64 24 68 81 57 81 13 
31 48 39 36 1 37 44 12 65 48 34 52 96 35 26 20 79 7 36 34 49 56 34 14 50 51 72 81 65 81 23 31 2 83 4 70 7 76 87 78 39 17 32 53 5 3 41 26 19 56 36 82 92 33 50 41 23 51 87 20 80 82 42 36 39 1 89 99 55 5 75 50 98 95 55 23 95 39 56 96 43 74 66 19 37 62 26 26 69 81 18 7 69 5 35 21 93 99 25 19 
3
94 90 92 
12
70 32 94 68 6 13 8 65 38 90 87 91 
7
51 50 4 41 58 62 82 
5
70 92 52 34 12 
12
46 18 40 32 24 68 5 71 41 91 95 65 
11
84 10 36 78 30 40 86 4 67 12 47 
17
57 4 14 54 10 52 77 44 76 64 61 9 23 86 59 41 94 
15
8 52 91 72 1 2 7 3 23 82 25 100 9 31 11 
10
96 60 33 46 20 61 79 83 68 39 
9
74 16 84 48 67 94 69 92 7 
7
92 21 39 27 82 18 2 
14
73 53 21 56 70 63 10 44 37 87 28 30 15 96 
18
42 96 79 31 89 11 55 28 71 94 95 47 84 81 72 73 30 5 
4
54 25 92 47 
9
18 25 100 53 12 22 98 60 96 
5
8 9 47 18 44 
4
6 19 42 85 
6
97 74 21 42 73 19 
9
82 100 49 80 51 5 4 71 28 
20
63 27 33 19 7 37 87 65 2 54 25 4 78 86 48 53 68 82 40 32 

