175 35 
3
79 86 24 29 91 26 23 89 19 62 53 75 76 89 10 20 64 12 19 96 73 96 75 54 22 89 94 42 52 49 9 94 94 76 76 53 37 23 22 49 68 82 18 51 87 26 44 59 18 20 29 90 37 10 21 77 48 83 42 85 45 70 74 32 100 32 7 50 89 27 59 19 64 7 27 65 85 82 31 96 21 53 7 20 30 62 42 93 11 2 3 47 58 25 26 65 46 90 8 90 74 39 34 84 87 86 33 96 65 91 69 72 70 57 76 97 29 58 54 74 53 82 61 38 74 79 94 57 20 10 31 57 35 60 72 59 94 82 74 70 40 51 41 19 58 37 81 36 42 33 77 11 7 94 71 68 90 95 12 63 36 94 98 50 14 41 52 70 46 51 55 52 55 88 60 
77 88 93 100 18 100 29 89 39 34 26 45 29 23 61 64 41 95 99 25 98 70 41 57 37 55 35 31 44 90 9 67 41 20 92 62 65 48 28 31 74 69 35 15 3 48 52 56 80 42 83 24 88 67 20 73 61 71 78 70 29 82 20 75 12 63 18 64 34 26 10 93 13 27 15 56 2 58 5 96 96 91 51 99 9 19 81 86 51 90 7 27 15 36 14 62 43 55 62 3 52 80 92 49 57 7 91 44 28 95 69 78 38 35 24 71 77 35 55 58 58 88 39 96 80 87 54 43 47 48 73 55 83 28 22 53 3 18 49 82 26 73 51 37 60 33 3 61 11 45 84 67 53 77 28 44 89 10 71 31 24 86 87 21 63 5 44 35 49 87 58 41 74 75 40 
90 47 19 21 75 15 79 7 96 59 91 73 93 6 99 5 52 37 34 63 12 96 79 87 9 41 60 26 48 26 76 49 73 99 58 38 86 36 3 60 34 97 21 6 35 2 17 81 90 27 42 28 45 86 8 70 59 30 27 32 18 81 96 78 91 1 13 15 5 3 7 34 8 93 47 47 66 34 33 6 83 54 38 44 61 59 14 65 92 82 90 21 26 76 10 87 53 21 15 23 33 18 68 11 5 11 92 93 31 15 88 92 20 47 94 40 39 39 49 58 20 59 17 1 100 37 2 34 46 42 98 55 69 33 58 91 11 80 88 29 9 52 74 36 46 80 76 57 21 23 46 41 38 67 20 17 39 46 44 88 50 85 52 84 3 74 15 94 16 9 93 37 51 26 81 
20
41 95 69 107 40 133 116 14 170 161 160 42 129 12 19 167 81 54 92 32 
12
36 157 103 69 167 112 155 62 70 133 141 44 
3
172 9 138 
19
132 36 82 78 108 44 17 92 121 136 90 61 114 116 126 161 140 77 67 
6
173 120 165 55 19 1 
15
127 104 120 100 78 109 24 96 144 42 36 140 55 10 112 
4
114 152 127 56 
4
23 95 166 90 
12
106 89 56 53 16 63 17 7 18 161 105 153 
9
44 49 151 108 76 81 135 106 94 
5
87 85 19 54 118 
7
91 21 77 57 73 88 152 
12
9 68 146 154 40 128 47 169 29 10 38 125 
3
106 31 122 
11
173 109 171 150 166 145 81 142 55 158 52 
18
141 18 131 10 38 50 43 7 37 153 148 65 31 58 6 112 159 106 
15
132 41 91 104 175 158 9 86 114 78 62 102 130 31 25 
13
94 162 63 147 87 152 78 40 37 96 66 89 131 
16
132 31 123 130 48 152 146 122 108 124 30 56 27 34 52 19 
9
40 91 45 14 20 129 112 135 41 
11
25 8 163 68 126 12 76 106 119 37 166 
13
160 24 122 165 11 69 21 164 3 60 90 140 87 
5
142 61 103 109 19 
2
149 2 
2
87 72 
17
136 127 7 21 5 140 116 159 96 15 115 64 32 81 101 84 169 
5
77 110 126 136 141 
6
51 141 36 99 136 98 
2
75 4 
13
143 75 157 63 146 141 51 168 83 99 104 154 100 
10
152 87 84 101 137 56 94 38 57 148 
20
34 112 124 141 7 78 169 155 153 23 68 69 157 161 167 72 43 64 39 10 
15
103 115 7 109 39 173 141 36 164 10 60 110 30 43 74 
3
96 152 151 
12
108 32 93 54 76 83 132 15 23 42 18 34 

