175 35 
3
30 100 3 24 79 51 68 23 10 99 60 26 84 79 31 84 76 90 39 95 94 16 56 79 84 68 55 4 72 87 37 47 19 65 66 93 66 40 20 73 92 60 20 7 33 2 92 9 46 83 70 72 74 31 41 13 20 6 3 39 76 65 38 81 99 48 69 88 77 41 85 49 24 97 50 42 17 3 39 36 27 19 70 52 96 62 24 41 37 8 78 67 42 31 97 74 87 87 44 26 39 23 12 80 17 55 75 62 36 85 63 72 50 6 67 75 95 18 76 5 54 30 9 99 76 21 23 41 58 75 73 25 89 37 31 50 41 44 26 3 19 44 76 44 10 38 92 98 75 29 45 70 7 20 5 24 55 44 92 67 65 83 37 38 42 26 60 94 86 24 78 94 43 22 37 
40 17 44 29 68 65 16 35 60 65 6 47 97 25 80 20 53 40 15 61 26 66 11 97 89 74 58 11 89 15 26 73 34 94 16 100 74 33 71 18 88 30 4 1 7 67 63 42 44 45 51 12 41 25 80 63 4 66 89 42 17 33 15 3 97 48 38 13 41 46 84 35 78 80 11 55 82 13 33 12 41 86 32 67 68 4 66 83 30 86 2 74 49 75 37 28 58 80 42 57 1 31 67 29 8 38 74 22 25 95 94 59 18 36 99 14 6 31 27 45 78 12 20 21 19 22 24 56 14 6 32 80 75 21 48 71 57 46 38 27 11 1 11 8 48 82 94 12 14 5 21 35 26 35 53 12 41 21 2 40 41 17 64 2 67 2 100 94 96 76 58 25 6 61 26 
15 96 57 58 93 71 5 35 87 23 68 51 32 92 24 76 16 54 13 54 84 33 85 71 42 90 89 87 48 86 60 44 26 39 93 73 16 38 42 58 10 100 91 63 4 90 38 82 95 6 31 11 68 83 3 94 46 50 100 87 84 81 32 64 31 82 99 97 83 46 41 7 80 13 70 73 5 43 88 18 44 34 49 96 38 98 51 74 12 74 26 52 69 40 72 77 87 13 82 77 5 43 41 98 1 32 9 56 86 3 26 14 64 51 64 43 46 61 85 15 10 80 73 79 93 89 23 60 37 76 70 53 46 89 49 48 31 11 70 61 42 40 19 80 22 44 33 29 85 81 9 44 29 60 63 47 8 86 23 86 16 93 38 31 100 95 23 6 77 48 19 61 61 7 59 
19
119 39 174 175 97 46 82 18 126 67 108 84 139 124 25 56 51 89 58 
3
16 68 87 
5
50 57 14 152 16 
5
95 98 55 148 175 
17
39 20 19 58 136 166 152 83 119 90 92 29 104 150 112 161 115 
4
158 108 156 25 
2
128 146 
4
90 133 67 165 
2
123 155 
17
2 120 118 72 66 82 88 87 119 112 75 7 97 69 55 172 70 
18
7 6 78 172 62 56 5 83 149 89 17 2 143 24 91 103 40 13 
18
96 41 150 67 152 121 56 174 108 157 167 5 70 171 105 11 137 127 
10
158 21 48 39 93 61 40 115 173 142 
5
127 25 63 69 71 
15
25 138 72 42 38 91 67 45 127 11 111 162 157 29 46 
18
34 8 165 146 139 114 63 144 16 90 85 98 123 138 175 147 6 172 
17
16 116 144 6 15 53 23 104 37 81 35 69 168 125 60 169 106 
19
42 14 108 61 136 51 83 126 25 145 84 34 130 106 54 1 109 39 125 
8
53 168 92 41 56 83 101 70 
7
130 30 89 67 165 7 169 
16
61 165 108 148 77 7 155 10 35 90 25 106 34 33 171 92 
14
125 82 62 64 26 90 67 88 42 45 144 66 21 110 
8
99 60 5 56 61 93 128 4 
6
36 121 151 87 159 40 
8
132 114 25 16 156 144 53 123 
8
149 158 112 2 122 57 70 84 
10
126 34 74 46 121 42 35 144 15 72 
3
104 20 17 
18
81 121 65 154 95 61 145 166 171 119 134 76 64 25 113 57 152 122 
14
139 54 72 37 146 107 131 16 87 152 14 164 165 43 
20
33 128 53 38 5 155 163 68 79 144 171 39 29 84 15 170 28 132 153 24 
8
17 19 30 55 171 117 127 153 
4
79 89 93 51 
5
54 115 109 51 23 
8
66 41 33 162 16 150 166 39 

