100 20 
3
25 70 48 69 52 38 17 32 40 74 100 84 53 58 31 46 38 2 68 100 39 88 68 36 73 12 89 91 15 2 90 40 90 43 61 24 98 81 95 46 6 22 6 95 19 38 9 75 71 72 37 76 70 26 95 23 97 70 31 100 100 67 90 50 16 26 73 71 94 12 25 79 61 49 35 79 95 50 79 34 15 52 78 12 76 72 61 43 95 90 1 44 51 95 63 83 97 43 64 34 
55 70 23 71 1 23 51 89 97 78 66 48 54 25 73 68 8 2 17 51 18 87 47 95 43 7 4 13 67 41 62 44 23 45 48 89 55 86 57 85 33 48 91 82 48 6 69 86 87 94 73 39 85 8 94 52 91 85 10 1 16 64 47 44 39 91 46 65 91 92 61 13 8 6 55 34 20 32 10 7 33 98 60 6 1 15 10 76 80 88 38 31 81 3 75 92 15 48 75 17 
80 97 24 100 99 3 81 42 30 23 72 2 71 73 21 96 92 42 98 43 98 50 32 53 40 64 98 32 81 58 51 64 20 23 86 82 11 63 1 2 42 41 70 48 31 37 47 8 30 7 77 66 30 75 58 56 88 16 89 36 88 18 62 86 11 72 64 93 14 23 71 28 3 81 97 65 58 41 59 1 42 69 1 4 56 83 35 89 41 17 67 5 37 66 47 69 25 96 32 70 
13
48 60 32 49 52 22 62 92 98 82 55 59 79 
14
70 20 16 66 43 92 27 79 100 42 26 24 94 88 
12
93 10 21 60 98 73 41 11 32 66 19 68 
7
19 57 89 7 34 93 81 
16
84 37 41 92 89 64 13 49 32 60 43 58 71 65 35 4 
20
15 54 90 75 6 10 21 22 68 27 88 76 48 51 36 81 47 38 62 39 
10
77 4 91 72 16 97 34 85 49 2 
5
92 82 45 46 40 
3
81 53 45 
10
60 80 22 20 92 59 1 79 18 90 
6
70 96 53 31 4 37 
20
28 43 1 89 92 62 24 21 55 4 60 85 83 63 99 100 3 59 8 81 
17
17 22 70 44 81 28 14 92 90 5 74 31 100 35 34 25 30 
18
33 4 29 76 66 34 84 85 20 93 79 16 86 57 58 73 62 65 
16
58 9 38 31 37 57 91 68 43 15 32 30 27 96 7 35 
13
43 48 83 15 66 5 62 94 63 2 100 98 24 
17
97 70 23 95 27 16 8 12 76 66 100 2 43 6 83 58 65 
19
63 31 72 3 80 20 23 48 61 7 13 78 57 88 8 55 76 6 93 
20
19 10 82 39 84 38 41 52 79 40 3 1 50 57 80 46 11 32 4 7 
2
66 96 

