150 30 
3
43 100 49 96 5 92 59 13 89 81 63 35 18 75 67 41 46 85 26 47 94 8 47 90 33 58 24 100 2 21 20 59 76 55 31 61 70 25 57 72 26 23 48 46 68 87 45 22 26 78 30 7 46 65 25 75 36 71 52 13 68 61 19 77 60 79 27 77 49 89 64 85 48 84 7 16 79 90 15 60 18 45 83 86 60 87 21 91 23 3 11 57 68 97 68 14 91 44 19 43 94 6 23 42 15 48 46 94 54 10 37 77 88 62 52 46 51 17 80 99 50 48 66 4 96 23 43 80 57 70 59 95 7 90 86 41 28 18 40 53 25 43 2 28 69 22 86 53 38 29 
28 98 69 14 73 59 85 60 71 18 20 86 97 57 8 7 98 59 48 98 44 2 2 37 95 13 47 63 16 41 41 81 79 8 84 21 79 97 37 68 12 37 32 8 5 10 38 1 73 26 60 85 77 59 2 27 62 93 77 11 43 69 100 82 12 62 54 83 38 16 44 63 94 13 6 56 69 24 78 72 32 88 17 49 89 49 35 75 92 36 92 13 32 59 70 33 75 33 98 84 97 5 91 35 31 74 68 31 51 60 41 100 62 18 65 84 19 47 60 42 43 4 14 71 71 41 57 30 67 53 69 7 33 99 3 93 16 30 29 80 44 31 56 3 16 40 8 17 44 29 
41 30 35 6 52 41 80 80 29 1 98 22 49 30 86 19 75 40 61 95 88 33 36 57 36 31 11 70 6 83 86 81 29 27 63 1 80 88 8 12 68 36 69 70 60 21 42 66 91 35 31 50 69 10 23 84 37 40 59 14 15 96 12 15 78 58 37 71 24 45 23 98 67 96 81 55 75 44 99 13 86 97 85 56 24 43 58 62 93 85 62 78 75 75 11 82 62 57 1 25 38 84 96 45 99 84 65 28 48 90 81 58 81 44 40 43 1 14 73 25 34 72 8 20 32 15 45 42 75 45 27 6 17 41 61 63 14 26 71 51 3 82 21 50 56 45 46 89 30 78 
3
125 136 42 
5
127 56 103 7 54 
3
84 25 75 
6
76 13 149 61 36 141 
16
14 79 108 65 18 53 27 63 117 145 127 90 2 26 135 70 
16
112 141 124 145 75 100 103 56 74 133 23 87 83 21 98 49 
2
15 84 
6
17 76 49 13 123 69 
2
68 19 
17
47 126 96 94 20 69 144 85 83 66 48 46 24 131 72 74 11 
12
36 26 76 99 119 113 145 66 124 130 69 85 
19
64 143 23 145 39 65 67 6 7 66 15 123 1 91 100 47 93 101 57 
8
122 139 148 18 25 146 74 9 
14
126 53 86 4 124 81 36 94 8 16 26 149 44 7 
4
49 126 108 120 
17
109 62 2 107 124 144 84 90 113 40 91 78 89 44 5 24 6 
4
108 75 31 74 
10
97 54 16 139 123 74 144 3 73 70 
2
87 86 
3
93 77 76 
15
136 132 47 63 85 114 20 33 141 36 131 148 105 95 62 
4
32 109 139 104 
10
47 26 32 45 150 141 148 91 81 132 
12
7 150 2 30 97 102 12 76 56 111 138 69 
8
24 55 137 59 19 146 109 30 
2
65 5 
2
64 26 
7
142 75 55 49 120 61 100 
5
149 63 53 9 61 
7
25 93 96 116 51 125 117 

