175 35 
3
76 1 11 80 56 79 88 41 87 12 16 97 90 51 45 53 94 80 7 23 69 96 67 71 51 97 75 88 61 44 83 42 60 30 1 42 24 35 98 46 10 31 75 39 77 57 82 72 82 59 54 83 51 44 26 50 71 16 61 7 63 39 32 91 96 77 97 54 76 39 44 74 92 88 21 15 90 63 84 66 74 51 37 13 29 44 33 12 74 90 47 97 4 74 51 6 54 52 93 52 96 71 28 63 71 96 22 2 51 88 84 81 73 56 60 60 32 57 44 76 88 18 16 36 80 61 91 1 12 89 19 74 53 38 40 26 23 96 11 56 95 40 59 51 91 74 95 39 28 61 33 98 82 49 61 53 9 82 97 35 24 77 11 25 85 66 39 13 88 51 51 6 65 49 26 
73 64 34 74 20 66 84 2 60 83 2 83 81 7 62 74 38 61 71 74 99 78 80 98 4 81 86 49 1 26 78 80 9 94 50 57 38 54 55 24 35 40 60 68 84 10 17 38 63 19 77 56 63 81 99 90 72 89 43 44 83 51 53 38 48 73 78 57 9 60 30 56 29 29 47 98 86 34 90 98 86 71 38 64 61 10 42 81 74 36 49 10 46 11 87 9 34 56 80 83 24 80 42 66 69 94 42 37 66 77 77 91 99 50 7 67 44 74 81 34 92 50 11 65 66 53 11 83 18 27 13 34 21 6 85 84 68 76 48 100 71 28 4 87 28 10 33 62 38 37 6 12 79 52 60 56 37 67 24 95 33 7 28 94 42 10 79 59 35 50 88 64 70 74 69 
73 4 56 81 62 39 9 51 97 53 58 88 96 35 74 26 47 69 63 29 52 95 96 8 9 76 9 30 88 93 4 72 49 70 61 63 82 60 96 88 66 35 51 51 36 43 16 59 92 82 62 23 98 27 13 84 42 23 12 89 31 73 15 45 74 88 2 91 3 57 61 59 12 32 99 22 60 55 41 4 86 32 59 83 83 32 32 76 71 92 79 72 32 91 53 58 44 44 33 84 64 40 22 38 68 94 74 18 20 13 50 40 40 70 68 2 15 77 14 72 69 15 51 28 69 89 57 88 65 11 65 85 55 34 53 91 62 76 37 72 100 10 54 38 87 53 36 90 100 24 54 63 91 25 85 83 11 82 46 33 77 34 7 72 7 46 70 65 31 94 4 79 57 71 68 
19
106 129 175 57 162 25 37 55 105 47 99 46 158 115 87 56 1 81 7 
8
40 121 81 7 163 76 66 26 
10
169 145 21 118 11 25 83 119 81 131 
18
132 172 35 20 98 99 32 58 80 91 138 63 125 150 145 25 56 18 
11
161 67 164 20 49 158 166 79 99 3 118 
8
9 101 5 62 173 105 96 28 
17
96 172 88 90 171 38 77 36 173 106 61 112 119 78 71 149 83 
3
157 106 4 
18
109 111 72 107 175 16 27 67 146 35 41 49 127 77 76 47 37 164 
17
21 23 123 103 72 102 174 42 126 167 73 118 112 114 99 154 75 
16
36 135 108 121 70 142 164 100 146 129 131 163 48 119 175 133 
13
109 90 94 155 67 172 136 115 74 134 63 35 124 
16
74 46 33 116 107 166 32 114 26 150 30 127 75 175 13 73 
5
42 28 8 157 36 
8
80 45 162 23 122 35 81 26 
17
48 39 135 124 95 137 66 6 19 58 44 166 1 37 65 141 7 
20
49 118 128 99 35 174 167 91 86 76 170 55 84 93 23 136 152 104 126 66 
16
130 129 96 78 82 115 73 90 117 126 65 3 160 61 167 15 
11
68 128 53 108 51 148 145 171 98 85 88 
16
13 37 119 159 88 69 19 158 17 115 121 131 153 104 58 102 
18
15 93 90 28 163 155 53 96 2 117 64 175 69 61 54 167 151 12 
9
165 53 47 94 52 32 168 162 86 
8
117 36 165 114 5 21 77 14 
10
159 174 143 80 145 57 89 63 66 74 
13
51 166 48 138 93 169 52 142 34 43 91 112 164 
11
44 25 34 143 60 27 66 42 81 108 10 
18
154 35 34 148 38 43 132 106 41 51 120 169 107 119 109 159 46 8 
3
21 84 6 
20
90 52 20 121 16 112 119 13 160 12 166 36 133 9 170 23 150 7 168 82 
3
45 47 15 
11
159 162 136 30 173 50 92 96 134 156 87 
10
35 47 68 87 74 155 65 94 17 49 
13
54 98 8 59 72 175 26 131 100 5 63 155 128 
16
165 153 74 168 97 6 164 121 37 17 170 142 44 35 34 54 
5
86 164 168 78 10 

