100 20 
3
79 33 61 43 93 59 52 54 30 68 88 36 47 61 73 32 66 62 34 63 58 6 79 85 35 2 94 92 79 90 95 11 95 57 41 92 61 42 97 96 42 88 4 95 56 42 87 1 47 76 20 46 100 6 31 15 83 60 29 29 49 97 40 60 18 30 64 44 64 51 15 88 17 53 35 24 38 49 71 100 74 21 73 82 59 36 61 52 75 28 57 41 25 98 21 30 74 18 91 25 
21 44 45 46 99 21 38 83 7 14 80 28 36 1 27 57 56 5 66 16 82 3 28 45 43 70 81 3 84 6 67 48 1 71 1 100 69 62 81 84 9 28 19 6 94 44 29 8 53 13 92 44 22 74 63 26 79 99 97 34 55 67 52 68 89 43 98 92 23 27 27 39 26 59 4 68 64 35 36 51 83 39 10 94 80 28 57 97 13 10 54 66 73 4 73 43 78 93 72 41 
87 16 62 93 3 91 85 78 11 23 91 97 56 17 92 52 81 31 40 62 79 67 90 82 47 19 24 83 63 7 99 9 68 1 26 58 100 72 19 90 63 77 48 27 77 26 77 72 30 29 74 9 40 28 88 39 15 15 91 34 42 45 90 45 13 77 23 60 62 45 52 100 64 10 22 31 3 61 40 76 86 21 72 89 72 52 14 69 20 84 23 4 27 13 82 27 4 68 23 91 
9
15 30 90 45 5 55 1 50 60 
18
40 13 47 30 42 71 93 59 44 79 89 84 45 34 10 17 62 24 
2
8 37 
20
42 3 99 87 59 78 32 57 9 55 24 15 44 83 29 56 64 2 11 12 
2
53 43 
16
80 2 64 61 42 3 1 93 96 39 73 76 78 89 38 23 
12
29 59 67 25 33 26 78 54 87 3 44 52 
12
87 36 95 13 48 68 23 58 74 25 96 39 
4
81 45 83 80 
4
35 39 48 59 
20
15 51 74 91 99 31 66 48 96 70 23 92 83 56 7 5 42 25 29 39 
2
34 41 
20
73 64 55 99 96 15 3 100 84 53 89 39 61 67 90 24 62 79 93 40 
9
12 69 66 59 71 40 4 3 36 
3
65 56 85 
2
72 94 
2
3 60 
7
58 57 18 50 53 60 30 
16
74 18 42 10 71 33 13 44 99 31 22 83 91 47 63 65 
4
8 96 16 97 

