175 35 
3
2 51 50 61 62 60 13 13 95 68 24 66 21 97 26 46 49 7 35 67 18 69 35 61 36 43 10 29 91 52 90 90 7 14 46 38 81 93 35 1 53 20 88 61 25 44 3 98 46 10 31 18 41 40 32 20 37 35 38 48 13 62 94 66 84 91 66 41 23 77 5 21 23 82 100 36 47 84 15 72 74 27 27 17 47 84 40 73 22 27 87 96 5 26 44 96 11 43 2 79 87 33 73 31 33 33 62 26 79 49 85 4 62 85 78 99 49 20 89 6 6 58 77 72 8 6 57 36 8 90 68 44 99 22 64 100 54 76 51 87 75 39 36 19 87 3 35 71 89 24 74 56 10 42 15 54 47 55 77 5 40 57 63 9 97 38 30 77 24 81 89 70 27 87 77 
38 4 48 14 70 18 3 63 28 50 94 87 52 41 72 83 18 47 38 31 10 88 96 71 20 42 35 10 25 24 5 23 13 54 65 74 95 78 14 55 97 86 64 51 67 31 21 85 65 43 7 18 18 30 9 13 42 27 68 66 34 15 59 61 7 28 71 94 22 71 29 11 80 51 21 48 31 69 50 22 61 78 62 87 70 97 32 40 86 9 87 43 93 26 11 12 45 6 35 44 91 28 99 74 75 62 5 76 38 98 49 50 21 56 5 24 80 35 50 7 56 24 94 66 14 81 80 95 24 18 11 40 35 91 32 8 46 94 75 67 96 15 79 15 24 34 82 9 70 44 78 83 11 29 47 77 10 57 11 53 68 15 74 88 96 26 10 28 38 30 60 44 27 73 5 
19 6 61 31 77 90 78 54 6 88 23 85 88 64 34 92 54 19 67 52 75 28 100 77 10 48 93 98 38 96 52 52 36 84 24 97 64 71 51 36 60 91 23 91 74 99 69 60 53 92 74 43 19 72 92 24 41 72 26 20 99 66 3 89 6 1 89 84 85 27 64 44 69 80 61 40 34 69 56 31 50 90 51 73 85 62 26 49 22 96 8 50 47 59 27 31 28 17 60 17 84 10 96 74 100 100 67 71 37 21 92 71 83 12 27 40 5 31 15 33 97 28 74 89 93 28 99 85 78 59 11 92 45 87 70 71 33 20 41 68 26 78 34 92 89 85 68 36 77 87 5 18 35 74 4 73 42 32 42 73 98 92 96 40 40 12 76 78 63 36 93 73 13 24 76 
18
58 168 144 137 26 45 12 143 2 158 157 119 67 6 44 40 22 127 
13
25 11 145 40 108 135 37 133 102 89 78 146 38 
8
138 171 19 82 149 44 110 87 
5
96 169 4 119 50 
16
64 170 127 175 109 150 162 110 160 131 135 53 28 112 166 50 
7
77 11 107 160 159 12 170 
6
14 91 155 13 175 93 
19
4 168 137 55 139 159 44 145 166 97 111 91 88 76 133 3 114 69 20 
16
45 23 40 11 146 161 8 102 51 12 137 49 10 156 175 163 
18
59 69 143 93 9 170 38 92 10 82 50 87 24 72 166 173 158 123 
5
76 7 134 54 120 
12
52 117 77 58 48 149 3 38 128 82 133 170 
20
86 155 11 38 169 65 130 168 135 147 129 39 170 171 23 153 59 32 163 8 
20
12 137 24 68 53 166 16 160 168 40 107 116 92 35 113 2 118 153 5 26 
13
22 75 152 146 155 35 88 15 7 170 13 59 21 
16
152 25 85 109 148 32 49 84 93 101 56 18 118 61 4 111 
3
35 10 14 
12
8 52 58 108 78 116 157 173 156 60 80 153 
19
17 95 27 137 1 97 41 148 115 78 116 16 69 128 66 171 110 49 30 
2
25 103 
14
137 128 159 139 154 116 174 100 59 21 40 145 157 156 
15
36 72 7 135 133 163 56 136 152 13 166 76 1 117 124 
16
116 101 71 70 167 23 54 139 91 156 74 22 24 111 86 35 
8
51 22 92 95 140 38 157 67 
4
67 73 158 78 
2
171 46 
9
155 40 83 35 107 44 28 39 32 
16
10 35 47 117 66 115 147 15 106 107 54 159 69 110 11 7 
3
26 93 96 
10
83 144 115 109 165 74 117 120 174 102 
15
107 133 50 153 94 21 156 142 16 96 78 95 172 51 56 
10
104 115 38 128 131 10 98 145 56 120 
7
26 174 175 53 156 27 39 
12
141 172 77 137 46 107 132 159 73 94 106 168 
12
113 162 80 142 155 102 70 139 122 69 68 53 

