175 35 
3
61 100 73 89 17 82 79 26 77 55 89 7 64 80 66 31 42 31 29 4 81 65 19 33 47 51 9 37 28 14 30 86 29 69 61 20 98 94 83 22 16 81 61 3 4 50 33 11 94 64 8 82 40 26 72 9 50 11 22 2 29 63 89 58 95 25 2 41 41 72 12 54 59 98 77 60 36 84 35 76 65 83 69 17 99 36 17 43 94 83 86 47 83 25 36 60 93 11 78 40 69 31 37 25 74 78 15 12 44 82 79 79 100 69 90 40 79 93 56 86 13 12 50 91 68 56 8 13 71 4 64 31 67 38 21 35 54 52 43 66 42 35 69 11 96 59 86 58 88 19 7 7 77 60 22 27 7 50 94 76 83 45 1 22 53 31 87 82 88 85 16 22 32 47 26 
96 85 13 49 89 50 24 51 31 76 41 39 73 20 36 65 66 16 72 48 32 94 59 39 57 96 13 47 18 25 1 13 81 40 77 62 58 100 2 62 66 68 71 56 77 25 15 18 31 34 61 94 42 91 84 35 84 23 39 27 90 77 27 83 28 79 41 6 45 57 17 44 23 1 85 51 55 71 56 86 100 9 9 73 37 55 91 59 90 47 81 56 30 18 16 98 46 78 96 31 10 49 38 49 29 55 61 60 47 20 59 21 2 41 42 90 63 98 21 60 73 74 34 33 99 79 93 73 67 61 64 38 62 86 36 25 69 54 35 56 36 100 27 5 37 24 13 61 32 50 11 72 87 78 16 52 94 48 19 23 77 11 4 58 23 39 33 51 91 35 19 2 24 70 57 
35 79 24 45 70 78 67 92 19 57 46 59 61 85 97 65 69 16 90 29 46 28 54 58 68 24 51 24 85 29 73 34 55 13 20 49 32 41 23 84 37 85 2 37 65 98 95 75 50 15 57 10 19 81 61 63 62 34 3 45 26 28 36 35 4 63 21 36 100 64 94 91 69 11 69 17 15 55 92 40 25 63 68 71 32 4 97 66 28 95 55 9 17 73 36 43 25 26 46 7 90 33 65 34 33 96 32 57 72 54 57 24 20 7 13 62 82 93 92 79 30 40 15 72 54 46 84 44 87 38 88 13 4 49 45 45 36 77 59 54 36 25 74 19 65 17 22 98 67 19 60 98 47 10 39 55 91 35 69 23 23 31 26 43 62 28 78 67 98 69 78 63 33 27 25 
12
133 108 12 154 68 47 145 19 129 74 77 44 
5
37 50 172 73 151 
7
158 106 119 163 10 19 40 
17
14 119 9 88 145 83 113 137 95 77 165 106 57 173 43 121 68 
17
15 3 175 52 10 12 149 70 44 123 92 80 83 49 113 94 163 
12
174 121 79 40 153 59 100 159 146 169 15 89 
15
115 117 33 76 82 106 131 110 92 61 51 163 42 12 155 
17
160 98 143 114 162 126 56 4 26 5 108 144 110 93 131 121 152 
3
169 172 174 
8
24 45 19 115 169 149 168 42 
20
112 113 22 173 147 15 3 11 90 32 28 168 159 166 172 20 42 171 64 108 
2
43 166 
16
46 158 10 35 43 125 109 56 1 11 90 126 162 105 20 34 
11
148 2 104 162 105 139 80 152 159 86 72 
3
17 115 173 
3
117 19 156 
17
138 125 7 130 29 40 44 111 39 98 175 50 102 1 77 32 36 
12
137 123 134 155 148 147 165 140 4 98 54 113 
17
75 8 120 11 57 93 80 20 10 72 97 56 115 21 66 125 73 
12
135 163 79 116 90 105 104 125 153 24 16 139 
12
74 115 143 141 64 142 91 11 169 56 72 112 
11
68 115 138 143 15 41 19 79 49 161 165 
20
109 137 37 139 155 27 51 86 140 49 131 63 18 164 57 38 8 47 64 104 
3
132 172 146 
20
72 14 98 36 82 37 133 41 120 130 68 114 168 128 167 140 162 127 136 76 
16
45 104 114 30 68 11 133 41 138 139 81 54 132 76 129 118 
10
109 171 105 14 23 157 121 126 119 30 
16
67 112 60 102 119 86 122 117 52 15 30 90 175 171 5 20 
4
126 150 36 43 
6
119 166 19 53 15 114 
2
106 89 
10
146 131 15 9 78 13 157 113 8 63 
10
14 175 52 122 51 117 41 130 4 26 
17
161 142 20 48 3 11 61 71 81 54 75 58 46 132 74 79 45 
4
102 23 155 45 

