150 30 
3
100 63 88 52 41 36 31 13 78 56 36 78 94 84 8 15 61 80 28 36 82 66 51 86 84 77 90 56 90 89 94 85 31 96 66 16 60 68 86 95 39 44 88 20 11 11 3 85 39 30 71 22 2 89 30 48 77 29 94 24 58 96 32 65 57 40 62 19 81 44 8 54 52 65 37 68 62 80 25 100 54 18 3 39 25 69 24 11 25 7 45 33 64 11 10 75 30 14 32 40 15 84 91 3 14 67 17 17 11 95 19 47 87 6 40 66 34 27 72 58 17 30 34 58 63 52 54 6 49 76 5 73 17 60 39 39 38 84 15 65 72 23 47 57 73 44 65 14 29 46 
14 89 34 11 50 84 51 47 35 71 5 29 96 86 84 100 25 92 3 94 11 27 79 68 12 30 53 26 90 73 63 5 10 77 99 40 65 31 58 57 97 99 94 1 32 75 40 17 85 67 33 51 36 74 63 80 67 87 91 23 34 57 37 96 12 38 39 43 64 28 10 58 5 59 66 51 51 25 17 41 10 70 82 74 28 76 88 74 88 86 79 90 32 65 90 84 89 29 82 30 82 50 89 2 23 48 88 66 10 14 47 47 46 76 77 65 17 24 77 99 42 44 24 58 32 82 82 49 55 35 49 40 44 75 2 55 79 21 21 16 33 34 73 5 22 8 38 84 21 71 
86 42 26 67 79 20 96 30 5 35 49 76 54 69 14 81 11 62 8 38 58 96 30 67 74 91 33 48 79 9 76 23 72 28 53 30 33 72 60 99 19 61 27 22 24 36 31 56 60 48 40 25 85 44 2 73 8 11 6 33 42 37 59 90 73 74 32 81 27 28 11 45 6 30 78 80 19 5 47 30 95 72 88 37 58 33 96 67 63 2 77 38 79 71 90 42 40 91 91 7 87 16 85 28 51 81 90 70 70 91 31 8 19 85 57 17 46 100 62 24 4 46 63 36 50 34 41 77 100 39 97 40 61 2 41 9 45 11 74 93 43 97 68 64 95 15 28 39 28 71 
19
122 115 119 101 139 39 44 29 76 64 145 137 147 90 31 52 34 17 114 
3
54 126 137 
18
71 91 17 149 85 95 80 89 63 81 132 144 117 121 112 35 103 120 
20
90 39 14 150 130 8 36 110 128 86 6 125 64 27 66 5 68 2 40 83 
3
64 59 72 
9
88 120 66 28 140 125 68 60 30 
20
9 57 62 54 90 89 80 104 47 58 145 148 121 143 84 8 86 142 106 126 
14
130 78 92 6 21 55 28 150 115 31 147 108 137 52 
10
31 16 144 146 112 58 28 102 57 61 
16
147 97 80 19 9 70 104 10 148 45 1 66 149 78 109 128 
3
63 77 56 
17
32 18 64 12 16 10 89 70 128 106 2 135 95 125 11 20 96 
7
88 117 116 113 143 49 107 
5
86 76 65 9 67 
11
115 138 107 129 147 131 130 30 82 7 122 
9
20 76 52 97 23 66 13 86 75 
18
52 109 129 30 106 70 112 88 67 141 132 74 127 40 91 33 18 32 
10
97 54 2 27 36 14 110 18 101 5 
18
4 121 148 104 34 7 17 149 25 29 3 127 85 75 52 40 53 95 
13
12 60 143 79 56 22 76 119 104 34 19 23 91 
20
140 73 142 115 101 149 145 129 11 13 59 125 65 16 61 89 71 27 15 37 
8
57 31 120 28 85 116 121 44 
18
108 23 69 90 104 25 56 111 20 120 6 58 99 28 146 88 80 57 
2
4 136 
14
113 143 25 58 4 5 49 102 1 66 34 41 31 80 
18
123 2 19 22 43 125 95 5 38 63 26 140 129 44 126 103 146 64 
11
49 37 20 134 75 36 7 83 43 145 91 
17
140 54 45 32 67 84 143 3 22 133 87 149 69 88 44 136 33 
15
2 142 115 150 5 9 63 144 30 79 95 116 28 16 70 
2
68 23 

