100 20 
3
26 50 55 75 69 28 43 68 59 8 64 88 70 93 7 25 31 35 25 41 89 64 1 100 36 31 42 2 40 44 77 35 36 16 68 55 63 7 91 5 4 47 99 37 41 88 25 39 36 31 87 74 3 1 21 1 41 66 53 66 87 22 73 65 64 96 43 95 84 100 34 7 96 10 100 15 73 39 79 59 35 39 10 61 16 64 23 19 33 6 68 1 74 27 87 1 77 67 97 29 
25 8 74 6 31 36 35 56 83 99 94 66 100 41 66 88 86 61 48 30 56 84 95 80 16 49 59 21 1 71 67 38 37 55 99 21 90 68 66 71 73 12 52 88 14 75 15 49 91 27 100 76 22 28 87 97 76 27 46 78 60 72 30 79 39 13 71 47 51 32 10 42 12 16 67 6 73 64 88 30 95 92 100 58 17 89 28 44 92 8 100 3 6 41 57 97 46 99 84 5 
26 50 72 68 14 88 47 88 16 62 67 70 20 63 83 53 13 28 56 72 39 95 60 48 56 41 47 76 29 35 41 62 83 78 34 63 51 77 10 48 56 14 42 85 34 11 8 59 31 69 44 62 27 3 26 90 55 90 5 43 62 2 81 16 100 44 81 96 80 99 79 81 98 78 80 100 56 97 86 58 4 9 52 15 83 4 26 70 67 63 26 40 60 32 27 50 71 55 58 39 
16
25 46 42 54 35 1 53 5 90 34 82 14 59 72 32 71 
20
82 22 1 26 50 40 88 71 100 34 98 44 14 59 7 20 74 43 23 95 
3
60 5 92 
12
56 35 77 62 8 27 95 31 61 36 21 55 
8
98 7 95 55 65 69 8 44 
10
71 46 45 86 33 70 55 82 6 53 
7
64 14 71 78 49 52 18 
4
13 30 95 82 
6
91 93 89 69 5 75 
12
20 62 94 82 35 3 8 14 88 68 15 57 
10
22 24 90 4 63 45 38 81 48 83 
9
12 83 31 29 21 94 14 78 4 
19
52 58 47 82 56 94 41 59 80 44 37 64 53 62 90 74 42 15 27 
15
7 75 69 14 80 2 4 42 20 3 12 28 98 43 93 
11
84 13 91 27 66 73 37 17 1 26 51 
8
10 66 52 94 22 92 19 40 
3
72 25 23 
11
1 21 31 77 6 19 61 87 7 46 58 
18
12 24 64 18 5 46 58 14 95 96 75 45 82 62 52 6 3 42 
7
80 26 97 8 87 50 11 

