150 30 
3
16 71 95 3 31 51 13 2 59 2 14 37 76 95 47 93 64 94 44 15 54 11 4 80 24 94 26 32 85 50 60 72 37 93 65 93 49 3 41 83 72 26 5 53 5 91 11 96 57 93 82 73 20 31 56 94 93 77 21 63 81 25 1 99 79 21 90 2 60 45 51 89 5 78 55 47 32 95 51 45 99 5 76 35 58 79 43 49 69 97 98 67 51 93 71 95 1 4 37 9 47 63 20 48 84 58 41 33 17 10 69 17 36 63 2 62 33 7 21 85 38 37 55 93 55 90 9 76 88 9 25 81 95 57 25 38 45 82 11 54 66 23 71 36 82 42 32 58 53 18 
58 66 51 67 77 89 41 27 76 50 97 55 84 29 28 15 100 32 77 45 86 12 95 44 48 63 4 68 68 79 32 58 83 77 96 11 54 90 85 19 56 32 72 93 5 92 98 75 71 77 86 61 23 20 86 66 80 26 11 6 24 47 86 79 46 84 58 19 79 96 7 1 61 67 49 10 45 46 14 32 84 22 51 53 78 92 100 42 61 65 89 22 47 21 57 94 16 38 33 74 97 26 76 96 36 94 99 45 76 62 77 32 62 100 19 8 11 32 59 63 85 95 84 7 39 56 18 64 91 26 51 26 84 84 99 84 20 27 10 69 98 7 55 66 67 93 28 23 67 92 
51 12 65 13 6 61 94 94 77 25 6 22 84 61 71 51 74 8 85 54 35 94 40 20 41 73 14 71 98 5 82 6 93 28 72 15 32 79 84 70 86 49 32 42 23 87 97 60 67 14 65 16 55 50 46 67 59 45 29 48 21 96 5 23 56 66 45 77 80 37 21 79 33 17 78 9 81 8 76 49 74 94 18 73 84 87 64 54 99 22 85 94 95 42 43 79 12 89 54 60 10 61 40 63 3 26 41 95 78 14 24 74 75 1 65 71 29 63 33 71 87 47 34 79 56 33 28 8 17 99 20 36 45 41 51 83 5 48 33 32 30 73 83 40 19 79 41 23 39 70 
17
24 128 140 7 125 76 88 143 123 104 21 28 61 124 30 2 53 
20
90 22 137 117 13 37 34 28 145 20 134 140 10 94 102 52 78 144 88 30 
2
96 18 
16
11 128 59 91 71 137 102 45 92 17 140 113 103 40 82 115 
10
45 32 130 77 76 135 16 141 91 7 
10
149 21 27 59 72 114 2 5 89 33 
10
27 11 76 90 124 57 85 128 4 101 
2
42 33 
9
52 102 103 54 78 22 84 3 129 
13
80 30 53 79 90 88 103 94 141 8 76 75 113 
10
19 61 45 5 118 49 15 126 86 137 
11
126 83 56 100 82 127 74 133 28 134 1 
10
133 90 130 81 102 51 48 149 63 75 
10
22 150 33 100 31 125 69 135 32 62 
13
106 138 89 34 109 85 14 105 120 129 25 20 62 
20
90 81 116 106 118 12 53 114 115 120 126 83 58 85 141 78 22 7 14 56 
10
64 70 88 25 54 146 145 141 17 24 
17
67 130 48 71 86 24 114 72 85 132 122 47 92 74 2 123 142 
7
81 96 68 121 53 47 76 
9
66 78 64 4 125 88 94 71 48 
14
67 121 88 149 4 2 57 129 27 141 20 39 134 142 
12
85 133 80 127 142 34 122 67 36 145 98 28 
2
71 102 
17
31 92 97 64 66 2 80 36 94 150 55 149 32 135 60 77 41 
3
117 44 85 
14
27 42 138 133 87 61 123 62 104 68 4 148 38 150 
7
72 33 149 135 67 145 46 
13
18 84 33 14 57 112 77 95 88 20 70 100 131 
19
63 3 117 50 71 104 64 107 4 57 121 124 45 22 31 29 12 115 148 
19
130 79 82 103 72 80 98 32 68 140 94 106 102 64 134 83 30 127 101 

