150 30 
3
79 22 88 47 100 63 86 30 83 64 98 63 63 98 13 52 62 56 47 58 76 72 18 6 100 45 22 43 78 28 49 25 24 24 40 98 73 32 100 77 90 33 82 5 14 41 64 37 80 81 50 55 41 69 50 59 48 9 20 42 69 29 41 27 86 67 21 99 46 93 69 34 45 87 13 79 17 28 44 2 45 50 20 22 86 95 62 16 51 91 80 35 42 93 70 61 38 34 3 71 34 87 95 99 3 12 81 11 64 95 78 1 86 74 37 60 25 37 66 30 36 70 11 25 25 32 73 79 41 99 88 37 2 38 59 73 72 27 73 10 65 89 14 53 73 67 12 71 63 96 
22 51 11 62 65 38 100 6 12 46 25 60 70 4 50 76 94 34 66 77 77 63 51 100 4 99 58 6 14 67 68 83 19 50 86 29 23 92 61 64 22 86 42 74 49 28 52 24 45 6 83 53 13 85 32 69 53 44 24 76 83 28 28 82 39 58 19 77 42 99 67 20 26 87 57 8 97 6 79 93 56 13 64 93 42 89 24 55 33 58 47 20 69 39 86 24 13 48 35 31 78 64 16 18 20 23 8 48 95 38 91 81 81 99 92 89 27 2 63 47 1 7 48 44 4 20 33 78 42 58 22 98 42 52 11 29 36 22 68 62 69 100 86 76 86 6 41 94 75 99 
86 80 93 57 89 37 55 50 59 80 46 11 36 95 88 95 12 22 35 30 57 14 87 71 69 20 86 37 84 65 95 12 78 83 88 22 34 37 44 29 29 63 30 13 39 93 19 87 98 23 33 65 64 96 83 56 52 57 70 6 27 62 7 4 62 9 14 51 53 64 11 93 17 21 11 23 78 59 11 81 16 1 90 68 95 14 13 20 35 74 40 17 29 69 85 59 52 93 39 9 75 56 60 85 97 39 90 52 32 21 18 56 8 44 18 86 29 49 9 33 71 84 62 36 70 53 7 60 26 44 82 4 23 4 6 53 96 2 38 3 16 11 48 92 4 74 78 32 72 2 
14
113 32 103 114 98 117 112 121 77 145 135 7 116 111 
9
41 91 147 125 112 119 18 79 150 
2
26 135 
4
3 87 122 113 
9
15 28 126 80 78 147 101 12 116 
4
143 55 126 61 
12
11 64 119 147 24 46 109 61 41 110 74 25 
13
25 118 56 73 149 57 65 14 5 41 38 141 138 
3
87 111 149 
14
86 129 1 93 51 60 110 4 149 9 68 37 123 107 
5
7 57 150 14 72 
3
110 78 53 
15
7 109 133 101 96 30 21 80 63 3 66 95 114 55 31 
11
80 2 108 115 106 40 148 65 44 34 22 
9
103 48 94 127 47 7 67 134 143 
9
124 6 23 145 143 76 32 104 35 
13
85 17 115 147 111 32 97 8 66 56 69 105 123 
7
47 119 133 115 145 55 38 
18
5 94 90 118 6 115 150 51 53 97 11 121 45 7 3 14 58 141 
10
82 5 148 149 78 11 103 89 35 136 
18
137 96 115 60 130 117 52 124 45 138 64 27 68 150 46 109 101 48 
19
22 71 6 38 21 10 119 144 113 126 92 19 30 109 84 61 129 82 47 
15
135 141 80 124 19 119 11 29 49 74 132 55 9 60 147 
7
67 47 140 13 2 71 43 
17
96 33 76 133 149 50 130 78 81 112 80 100 29 120 13 7 139 
8
42 58 46 7 35 23 139 146 
16
76 108 6 93 95 79 50 97 28 134 140 62 126 11 38 119 
16
90 78 71 142 31 113 89 34 100 123 105 88 53 150 91 92 
9
12 91 50 31 150 79 45 19 144 
19
119 9 116 33 123 62 136 70 127 112 28 34 115 60 103 57 17 40 142 

