100 20 
3
56 16 61 28 76 85 87 25 24 53 70 96 3 24 82 87 82 34 4 26 78 100 97 34 62 85 75 67 50 22 28 19 18 8 99 77 70 16 80 48 39 89 10 41 5 62 44 7 43 33 64 35 11 22 55 94 48 56 60 77 20 4 77 34 57 87 28 59 25 78 75 36 17 42 52 36 23 33 99 24 37 24 72 17 48 18 65 39 65 28 9 50 19 77 70 35 92 21 6 92 
25 80 25 25 23 92 18 67 69 36 30 73 2 57 82 95 11 7 49 31 81 16 88 29 69 73 61 6 83 20 84 48 29 71 11 1 24 54 63 57 72 59 70 34 47 99 22 2 39 11 69 61 61 31 69 82 27 83 68 44 27 74 41 95 59 80 7 20 36 33 79 18 76 87 96 75 87 77 45 87 87 52 31 25 42 65 93 60 83 59 77 9 14 60 5 73 76 40 9 71 
69 89 53 1 4 75 80 57 31 34 61 80 59 39 10 19 1 21 75 82 29 56 66 88 46 77 77 82 87 98 30 80 15 83 63 20 61 28 72 50 39 8 51 24 23 1 35 54 53 29 23 84 36 57 27 23 16 24 76 15 91 56 37 3 81 96 84 21 87 97 72 81 62 66 10 52 52 34 32 51 35 86 94 23 36 24 30 54 1 3 89 79 89 61 82 15 56 54 10 62 
15
57 46 98 27 63 36 34 48 45 11 75 22 25 81 69 
12
90 43 80 54 48 95 46 92 51 76 59 66 
8
2 7 56 89 17 78 20 95 
15
36 96 19 30 26 41 39 52 14 78 28 40 53 73 21 
18
17 60 13 4 3 61 11 98 34 80 55 67 49 28 48 39 47 82 
11
72 99 30 98 82 71 68 79 59 95 62 
6
65 64 43 73 93 7 
5
78 28 94 99 84 
19
37 86 41 94 45 44 12 21 68 58 1 4 38 5 2 56 30 62 60 
20
12 59 42 86 76 27 82 16 99 91 15 63 68 92 31 28 10 26 43 13 
16
88 48 17 44 36 91 83 34 39 98 8 37 55 38 62 99 
18
73 92 57 76 61 80 63 43 39 15 30 49 55 11 81 42 33 87 
9
76 39 61 50 52 35 88 58 12 
4
17 37 39 45 
8
16 60 62 30 18 29 45 64 
18
99 57 1 91 84 29 22 61 93 62 77 33 21 5 73 6 90 50 
9
100 97 29 25 54 76 9 1 91 
6
26 34 72 55 76 32 
8
66 22 87 70 75 39 1 84 
9
75 22 59 21 40 26 18 69 2 

