175 35 
3
43 17 14 9 1 33 67 21 43 31 57 86 25 74 61 67 15 74 27 88 86 82 18 95 33 6 94 73 42 6 85 52 93 26 80 21 25 35 12 92 10 87 41 62 59 78 45 96 79 56 17 5 79 82 54 52 81 30 18 73 52 62 55 35 36 35 6 82 83 43 38 16 29 41 49 66 96 73 80 90 20 88 29 33 56 7 54 4 89 73 48 49 65 84 27 95 73 18 80 16 51 89 45 60 68 97 60 73 11 56 28 14 68 5 100 29 34 58 50 68 22 29 10 68 36 2 71 26 60 80 3 93 15 47 44 67 5 33 17 95 9 5 40 46 67 73 74 10 2 36 13 1 82 91 67 46 81 14 15 43 87 39 70 5 63 18 55 56 6 47 71 21 99 73 66 
82 53 76 79 72 30 67 29 10 86 60 19 17 98 5 20 68 81 35 50 50 79 77 63 79 27 80 88 13 98 14 81 8 28 5 86 37 77 57 50 16 51 48 99 30 8 87 45 48 12 50 79 73 74 62 22 66 12 87 94 88 3 59 94 66 9 2 11 93 52 26 91 31 86 18 59 88 91 7 40 78 76 91 73 22 28 55 90 21 39 41 88 12 19 83 59 60 25 36 89 48 48 1 41 67 35 50 10 33 11 7 16 34 12 41 5 72 11 57 49 88 54 5 52 66 78 8 79 81 17 26 98 8 28 25 75 93 73 73 23 24 82 24 21 13 15 60 94 3 32 7 25 89 86 79 36 52 95 80 34 26 99 20 43 43 25 64 14 95 44 88 61 65 26 73 
22 64 2 52 16 20 58 76 60 64 87 37 66 85 8 16 24 35 55 91 7 39 21 58 44 27 1 32 89 36 87 43 67 40 80 13 57 46 29 37 45 73 82 78 5 46 60 37 17 98 81 9 90 89 75 41 39 82 26 13 98 55 41 45 79 22 80 34 30 68 17 61 82 100 46 36 98 35 7 75 11 72 46 97 21 22 94 23 69 70 34 18 61 66 31 56 81 62 34 76 5 99 64 65 100 87 36 91 61 51 3 51 62 21 76 89 77 40 83 21 30 96 69 64 14 65 46 56 74 84 48 79 49 86 92 23 48 89 94 58 1 56 72 45 100 22 51 83 55 87 76 46 4 30 12 19 38 15 35 91 32 47 80 90 51 35 65 90 78 96 66 38 72 26 6 
13
103 172 69 83 173 86 26 135 116 100 161 156 169 
9
25 98 41 159 175 104 111 140 21 
18
84 126 141 136 125 8 38 72 171 114 49 65 97 146 12 7 42 157 
11
59 111 57 80 174 87 125 115 35 103 51 
10
84 101 57 61 68 21 113 78 59 121 
17
88 56 41 3 113 53 98 125 82 138 81 73 137 174 55 155 64 
5
47 3 30 52 85 
2
126 164 
14
15 92 22 1 61 94 149 53 8 136 170 124 130 86 
11
136 135 138 123 28 88 26 12 111 106 78 
17
44 2 121 46 136 70 40 57 8 28 88 87 131 79 96 15 73 
8
9 87 166 48 128 119 122 8 
10
84 22 101 163 112 93 7 78 79 17 
9
103 107 56 8 145 136 170 165 34 
15
63 71 25 24 14 80 2 123 159 29 116 88 31 148 42 
14
165 2 20 84 133 93 64 37 43 91 15 151 16 34 
11
149 50 152 70 30 71 2 9 142 47 150 
17
50 172 28 92 169 128 8 17 155 164 156 166 143 95 160 22 148 
4
114 107 125 99 
14
37 60 97 10 146 129 69 145 92 41 86 61 73 175 
14
59 125 153 86 104 140 113 170 105 18 49 117 28 27 
18
14 10 62 51 64 15 147 134 7 65 125 42 93 100 123 111 157 160 
20
3 97 20 59 69 132 173 37 49 70 137 105 91 16 31 66 134 135 100 55 
8
71 60 95 147 78 14 110 25 
3
15 26 57 
10
168 153 170 87 10 73 68 133 102 18 
18
143 31 137 27 134 55 107 17 151 32 136 93 157 57 67 133 135 6 
12
87 24 146 73 61 42 30 167 100 81 45 140 
18
37 27 56 147 97 100 20 118 92 81 3 22 46 69 78 145 55 14 
19
164 39 124 13 56 143 95 90 5 130 129 114 115 44 119 145 137 79 151 
19
118 56 28 138 31 159 38 80 33 1 158 98 46 160 51 36 77 171 94 
3
163 29 73 
15
113 31 128 171 124 104 100 18 12 43 19 166 138 115 5 
11
19 150 120 41 5 31 63 39 156 130 10 
7
94 83 15 71 44 81 135 

