150 30 
3
83 38 18 28 68 16 91 91 77 75 23 68 26 29 99 75 42 52 5 19 98 67 36 69 96 4 5 33 20 92 47 9 27 53 56 89 71 1 3 51 16 58 37 87 21 59 44 55 87 97 12 31 12 27 47 18 30 47 97 53 56 36 1 58 60 82 51 39 70 94 45 42 54 70 29 43 13 5 37 58 76 99 65 100 11 80 5 4 7 28 75 56 81 49 30 88 42 67 69 43 33 42 43 11 19 48 46 21 29 54 53 60 93 79 34 48 85 74 62 7 60 78 29 4 71 50 58 52 41 2 98 92 38 53 51 99 51 20 82 49 67 94 3 44 9 80 13 17 93 80 
41 4 93 87 34 85 100 10 93 44 22 26 43 83 94 22 59 85 99 77 31 50 66 21 62 8 28 24 17 14 89 65 44 10 81 99 54 61 26 5 76 56 38 55 54 67 80 73 19 65 26 70 93 57 10 88 73 77 51 33 83 35 94 51 36 68 49 92 7 92 68 43 4 35 29 58 43 61 8 91 61 70 42 7 56 15 64 77 66 50 10 30 5 68 59 55 85 5 66 61 8 12 75 40 87 82 31 5 48 13 14 70 96 99 44 45 23 76 48 1 12 47 98 20 100 4 17 50 72 37 38 94 95 49 71 25 24 86 48 50 79 46 27 33 26 82 3 93 14 1 
26 75 79 66 23 35 10 11 21 5 31 91 66 20 4 57 31 41 34 83 17 19 15 26 67 81 16 38 12 6 33 82 8 33 2 48 25 77 3 69 62 2 31 25 21 10 20 6 38 56 58 100 79 78 49 53 5 77 79 18 34 74 60 65 90 74 20 52 53 99 26 53 69 44 61 98 16 77 10 78 96 52 81 26 40 62 4 23 74 10 65 24 66 47 23 4 38 26 37 93 65 1 45 27 79 13 8 74 23 39 63 33 43 7 29 23 64 40 94 95 46 38 79 89 5 2 96 97 43 70 48 73 35 95 30 69 94 52 47 69 93 26 80 48 36 1 11 21 14 41 
15
128 40 103 146 116 139 20 93 23 9 120 126 42 17 95 
18
66 123 135 92 144 4 47 89 76 72 26 149 83 2 46 39 81 91 
17
13 104 83 70 80 129 101 150 138 53 38 121 63 49 136 51 133 
11
110 38 19 130 83 65 34 77 1 7 21 
2
123 93 
14
60 64 53 4 28 54 29 129 66 7 17 88 11 23 
17
14 10 25 58 73 138 18 64 141 135 32 119 13 79 149 109 33 
10
36 15 132 66 114 4 137 25 95 111 
13
137 45 61 22 75 48 72 76 58 73 60 83 85 
2
47 120 
19
47 64 66 40 50 148 90 143 21 17 45 60 139 59 14 125 33 94 8 
11
56 147 125 82 106 29 24 143 99 115 62 
12
14 90 11 4 129 123 148 15 103 139 130 25 
12
99 65 7 115 38 97 47 24 36 113 14 16 
19
69 121 90 77 26 105 106 39 45 122 81 93 92 8 127 131 21 120 97 
10
35 31 26 85 73 64 41 40 84 62 
9
150 113 103 12 52 7 33 110 96 
20
48 39 130 29 36 38 52 78 93 47 107 53 46 114 126 133 30 83 64 125 
20
131 14 96 114 73 62 75 20 47 116 106 142 104 3 30 143 115 89 144 28 
12
8 148 13 80 106 6 137 65 79 52 141 77 
17
28 52 68 118 109 82 140 150 97 25 66 130 142 113 138 48 128 
11
109 73 139 143 18 39 94 75 58 130 25 
4
139 46 79 97 
14
100 12 103 130 129 38 107 61 71 143 106 15 68 41 
10
124 75 23 31 6 30 113 147 96 13 
5
24 31 121 5 126 
5
150 70 106 83 4 
4
11 41 14 2 
14
102 148 31 77 145 147 1 67 87 41 79 62 113 18 
3
3 140 64 

