150 30 
3
42 56 69 90 41 5 76 68 80 75 19 99 13 21 68 72 51 93 16 96 14 66 37 46 13 74 55 66 73 23 89 79 17 65 58 53 6 94 97 82 87 79 16 5 86 67 63 17 83 75 53 22 73 38 47 40 42 15 78 62 27 91 82 90 78 85 60 8 52 90 81 64 11 78 97 97 44 75 87 56 67 27 11 79 8 85 12 75 72 34 63 7 2 43 74 11 39 98 35 51 48 57 55 98 39 18 46 55 61 63 37 53 63 57 58 30 35 83 1 17 18 75 87 35 100 18 63 42 13 7 38 82 71 21 27 48 87 8 16 32 4 80 98 54 94 78 83 54 37 58 
36 94 34 11 12 50 87 48 31 60 44 23 99 60 22 23 96 77 69 54 48 25 58 77 92 6 65 21 6 28 64 83 60 76 56 67 60 75 63 10 44 69 84 47 74 71 66 52 21 1 64 30 75 4 100 6 6 10 36 38 62 75 58 55 77 18 1 5 45 24 84 71 51 49 9 89 72 67 11 37 81 33 43 42 9 69 55 38 46 90 7 18 25 75 61 82 91 48 57 64 39 79 33 92 72 45 32 52 73 59 30 84 54 84 11 31 5 32 4 55 34 15 17 21 25 68 20 31 3 21 50 72 74 7 87 15 66 30 15 84 94 99 69 35 22 99 71 13 44 29 
22 92 80 69 35 75 18 100 39 94 18 98 93 71 59 42 64 73 33 73 5 81 72 33 52 85 79 37 3 50 96 54 82 48 52 32 34 93 13 81 96 6 52 63 75 31 89 12 60 70 14 17 39 75 30 65 28 59 85 40 61 7 64 5 49 75 17 77 51 99 14 89 100 1 35 40 78 19 58 30 5 76 27 75 88 40 17 25 48 35 30 72 56 62 97 62 62 60 81 30 94 54 9 27 13 20 6 43 82 53 48 72 71 46 63 21 35 4 20 6 45 76 17 55 9 6 27 21 37 60 91 36 35 7 55 70 87 99 92 30 9 87 31 80 25 17 11 45 68 96 
5
59 44 65 48 38 
15
109 49 96 99 134 73 39 34 91 48 55 139 47 142 62 
6
70 41 69 114 112 29 
4
118 114 71 68 
3
111 56 132 
14
141 92 122 113 91 72 35 12 17 24 74 55 110 98 
15
53 61 19 66 59 65 147 132 37 124 68 102 74 105 90 
3
34 65 2 
17
85 146 28 149 150 93 59 46 55 63 114 18 101 48 113 79 5 
2
86 119 
17
123 43 109 127 125 80 10 87 84 66 22 17 95 64 47 42 41 
7
83 58 37 17 96 57 32 
8
84 116 97 36 10 37 65 79 
13
6 75 60 65 76 74 106 30 103 36 115 49 26 
19
94 19 138 81 55 25 65 38 137 71 100 43 14 54 6 21 27 56 131 
18
36 65 47 119 31 62 25 91 117 26 51 56 63 70 137 142 61 19 
20
126 18 61 11 26 86 112 49 83 84 12 133 8 20 150 25 88 135 47 68 
8
112 72 88 99 148 133 65 77 
4
41 106 107 74 
3
13 42 78 
8
13 128 8 5 80 119 4 132 
3
26 68 65 
2
90 26 
2
101 112 
9
74 66 36 65 55 115 23 125 144 
13
36 7 123 19 55 113 51 130 12 48 70 63 46 
4
88 47 52 92 
15
37 113 79 58 12 59 93 144 56 33 135 131 62 83 84 
2
57 107 
15
149 55 119 90 41 101 45 120 129 40 132 81 96 91 70 

