150 30 
3
34 90 39 56 99 40 47 10 51 19 36 22 38 65 40 57 34 51 22 37 2 63 73 98 75 58 31 86 31 28 85 2 64 96 28 76 7 34 63 4 72 31 6 26 61 51 72 83 71 42 76 22 50 35 53 89 23 84 46 69 36 38 75 27 51 52 32 73 74 89 52 83 67 51 48 22 21 11 75 46 74 76 98 77 92 19 90 15 23 58 62 77 12 69 90 67 60 32 9 54 76 85 57 6 58 83 25 23 99 68 54 21 79 54 18 59 78 67 35 80 47 52 68 10 40 25 69 47 14 82 83 91 71 44 65 24 70 60 77 100 41 77 47 61 95 32 44 44 96 54 
64 8 12 48 81 74 11 31 67 90 46 90 18 40 57 27 43 96 56 58 63 38 59 60 24 61 98 47 52 5 2 41 59 98 40 33 22 53 6 74 3 79 36 4 40 38 100 6 70 41 77 21 97 14 58 50 41 42 3 72 30 43 90 57 44 84 98 90 68 100 96 64 73 6 14 68 40 95 9 100 41 90 95 80 97 31 28 16 73 39 65 95 83 15 36 91 66 40 89 14 100 2 39 20 38 19 96 48 1 99 96 17 22 81 60 99 5 78 50 18 34 41 51 1 4 14 29 77 77 6 62 81 34 33 35 25 21 80 86 73 90 69 11 92 19 86 67 69 9 73 
38 9 86 23 73 76 95 26 38 68 40 69 31 79 77 16 17 6 74 39 97 96 5 97 44 45 9 2 42 53 19 99 24 50 52 32 59 83 91 23 62 48 27 99 26 8 63 13 96 68 41 97 60 89 40 61 46 99 16 32 58 66 15 97 9 78 9 40 13 38 9 66 84 61 67 20 38 59 100 100 46 39 11 49 89 25 76 7 59 12 60 27 92 61 35 17 74 54 55 89 87 65 14 27 38 72 46 42 6 25 73 50 15 14 51 96 75 41 66 88 27 45 70 4 38 46 60 75 17 67 42 47 59 31 59 89 23 87 53 21 73 27 33 59 70 54 12 8 75 96 
17
89 45 9 118 69 67 52 47 115 132 112 48 71 117 66 95 8 
19
63 100 124 84 20 47 11 126 120 65 9 16 116 31 6 26 93 87 107 
13
124 122 98 114 66 28 70 63 74 11 75 20 123 
3
61 131 19 
5
100 58 59 137 105 
14
80 49 10 48 118 7 63 116 100 19 101 149 99 87 
19
104 141 35 24 4 47 99 118 91 129 77 7 132 113 98 107 39 49 84 
8
54 89 92 72 77 112 99 62 
20
135 69 29 131 6 43 114 24 50 99 85 105 1 77 25 14 31 132 63 84 
10
148 19 78 113 51 122 145 89 150 129 
12
72 96 55 39 133 67 99 58 110 34 61 42 
5
147 1 123 127 121 
17
37 121 17 102 35 150 32 41 38 133 127 110 80 99 52 40 25 
8
39 113 100 23 9 111 78 83 
17
126 113 66 6 20 36 3 142 147 12 140 150 35 43 89 120 39 
15
39 40 38 74 100 47 61 133 30 8 45 69 105 5 25 
12
113 11 118 27 78 52 125 68 83 135 37 35 
10
90 50 65 139 69 82 129 16 17 5 
4
81 35 111 98 
20
81 13 51 82 53 26 90 70 138 73 34 102 108 104 7 21 46 37 28 64 
12
48 33 88 38 148 111 141 11 3 63 37 82 
16
75 112 19 39 18 66 102 92 145 138 80 111 14 55 130 29 
19
91 92 59 16 97 99 129 29 122 40 72 39 118 6 149 125 38 34 48 
17
29 89 5 103 118 16 54 4 40 106 79 3 77 14 11 117 44 
15
26 49 124 110 97 107 67 3 103 38 27 17 112 61 22 
15
110 148 23 20 82 73 116 66 91 69 107 18 11 9 56 
7
149 60 40 9 71 4 106 
14
7 133 104 14 78 38 27 138 100 127 83 11 124 69 
18
81 115 147 129 32 100 60 8 134 104 122 150 131 71 51 21 9 3 
3
141 88 117 

