100 20 
3
15 100 29 38 79 26 85 95 82 1 31 61 36 83 96 24 66 59 91 31 52 50 44 92 90 48 87 56 60 64 34 72 10 48 100 69 53 58 44 8 56 72 74 41 84 33 1 43 89 26 97 1 45 47 85 74 5 57 51 87 11 47 100 55 99 93 80 85 82 17 92 5 67 9 27 95 43 48 9 24 72 25 23 37 33 36 20 48 25 7 41 94 90 97 72 79 58 94 45 82 
98 54 58 61 5 2 57 66 24 63 36 81 75 48 16 70 85 6 26 91 22 69 53 29 100 15 11 61 59 1 70 13 29 9 12 68 4 59 55 44 62 77 23 69 45 41 41 83 33 72 82 28 49 16 67 18 57 79 98 87 35 8 73 29 35 83 35 73 36 77 17 8 4 77 57 49 40 65 59 42 97 93 95 54 59 89 98 41 85 14 2 86 29 42 19 96 39 42 76 87 
98 100 91 2 54 80 51 84 81 22 2 51 87 57 59 99 94 87 27 12 81 53 41 37 14 20 61 65 63 94 24 41 86 61 50 90 23 79 81 74 73 55 10 6 19 54 95 24 13 98 50 30 65 62 84 78 92 42 89 29 29 21 81 88 50 10 43 87 62 49 73 66 33 22 38 68 5 79 40 7 31 5 39 64 69 21 57 61 84 85 37 64 21 74 43 38 21 66 55 64 
6
94 85 44 53 19 97 
16
1 82 21 37 98 69 64 14 53 45 47 62 96 97 63 11 
16
98 24 13 69 74 61 97 46 90 78 63 21 23 68 56 39 
19
64 23 91 58 35 85 61 30 11 20 44 87 28 4 66 83 96 12 36 
15
87 84 68 16 76 70 50 28 58 98 93 100 89 51 2 
20
39 25 85 77 83 21 81 23 10 52 91 41 34 95 26 43 79 47 51 29 
17
42 13 77 73 53 86 68 58 78 79 98 26 29 4 25 8 38 
17
7 52 92 90 54 4 45 3 70 96 29 21 14 57 69 78 84 
20
98 27 32 57 14 59 44 47 52 58 92 38 63 13 6 45 7 95 90 34 
15
45 7 37 65 99 41 14 100 93 55 60 83 36 54 85 
20
33 86 92 31 12 22 21 68 58 30 43 88 7 48 80 45 81 15 57 79 
4
90 96 28 37 
18
100 92 30 7 13 60 22 2 11 61 83 12 57 96 89 65 37 36 
6
56 77 84 24 53 27 
12
68 79 47 3 51 2 69 56 84 93 21 11 
8
13 15 90 20 11 85 3 14 
20
85 83 23 16 64 36 41 91 26 95 22 60 8 70 4 14 82 53 86 78 
12
69 45 23 40 29 76 20 19 48 58 57 68 
10
94 5 43 45 51 10 41 14 77 15 
7
40 20 26 41 31 49 28 

