200 40 
3
100 23 54 19 67 48 42 4 4 77 40 34 46 42 3 94 54 19 22 94 85 89 55 29 3 23 42 62 42 64 46 68 85 90 85 83 60 42 39 87 14 100 6 27 77 79 62 96 1 63 67 14 28 55 39 98 4 93 26 56 77 32 66 32 17 50 3 49 72 20 98 55 80 51 25 10 84 98 94 32 74 84 49 30 79 16 39 97 72 6 60 87 23 42 54 79 7 12 55 1 46 34 39 85 10 49 54 89 24 45 2 2 47 64 75 3 85 6 94 21 1 53 68 55 48 10 10 68 15 40 71 14 24 71 8 17 56 65 83 96 28 24 83 4 98 33 98 51 31 97 23 64 16 36 35 74 1 17 80 24 59 35 41 21 95 20 43 34 16 65 100 70 63 14 99 56 73 100 6 9 70 17 52 62 42 82 24 40 13 11 67 80 74 6 100 15 9 56 69 82 
11 87 81 15 11 30 19 34 20 56 18 34 40 61 17 41 93 64 42 87 39 56 44 4 26 91 38 23 87 82 65 53 65 79 46 84 7 48 33 52 5 46 98 1 24 18 27 76 37 64 51 72 90 48 8 54 25 82 67 11 78 62 83 60 16 46 86 17 13 59 92 34 56 61 52 74 56 97 4 47 35 28 17 54 72 10 63 60 100 35 10 51 13 8 60 71 1 81 23 93 82 96 41 4 49 65 55 15 27 63 61 2 21 81 5 26 1 26 89 65 65 17 81 71 85 1 51 80 62 95 42 91 11 20 49 84 28 83 32 47 79 84 57 33 64 24 49 59 3 17 47 56 13 38 23 28 70 20 33 37 84 27 62 26 87 66 2 44 100 40 81 66 33 95 7 50 60 31 98 4 85 89 17 9 89 57 3 33 16 7 18 8 67 94 47 30 71 48 4 19 
34 95 40 30 69 12 100 62 76 3 95 18 52 4 73 52 76 96 5 20 62 3 26 24 45 84 42 31 78 58 42 49 74 16 63 86 75 5 61 76 38 93 9 79 86 64 58 67 63 4 51 82 15 98 31 17 75 84 31 26 36 92 28 9 16 2 29 43 87 17 51 55 87 56 58 3 54 30 32 57 4 88 73 72 13 90 32 44 19 79 83 41 47 2 44 16 5 8 52 99 74 37 20 69 6 48 32 64 73 32 15 6 77 85 16 48 73 65 88 25 63 32 12 31 61 66 17 77 30 52 26 62 100 23 9 91 42 75 57 64 43 35 21 42 55 14 60 20 99 44 36 70 1 66 80 83 98 9 69 22 41 81 67 27 54 89 38 6 5 42 64 82 34 71 1 79 25 24 46 57 67 46 65 60 37 73 26 60 81 75 45 82 24 37 40 50 94 74 93 58 
13
133 49 53 171 7 28 122 102 118 38 34 60 138 
16
23 5 40 101 64 181 121 82 19 128 176 195 153 38 45 86 
8
39 73 30 8 67 68 42 63 
11
62 76 55 153 35 95 19 23 40 160 14 
16
89 163 45 140 12 77 134 189 86 199 171 19 90 145 104 116 
3
108 36 39 
2
26 168 
15
149 42 120 1 75 164 159 178 25 141 65 12 160 112 5 
10
105 106 135 190 173 130 10 153 158 184 
16
2 115 69 136 95 57 13 96 22 67 56 64 126 149 177 192 
5
64 116 184 39 190 
19
112 145 132 65 37 162 163 144 174 75 146 125 179 167 46 180 165 52 103 
15
34 161 195 4 47 165 89 48 135 77 70 23 121 79 128 
20
71 30 96 107 154 161 13 18 133 55 194 121 110 12 21 91 6 171 131 159 
17
198 148 162 128 26 152 75 129 157 53 130 14 28 81 45 134 51 
15
9 189 159 85 113 15 123 185 103 184 95 84 121 200 74 
19
117 32 45 103 37 167 134 126 159 46 33 17 58 29 185 97 177 24 137 
15
11 72 57 94 49 80 118 103 106 6 63 180 130 95 15 
2
178 72 
18
86 155 59 200 23 88 120 53 110 1 113 38 185 9 140 95 4 197 
3
75 67 117 
8
40 168 173 182 187 189 198 72 
19
3 200 51 145 76 38 17 191 179 186 193 53 36 133 141 109 156 59 139 
17
145 171 11 176 139 143 187 118 136 129 68 196 55 91 151 100 15 
7
86 142 130 34 7 71 66 
17
18 45 40 152 118 98 60 20 52 169 100 31 121 96 157 144 99 
10
70 165 173 82 101 8 136 166 150 49 
3
188 178 160 
5
46 164 198 82 62 
13
132 45 75 10 186 126 121 157 131 72 58 152 14 
6
178 11 110 160 37 9 
12
191 78 144 51 31 198 122 61 163 196 121 52 
6
26 67 57 52 151 186 
4
19 5 53 140 
2
132 105 
15
55 67 167 22 15 35 195 141 105 61 82 72 83 192 134 
3
87 177 116 
10
176 10 8 28 82 108 42 113 50 144 
9
57 111 44 43 40 11 134 143 197 
20
169 80 65 18 54 134 38 1 11 183 91 156 61 85 166 22 122 30 123 86 

