200 40 
3
17 49 23 37 33 60 38 63 52 25 81 33 77 17 36 43 30 4 38 74 45 28 41 38 48 51 84 88 90 85 33 8 29 11 45 80 56 79 49 25 69 51 65 67 59 89 87 21 79 51 58 75 6 15 24 62 51 93 34 24 71 33 98 100 50 18 38 82 92 55 84 23 54 96 18 61 57 17 79 52 42 25 51 83 89 16 15 87 48 45 42 71 10 5 23 40 46 59 63 90 99 59 21 10 22 82 2 82 23 35 55 32 58 99 55 5 17 4 24 73 13 5 85 20 97 59 80 21 53 81 4 49 51 51 49 16 32 77 4 30 89 74 46 16 100 85 7 63 56 1 9 86 64 89 41 62 24 61 98 83 2 60 12 21 70 39 47 7 11 4 62 82 84 9 87 35 72 51 44 93 28 53 80 11 40 100 96 44 32 83 1 83 5 19 89 48 34 24 84 8 
14 26 83 68 70 18 58 52 41 39 97 24 29 3 62 49 77 25 34 16 46 60 35 35 60 86 51 64 50 13 79 9 92 27 97 25 25 43 100 38 22 75 29 53 2 58 98 83 57 59 62 99 16 46 34 78 59 96 34 53 23 60 55 24 66 55 90 67 25 64 60 95 67 53 79 23 3 66 26 17 97 51 19 20 25 96 81 39 12 9 38 67 45 84 61 36 39 6 98 13 85 5 72 5 16 34 59 69 29 27 67 93 41 79 62 5 82 75 48 8 51 27 45 83 35 84 67 72 29 76 66 32 55 69 4 14 72 42 76 16 30 62 17 65 12 4 87 81 95 74 22 27 93 61 47 83 74 27 3 52 7 93 97 23 50 62 65 88 73 12 43 67 47 78 71 38 39 46 15 3 98 14 52 11 5 70 11 39 78 60 6 9 93 43 58 28 64 90 76 16 
40 75 55 97 74 5 86 44 39 20 99 61 17 72 14 77 6 8 44 21 68 49 58 79 14 68 4 46 53 55 52 41 84 17 61 42 26 21 6 75 26 48 62 35 12 48 66 58 23 48 7 48 34 56 42 62 9 33 84 1 31 24 11 24 42 4 8 16 69 70 33 28 41 54 98 40 13 59 43 74 84 73 30 52 27 9 42 26 5 79 54 32 3 10 11 38 78 38 96 57 100 56 60 58 7 27 17 37 85 44 58 51 53 14 43 90 85 18 74 55 5 97 37 62 37 96 66 88 85 78 88 54 81 89 43 100 31 96 7 96 97 66 85 29 20 95 72 52 93 36 46 56 91 31 67 14 66 80 23 54 27 8 76 76 49 51 73 100 33 72 75 80 64 85 5 87 89 94 94 20 51 80 34 48 66 14 38 33 99 42 66 90 74 86 46 55 7 85 99 41 
19
115 181 151 165 196 185 70 4 171 174 12 190 168 156 78 16 169 189 162 
2
167 196 
9
28 196 121 78 149 64 124 59 179 
9
198 174 175 195 181 151 138 14 70 
20
171 119 100 143 165 72 151 164 84 34 14 20 40 26 116 99 180 6 114 32 
13
99 91 198 174 139 109 146 165 80 112 53 107 83 
16
156 17 132 184 153 36 100 126 35 6 183 143 11 24 25 142 
16
126 124 106 48 199 82 78 88 189 146 95 16 65 45 68 42 
10
53 36 80 84 108 60 194 160 17 103 
3
113 118 3 
10
155 63 171 169 35 115 46 158 159 54 
16
33 86 181 193 186 105 188 53 6 69 76 72 38 12 62 175 
13
112 174 22 45 9 119 94 20 87 83 4 103 116 
8
58 37 112 128 45 196 6 96 
8
167 125 77 122 56 155 92 64 
17
167 135 91 48 178 46 149 99 109 3 61 157 190 110 34 139 185 
20
128 41 141 30 57 2 100 137 110 88 10 173 136 60 29 78 149 11 82 18 
17
14 2 179 194 135 118 144 4 91 13 24 126 88 200 26 116 9 
2
159 11 
20
103 85 82 132 173 101 60 57 113 146 154 115 151 123 77 72 4 23 105 182 
5
106 110 52 145 74 
8
24 9 193 46 129 54 98 132 
3
189 149 16 
16
67 61 137 31 11 16 116 77 155 166 148 175 188 172 30 100 
12
174 122 115 33 80 5 114 76 89 138 128 19 
12
198 102 147 181 105 64 144 15 154 159 68 19 
18
10 190 135 70 78 145 162 36 93 198 112 175 72 74 9 12 188 38 
8
49 37 54 92 57 199 137 16 
10
138 53 152 141 200 63 41 24 99 66 
13
162 135 23 58 181 78 10 40 87 88 131 44 93 
6
54 128 55 153 21 14 
10
62 153 49 152 179 76 104 46 130 158 
8
92 38 97 25 6 154 11 149 
2
28 105 
2
35 163 
3
52 13 171 
10
39 97 86 180 65 87 179 107 23 131 
6
127 70 184 120 81 167 
14
88 179 90 41 38 48 45 186 136 39 73 171 137 154 
20
61 116 70 146 185 50 133 86 199 178 93 29 74 172 76 147 69 28 9 159 

