200 40 
3
55 91 84 22 36 55 44 21 54 37 82 20 76 62 10 86 81 64 4 90 49 36 75 28 55 29 55 82 71 66 48 50 64 12 26 14 86 60 7 77 24 11 33 94 59 67 18 64 10 63 26 22 35 64 75 75 80 91 21 48 32 32 63 53 45 47 77 19 100 84 84 87 100 82 67 54 18 91 20 13 2 23 37 6 56 83 73 84 79 48 98 37 42 96 4 24 27 39 90 85 20 18 75 15 33 61 58 80 87 15 18 76 68 72 63 56 76 94 80 16 94 27 24 13 93 37 64 74 46 86 45 54 36 13 46 55 72 76 36 51 6 49 2 22 13 60 66 42 60 73 96 43 27 8 73 51 68 54 26 26 92 42 41 78 46 39 49 19 83 95 45 66 72 41 43 3 96 78 25 21 76 69 52 4 85 20 76 11 97 86 5 4 98 53 67 55 20 25 60 37 
54 43 54 74 22 40 32 9 88 69 17 78 43 55 25 38 54 38 24 20 58 94 79 14 61 20 7 41 42 37 33 90 60 77 17 100 83 97 86 5 87 8 54 68 100 36 72 13 4 5 14 79 20 10 68 90 41 31 87 72 21 55 17 82 86 58 48 25 92 29 51 46 34 24 77 64 10 40 65 23 43 81 19 54 48 3 27 5 4 22 12 90 16 30 95 23 28 90 32 16 50 92 60 55 61 40 85 100 4 27 35 20 32 98 35 77 67 62 95 87 42 81 27 50 5 28 61 90 76 50 100 84 75 95 59 45 17 61 84 98 31 58 66 83 96 51 66 11 91 91 54 99 56 39 39 17 73 37 66 100 80 90 14 94 7 95 74 98 45 51 36 62 29 30 16 31 63 72 31 51 11 34 27 39 53 100 40 85 65 10 42 48 99 78 19 81 37 87 89 5 
69 5 14 51 6 56 76 9 31 72 41 59 53 47 85 87 9 91 55 48 95 89 68 79 17 18 39 93 50 91 31 31 58 28 84 46 66 46 15 89 1 89 50 54 69 45 9 59 22 27 65 15 92 61 7 1 52 39 88 28 65 58 50 85 56 43 81 64 92 28 25 28 9 79 27 87 10 7 74 89 23 12 66 88 16 42 48 67 60 75 68 54 64 40 75 9 27 20 14 87 13 3 49 93 73 24 89 3 3 23 35 99 44 34 76 53 34 41 41 34 87 76 94 12 80 17 48 94 6 92 89 11 61 53 33 34 45 50 5 18 17 93 51 16 58 3 84 20 91 83 67 95 66 6 93 32 37 84 83 16 61 51 52 29 85 100 53 17 29 34 82 97 92 53 88 34 48 78 16 61 91 57 88 12 82 42 22 60 17 39 82 100 6 32 23 5 66 92 14 57 
4
50 117 189 43 
10
36 24 120 164 87 91 101 86 180 80 
6
179 51 73 119 27 115 
8
11 152 93 84 174 137 156 51 
3
6 132 110 
7
175 57 131 32 95 102 167 
16
132 9 142 145 184 141 25 73 61 19 136 54 163 30 21 93 
16
152 172 7 59 75 1 118 85 128 194 188 192 160 125 127 82 
2
47 109 
20
51 157 111 127 134 123 45 67 188 168 96 181 167 63 30 151 104 43 121 109 
5
156 22 177 100 90 
19
114 10 21 106 51 52 175 151 63 7 76 102 159 40 93 180 66 107 195 
6
107 176 159 47 1 46 
5
157 86 94 92 35 
10
92 106 115 166 129 62 52 5 41 120 
11
198 154 90 77 124 133 127 162 39 54 102 
17
200 10 68 193 43 143 170 8 125 166 163 85 82 112 162 16 132 
4
6 56 173 41 
2
40 22 
6
85 140 10 81 100 180 
10
184 50 114 155 25 146 103 97 167 130 
18
14 146 105 184 72 85 93 117 96 128 122 174 132 165 113 129 149 182 
18
78 192 81 37 79 100 82 12 149 147 132 94 95 182 19 99 36 128 
5
107 56 171 39 18 
12
121 55 51 180 158 151 154 13 198 83 176 120 
17
142 186 28 108 106 175 185 89 66 93 50 127 14 180 27 44 177 
5
164 200 74 49 170 
14
108 130 114 116 157 163 167 143 144 186 178 199 59 73 
8
120 139 138 12 172 179 145 196 
14
61 124 113 128 13 157 33 86 174 108 129 170 69 102 
5
116 137 139 29 10 
19
92 115 128 194 169 19 152 48 36 4 171 99 14 41 162 127 153 82 114 
5
29 16 159 48 164 
18
9 115 110 73 35 135 83 189 198 155 17 34 75 159 154 7 74 4 
11
98 183 65 61 80 23 168 194 30 25 147 
13
18 84 159 22 157 30 158 166 104 57 63 91 186 
4
84 69 195 187 
20
166 91 46 1 85 105 66 150 73 38 25 24 50 174 43 142 49 13 143 148 
3
150 80 146 
7
126 162 138 181 128 70 177 

