200 40 
3
59 48 26 15 96 31 53 4 96 100 70 68 2 41 74 19 71 44 67 77 64 6 23 65 26 5 58 27 17 60 45 7 18 95 37 26 77 24 88 51 44 20 14 79 17 33 38 17 11 34 54 22 53 79 34 65 99 38 56 3 91 99 66 46 67 90 51 4 52 10 60 21 97 64 88 41 3 1 54 69 45 24 22 100 23 30 76 56 75 42 70 39 76 35 3 70 80 52 4 11 39 31 8 75 27 90 22 79 18 47 12 59 36 95 28 27 15 75 33 18 9 87 32 94 33 98 41 29 2 100 55 52 36 75 45 85 58 1 31 69 31 74 18 85 50 4 35 29 77 52 20 46 66 23 14 80 10 85 80 45 75 8 62 46 43 66 73 57 96 77 45 25 78 73 22 75 6 16 37 40 49 3 69 90 18 36 59 71 9 38 49 92 13 90 27 66 84 7 97 8 
39 83 30 81 48 65 16 13 80 57 96 57 61 60 52 6 58 26 40 88 64 64 22 36 3 99 39 13 37 43 65 18 53 10 20 2 92 97 99 89 89 6 67 69 96 11 93 97 89 30 75 3 45 26 41 62 59 8 47 21 18 65 12 76 7 71 23 76 30 28 37 30 42 16 68 70 71 43 48 52 1 6 23 18 31 53 33 42 99 37 89 95 40 94 24 52 53 14 59 95 3 47 40 68 46 46 97 79 46 15 62 47 59 18 67 19 60 52 45 42 64 77 73 54 29 33 33 68 14 45 30 41 89 64 40 3 88 68 57 71 55 11 7 9 80 84 12 13 71 38 11 57 53 29 42 2 17 70 47 96 3 68 31 11 55 94 12 4 14 89 24 41 67 96 87 30 30 28 88 46 14 82 33 57 24 4 56 96 91 69 98 24 62 80 26 39 13 5 62 27 
20 50 16 97 22 70 70 59 81 32 100 92 34 50 83 21 75 25 96 43 66 85 17 91 77 39 15 5 81 98 17 68 16 61 83 38 51 1 2 36 62 99 38 60 40 88 25 49 96 73 20 63 95 4 76 44 40 10 88 92 15 100 92 13 48 63 91 79 41 46 6 34 49 29 81 49 4 94 51 60 27 44 95 25 25 33 38 2 16 79 22 70 47 25 4 25 71 42 13 66 16 35 43 23 99 84 9 79 27 58 52 59 77 39 31 80 37 39 70 41 82 76 64 44 88 37 100 17 4 45 56 14 30 78 92 14 36 99 100 58 62 66 54 96 74 23 66 46 77 57 69 48 82 52 30 54 44 98 39 14 39 14 10 95 94 53 63 40 61 16 79 35 45 48 13 10 1 60 89 59 92 79 57 55 35 45 78 21 77 77 69 29 47 3 46 28 10 89 24 64 
8
50 9 10 193 8 14 117 135 
12
80 126 131 45 57 178 186 3 111 74 44 59 
8
89 78 13 128 17 192 169 109 
14
159 14 9 73 186 163 191 138 77 145 48 167 7 35 
13
39 13 123 52 2 120 118 55 101 167 80 44 180 
13
51 143 197 73 45 189 150 190 94 84 134 191 108 
19
101 172 151 186 1 96 169 193 79 39 111 65 104 31 5 75 34 188 145 
4
4 42 195 31 
10
137 82 32 184 19 14 153 118 157 133 
8
139 9 151 130 127 62 89 181 
20
68 120 122 71 20 83 111 104 112 167 198 153 89 114 93 134 97 50 144 169 
10
46 80 126 15 128 100 67 65 114 153 
8
43 167 193 62 128 195 11 166 
12
49 22 82 158 128 181 141 177 134 183 52 21 
17
188 53 92 102 55 16 185 180 64 18 10 38 6 56 190 167 137 
12
77 153 55 70 136 69 11 127 138 198 57 140 
3
153 81 2 
20
132 4 66 22 168 113 56 162 63 92 121 23 144 52 33 193 94 58 76 150 
9
116 99 172 1 53 19 54 175 49 
16
155 194 189 169 62 61 19 48 161 70 33 89 42 45 44 170 
12
10 103 77 47 82 140 105 61 35 108 129 18 
18
123 2 68 79 57 81 179 36 106 85 5 130 151 148 28 34 145 126 
10
80 47 26 84 32 31 126 109 172 162 
18
26 24 180 58 21 100 87 179 115 159 173 128 43 22 131 29 148 79 
6
104 136 158 9 116 34 
11
64 80 28 155 183 188 141 47 98 25 36 
3
114 140 120 
15
27 23 20 39 176 70 34 55 3 127 173 38 114 115 198 
8
184 160 69 12 72 146 110 177 
7
129 125 46 8 42 32 106 
11
168 116 175 135 107 191 32 125 183 181 24 
16
35 143 67 195 54 33 140 82 200 30 28 64 29 95 48 34 
14
95 135 9 140 13 169 175 174 125 25 136 178 32 198 
14
14 81 85 89 1 126 88 118 137 197 128 44 114 27 
9
52 116 26 50 108 194 27 189 45 
8
200 95 192 110 28 33 100 14 
2
123 75 
20
4 49 57 63 167 160 106 90 31 187 109 12 22 18 78 175 67 152 54 184 
8
29 39 74 10 59 50 73 124 
12
140 36 64 125 4 195 54 164 137 67 79 93 

