200 40 
3
89 89 54 95 64 45 45 71 98 39 92 9 98 78 38 77 99 97 76 8 31 52 55 98 95 84 95 72 92 8 83 40 98 50 53 49 89 73 50 82 5 40 77 15 91 26 56 73 98 72 91 98 34 28 56 49 99 7 36 43 38 73 68 60 3 81 79 38 61 9 56 63 34 67 97 44 75 36 53 58 39 40 26 45 67 63 27 3 2 52 10 79 41 42 5 41 59 40 39 16 93 66 68 69 6 3 69 96 25 25 63 71 100 21 83 50 69 28 8 91 13 65 37 51 51 46 26 42 90 98 34 63 4 81 98 29 89 37 35 51 38 85 65 67 24 12 61 27 63 44 69 74 51 24 100 73 26 37 59 39 32 21 63 57 32 2 11 7 50 30 100 6 60 71 99 30 25 60 30 76 34 2 3 55 82 22 89 53 19 69 30 99 99 78 48 23 40 93 32 43 
36 3 70 69 43 99 17 80 38 1 13 16 47 41 24 8 3 95 65 13 85 42 79 19 34 53 33 9 21 51 41 67 81 21 4 97 17 5 98 53 64 50 79 57 6 53 100 90 5 99 75 38 10 68 17 30 92 3 14 78 85 64 61 38 98 58 67 46 31 70 73 38 56 33 9 1 93 86 3 90 11 100 46 27 29 30 7 18 6 24 43 70 81 95 39 86 68 29 12 35 97 7 91 55 45 68 89 69 29 74 63 8 50 49 70 40 6 10 8 14 32 17 22 37 50 46 3 84 60 50 26 65 32 73 17 43 63 25 30 14 79 33 1 71 77 8 95 58 36 78 20 32 2 43 15 1 85 12 11 50 50 64 61 98 93 71 13 50 18 22 14 59 46 6 55 83 94 23 92 63 63 95 60 56 63 3 54 100 97 64 94 45 38 58 82 16 96 66 22 41 
55 65 58 27 83 25 38 68 53 20 86 90 70 80 80 26 80 32 81 11 88 42 49 92 89 31 68 11 99 69 51 79 95 13 3 39 56 76 79 93 26 14 58 21 26 51 31 30 48 37 22 95 87 27 53 89 20 72 96 55 45 23 27 98 82 84 80 40 63 22 40 19 6 59 65 80 53 27 57 91 98 28 22 64 51 22 31 74 31 56 74 77 3 53 29 98 8 2 17 99 51 16 86 64 28 77 95 83 1 61 47 9 31 80 75 28 28 63 16 30 7 89 41 14 25 11 7 33 92 83 60 84 6 16 44 64 84 63 12 57 76 20 93 22 47 25 26 37 52 61 33 2 9 3 2 42 93 18 74 93 6 6 4 6 73 8 16 6 70 24 50 48 3 4 38 38 55 13 11 60 33 70 70 90 63 60 26 66 43 2 23 83 18 84 54 87 1 88 49 97 
2
143 101 
11
33 165 65 180 41 24 27 151 37 167 132 
16
16 75 78 22 126 171 151 36 98 169 177 93 27 92 95 42 
10
158 82 108 71 130 171 76 165 2 46 
16
59 144 77 158 44 83 129 76 125 127 23 100 67 78 120 40 
3
41 124 12 
18
172 168 178 72 6 151 148 98 180 184 192 81 163 142 190 49 188 102 
13
189 5 95 12 118 89 107 182 183 119 129 4 192 
10
33 5 11 111 58 137 151 25 29 179 
10
116 39 146 49 50 124 46 172 45 18 
7
117 59 71 108 58 172 120 
6
5 41 50 155 128 130 
18
87 104 30 39 183 51 125 33 77 76 117 126 25 191 197 18 116 157 
6
51 143 107 53 16 91 
3
60 98 32 
15
100 177 35 71 158 110 57 146 31 5 65 81 123 142 9 
3
93 187 192 
8
160 110 55 145 8 37 132 77 
5
127 72 174 108 136 
7
79 27 138 188 61 74 6 
2
116 129 
2
153 193 
17
115 44 120 13 122 116 75 145 108 139 20 52 30 113 45 146 8 
15
6 117 157 176 141 140 30 174 153 26 36 156 130 109 90 
18
184 158 127 77 175 25 187 33 106 149 52 49 50 90 102 17 122 47 
4
20 173 34 42 
10
85 154 62 83 4 102 106 112 29 71 
19
127 59 102 73 153 57 184 82 79 115 96 56 90 171 156 13 64 77 55 
19
38 146 42 47 148 68 19 186 55 179 81 173 1 16 178 86 174 95 127 
3
138 101 169 
12
50 43 177 179 11 138 155 150 64 53 32 45 
12
129 90 155 180 108 140 148 5 163 50 75 63 
16
194 132 125 200 54 5 154 191 47 56 94 148 184 127 134 84 
3
94 145 148 
7
27 34 200 98 44 103 6 
3
127 142 27 
20
87 81 51 79 153 22 9 94 92 114 103 30 96 134 65 119 198 172 100 11 
3
81 82 30 
11
4 36 175 97 169 106 72 86 191 187 15 
2
140 113 

