200 40 
3
5 57 86 19 61 61 46 33 100 7 68 85 98 84 77 48 94 75 39 60 59 76 51 15 70 11 100 96 37 40 31 35 97 96 97 63 10 35 72 46 17 44 75 50 69 12 22 60 15 39 85 6 43 2 10 36 37 12 97 29 62 99 78 82 72 87 39 98 62 90 40 59 37 36 49 20 37 54 38 25 46 26 19 17 13 98 54 75 98 13 23 67 83 66 12 87 28 18 14 47 100 92 29 59 43 100 14 37 68 33 55 62 16 15 14 58 37 73 10 74 89 16 47 78 32 47 22 100 85 22 23 35 15 77 96 44 78 33 78 6 81 11 68 4 72 52 39 83 13 23 63 3 34 29 67 81 63 61 5 63 90 49 59 43 73 8 69 42 20 87 32 45 47 57 75 77 31 29 83 2 28 99 99 47 57 63 2 81 13 59 43 77 61 37 48 100 63 16 75 89 
19 24 49 43 96 52 63 14 36 36 8 30 84 60 92 38 11 57 47 98 9 63 52 71 50 5 58 89 64 96 92 22 84 74 16 26 6 88 26 77 9 14 98 22 75 23 57 69 11 87 59 3 91 5 99 86 87 77 51 29 68 40 61 22 17 52 27 17 68 6 51 57 51 26 66 72 89 36 55 67 30 95 20 18 48 77 74 21 11 93 33 56 55 6 70 18 29 74 52 84 65 100 58 33 67 29 50 43 4 77 37 71 85 37 52 83 15 33 58 77 22 52 55 50 95 47 62 74 85 66 86 46 83 35 28 2 62 15 74 22 74 27 10 83 53 51 70 49 84 51 33 59 95 96 20 55 71 77 6 19 26 84 61 80 33 65 11 94 46 15 62 91 11 23 28 11 78 36 11 76 52 9 13 69 25 69 54 85 41 73 43 45 77 30 40 25 90 7 80 73 
38 23 47 79 55 46 49 2 62 42 36 6 45 88 41 3 2 41 54 71 26 94 44 52 35 77 77 24 64 99 64 14 90 39 19 6 80 95 87 5 16 45 88 24 38 74 85 82 57 26 70 33 84 65 49 11 48 92 45 87 86 57 17 96 94 50 19 9 5 77 14 24 35 15 59 9 42 25 69 68 64 90 89 16 31 95 8 33 13 100 18 100 59 19 25 81 82 38 46 34 12 55 54 2 12 77 90 7 23 38 63 21 43 24 71 50 15 73 4 5 90 29 68 18 63 43 96 55 9 10 91 80 24 95 3 10 71 40 57 61 53 16 44 53 59 62 41 12 61 8 38 27 76 16 9 2 21 60 63 37 21 80 13 52 61 11 8 35 3 2 7 68 14 58 88 76 86 77 83 25 59 51 89 13 46 68 90 71 67 80 42 58 95 61 90 93 81 71 63 53 
19
176 132 79 169 138 182 153 155 72 127 98 61 186 130 54 122 67 164 16 
13
75 33 9 88 105 161 148 62 167 54 187 144 85 
7
114 11 189 15 69 188 43 
4
194 106 139 96 
11
27 68 77 74 85 171 94 116 72 161 21 
19
119 77 40 70 153 186 158 163 194 106 183 125 62 4 74 83 170 193 93 
18
198 35 11 165 55 166 62 186 41 82 32 34 84 167 53 124 176 185 
13
91 11 110 29 8 66 145 49 69 134 94 81 171 
7
2 15 88 85 70 164 3 
18
177 158 168 43 26 56 22 144 192 1 58 62 170 166 47 42 174 185 
4
137 115 77 114 
16
148 185 30 116 192 183 154 134 38 177 193 139 138 101 189 199 
5
68 37 120 28 119 
18
43 105 68 104 45 26 71 18 29 31 8 35 44 1 163 177 150 11 
7
118 2 79 53 43 150 85 
13
147 197 161 156 18 95 194 9 67 20 145 117 80 
16
28 115 170 142 5 94 71 139 39 103 49 153 89 199 200 38 
2
181 143 
5
158 195 140 37 187 
8
160 12 14 184 51 181 135 27 
13
43 49 129 41 67 145 83 176 162 148 48 130 19 
9
77 188 121 1 76 19 59 30 102 
3
188 14 139 
20
165 77 143 63 154 5 160 185 139 174 147 134 130 46 68 96 57 145 146 85 
8
123 147 164 115 46 20 89 54 
16
2 38 63 70 60 11 42 71 147 59 175 183 117 126 139 7 
8
86 194 62 49 148 100 79 129 
3
195 111 93 
10
92 5 149 41 169 54 177 109 129 139 
20
197 50 105 13 191 98 3 172 130 176 66 160 39 52 121 178 124 57 44 146 
15
117 131 3 81 14 138 105 159 49 184 41 47 65 175 142 
13
71 145 175 176 74 120 68 163 160 128 137 28 164 
6
72 154 199 30 78 97 
6
120 59 25 17 70 51 
5
50 90 173 160 71 
6
9 139 2 21 24 72 
3
59 70 75 
7
179 89 11 67 160 86 199 
12
86 16 53 37 123 100 159 149 170 158 126 41 
4
145 15 194 146 

