200 40 
3
92 67 81 58 54 24 99 35 89 23 6 86 46 21 7 72 65 38 56 63 80 29 13 28 17 49 73 56 41 57 20 46 11 71 25 71 32 39 79 31 72 59 75 64 80 62 28 22 81 24 27 10 78 14 15 72 43 23 58 55 59 88 24 82 70 96 25 100 17 18 40 44 44 61 2 37 90 60 69 30 14 90 48 61 55 54 96 84 58 76 87 50 75 9 73 63 9 82 61 56 41 17 87 88 63 97 78 1 90 47 14 27 49 28 75 13 87 63 47 80 32 89 1 12 51 36 94 13 38 21 10 5 94 62 51 87 93 35 100 77 82 90 1 72 97 2 72 22 30 43 70 61 36 27 17 29 79 72 69 74 30 78 88 30 34 41 99 62 63 15 68 3 55 89 13 72 82 9 78 34 50 5 62 50 76 7 10 21 59 93 34 69 88 13 34 1 32 58 87 33 
16 28 16 64 29 95 96 3 9 44 28 24 48 58 28 20 91 55 34 65 56 4 77 61 30 64 15 75 47 70 33 16 25 1 95 52 67 33 91 18 2 69 31 83 55 59 28 14 49 28 4 53 20 57 14 65 69 66 50 58 88 23 51 52 49 1 29 94 36 25 34 17 77 56 84 8 58 1 36 87 46 2 75 12 7 52 16 35 30 12 37 90 59 69 91 73 19 92 80 27 16 57 36 62 29 26 67 77 99 86 46 75 25 66 15 22 46 28 12 97 38 61 55 61 1 35 5 17 84 23 85 56 12 43 79 14 60 12 90 32 20 1 93 71 90 65 93 18 69 77 40 43 60 20 13 80 35 59 16 67 1 24 29 72 65 41 5 86 42 57 15 63 60 54 21 63 57 45 23 48 19 63 78 40 5 97 96 84 69 40 95 57 36 65 47 76 46 83 30 44 
66 98 65 39 51 69 55 96 97 84 12 58 28 1 49 11 42 41 47 27 92 93 64 15 8 97 48 21 74 55 13 33 39 79 4 96 76 95 34 87 83 29 18 67 23 8 15 92 9 78 60 98 52 60 51 33 95 7 93 34 36 21 66 68 59 66 20 85 72 25 25 94 17 32 55 68 58 27 67 80 26 92 93 50 59 22 14 51 93 48 57 91 22 40 22 59 29 52 61 64 58 22 91 80 65 79 83 67 27 41 84 57 12 50 67 62 95 45 80 70 28 47 96 32 79 38 78 87 2 47 73 82 65 87 100 8 89 26 40 10 25 71 54 10 62 5 39 65 39 2 69 15 13 56 69 81 73 29 89 76 88 74 71 71 35 39 30 93 15 39 52 6 32 58 34 93 62 85 96 80 69 70 25 7 83 75 15 50 58 97 38 25 37 73 83 34 26 27 33 99 
12
2 53 124 32 95 130 135 93 110 67 36 127 
7
31 94 5 113 13 46 34 
8
28 57 192 199 31 190 34 26 
15
82 108 134 111 80 131 18 187 41 81 168 87 152 46 7 
7
63 2 60 176 189 109 163 
17
54 109 70 101 90 143 64 162 74 155 50 28 120 65 148 12 13 
4
88 149 180 169 
14
57 41 126 173 183 78 104 150 89 8 136 71 69 26 
17
189 74 187 101 112 125 103 81 55 105 23 89 155 173 136 115 82 
18
104 182 93 50 181 157 44 177 77 159 75 101 72 102 30 23 36 92 
20
30 173 1 14 37 71 78 41 111 156 57 50 25 104 161 58 65 96 44 17 
14
122 109 180 29 32 22 78 165 153 136 108 164 103 175 
2
87 197 
16
13 125 46 177 56 45 154 197 67 35 165 2 150 179 91 40 
16
129 194 187 27 54 146 91 190 166 163 175 147 68 35 61 10 
18
118 155 1 55 72 76 151 67 86 108 42 200 163 124 195 139 103 187 
2
135 129 
13
193 118 95 15 176 122 200 110 49 132 12 169 90 
3
4 152 68 
4
166 136 177 100 
8
191 84 182 74 14 199 106 32 
18
174 168 38 177 145 94 58 176 75 103 116 185 152 196 76 107 191 42 
5
192 76 180 166 117 
18
107 69 60 57 51 127 116 168 157 86 150 19 8 135 108 85 176 56 
11
14 188 115 98 78 40 126 4 152 77 166 
10
74 139 18 185 11 156 108 5 170 24 
9
157 147 51 64 2 9 76 116 21 
8
45 106 26 107 145 5 82 126 
4
170 162 140 183 
7
11 66 200 145 37 126 104 
15
93 42 181 63 50 15 117 159 13 29 100 162 59 134 36 
10
106 81 51 197 182 193 175 73 178 93 
20
160 136 60 107 182 19 76 53 70 3 32 4 111 98 167 152 179 108 176 79 
11
110 173 162 57 94 35 67 176 93 63 123 
12
100 156 176 16 196 135 62 76 1 73 80 86 
15
193 15 191 74 58 169 118 123 52 186 87 64 85 95 129 
16
15 157 119 100 120 135 42 72 3 50 156 133 45 77 76 142 
9
164 173 149 73 160 131 3 147 52 
20
99 28 135 17 112 60 168 3 143 169 123 122 49 98 172 10 124 194 137 150 
17
46 150 113 61 40 98 5 53 38 48 168 155 183 173 22 179 134 

