200 40 
3
42 51 62 97 64 59 43 90 24 77 44 65 78 75 36 76 86 33 70 27 27 27 20 19 78 86 46 26 9 23 56 59 90 66 87 87 84 67 56 29 69 75 1 51 85 75 53 27 24 85 5 4 7 97 52 50 70 8 67 88 17 39 50 15 38 38 7 73 13 75 72 50 37 21 76 73 96 80 68 63 38 37 46 30 12 14 16 29 81 16 93 75 41 65 5 79 33 47 53 85 41 32 88 41 19 17 50 49 41 62 59 24 100 40 13 46 56 26 51 68 62 89 7 79 54 39 21 67 15 79 51 1 23 79 93 16 27 65 9 86 74 92 65 13 76 49 3 4 53 37 90 21 86 74 92 100 72 66 87 26 16 78 25 45 53 19 64 52 96 6 91 16 9 48 91 73 14 57 28 9 33 95 63 16 65 50 99 41 36 17 7 74 68 62 63 93 5 37 77 83 
90 41 56 61 96 59 32 96 14 54 25 13 60 42 73 15 96 30 76 37 81 87 19 19 41 73 88 27 99 91 20 65 98 24 77 77 59 68 64 19 3 38 6 67 82 83 89 16 83 44 15 82 8 15 79 56 55 56 5 48 9 40 71 98 4 69 76 34 86 44 42 83 39 30 92 81 37 92 31 34 38 52 11 91 92 67 26 53 86 7 9 61 62 10 85 34 12 42 4 79 82 85 31 84 45 42 57 9 51 63 78 4 22 21 34 16 45 66 10 61 39 63 92 88 58 18 78 41 82 58 8 41 81 64 74 82 9 49 3 22 82 33 98 56 43 92 1 28 63 88 38 99 96 28 3 70 89 21 92 96 46 76 60 70 10 92 18 30 68 87 67 87 45 94 49 23 47 50 68 42 36 43 88 8 38 34 99 97 75 59 25 52 21 11 19 98 86 34 21 74 
4 78 83 29 23 92 3 96 33 23 39 22 90 33 66 46 35 82 42 42 98 54 98 52 35 54 4 13 52 44 98 76 42 39 85 90 22 74 25 13 48 66 96 88 85 67 61 56 25 3 18 13 59 49 77 64 78 99 69 71 10 34 40 59 28 11 12 86 40 33 17 44 12 84 88 46 28 1 82 72 11 86 92 79 6 59 99 81 44 21 27 86 4 21 53 33 65 87 89 87 87 36 9 82 95 94 12 13 33 22 77 7 22 67 67 94 97 39 50 12 29 91 87 59 94 43 55 92 90 11 40 73 23 6 95 69 96 28 65 16 38 26 50 83 17 10 28 83 80 14 58 74 29 23 47 30 70 91 74 61 34 1 78 100 67 38 28 15 49 49 51 93 87 48 59 68 38 57 11 97 85 47 96 74 87 10 78 91 18 11 72 56 85 25 34 36 11 33 62 72 
9
182 193 100 165 62 75 25 144 27 
19
120 107 80 200 101 98 106 79 108 175 124 194 41 10 178 190 52 128 159 
17
83 177 6 78 132 154 35 131 31 37 122 15 114 7 95 91 192 
8
132 71 83 9 160 123 116 188 
5
177 193 147 125 165 
9
82 14 6 185 121 62 151 76 189 
13
124 168 64 46 35 80 17 10 4 106 1 25 157 
4
130 123 27 50 
9
181 160 111 151 112 190 8 44 73 
13
150 65 153 138 100 37 163 77 2 190 131 111 117 
9
1 80 101 129 139 25 69 23 83 
9
48 40 44 56 128 104 75 189 50 
4
26 174 138 132 
14
38 2 65 126 13 70 169 115 7 33 39 78 35 4 
15
99 50 158 118 76 135 180 91 42 132 4 86 10 190 174 
7
18 116 173 138 151 98 153 
5
22 189 77 158 63 
10
68 10 53 95 107 64 148 94 21 108 
19
8 71 166 167 49 145 50 64 3 25 100 138 2 53 196 151 45 7 144 
14
170 22 194 162 121 46 102 128 147 165 45 71 24 69 
20
149 147 180 122 62 181 171 50 55 66 26 172 188 166 80 69 95 12 137 155 
6
80 100 27 199 197 88 
18
176 27 165 9 51 90 137 197 170 52 179 106 150 140 111 89 128 64 
4
145 53 121 66 
17
22 181 20 55 34 98 100 142 102 109 14 152 121 112 93 192 87 
18
6 105 163 29 137 187 28 165 33 65 15 104 86 124 31 181 85 141 
7
48 80 4 162 26 87 113 
11
169 85 31 19 133 191 146 156 129 143 48 
2
92 168 
11
106 71 155 30 83 116 57 179 154 128 153 
3
65 9 47 
16
196 109 73 165 136 84 132 130 30 151 82 117 85 69 169 103 
15
113 69 93 46 165 42 31 137 106 8 34 35 125 18 112 
16
6 88 34 182 152 84 59 130 8 42 127 140 183 135 77 55 
11
73 53 32 180 23 58 75 134 20 179 24 
10
84 65 90 125 160 68 117 101 138 15 
14
45 105 197 129 177 51 176 123 7 13 96 90 73 53 
19
28 189 72 77 192 15 132 99 63 95 66 90 177 54 163 87 53 50 83 
16
128 109 131 93 57 34 86 14 99 70 89 73 112 191 55 121 
5
107 40 104 38 23 

