200 40 
3
73 1 36 32 17 2 32 24 41 95 81 39 12 91 17 79 22 16 35 72 71 36 56 29 7 42 76 12 89 36 54 62 44 80 52 30 27 93 54 28 82 53 91 50 91 37 79 98 42 44 18 72 63 89 37 78 55 74 64 89 11 65 74 33 50 9 61 11 80 26 47 65 63 77 30 58 39 39 3 7 39 21 7 52 73 88 35 92 85 74 89 29 84 77 74 91 45 63 96 63 59 22 12 64 80 71 11 75 63 92 90 71 88 99 19 23 67 55 55 48 77 86 71 82 27 99 24 7 16 47 34 100 65 50 49 9 63 15 82 7 25 24 2 2 24 58 90 47 4 34 83 38 48 6 11 27 93 15 74 13 38 54 23 66 79 70 57 29 52 29 39 86 1 52 95 31 6 33 99 69 88 11 41 76 27 43 69 9 51 35 99 7 43 77 3 51 9 17 30 13 
64 57 15 5 2 2 10 24 82 34 21 74 5 51 55 73 61 95 22 66 84 88 14 61 58 47 59 11 100 65 37 19 91 95 5 68 43 58 91 37 35 7 44 64 29 32 16 42 34 83 1 32 95 52 1 7 53 36 93 16 89 53 32 34 51 18 67 88 37 26 89 98 88 28 61 47 4 24 65 68 35 26 22 41 32 82 90 29 61 1 23 74 55 67 15 70 75 28 2 77 35 7 22 75 78 15 54 6 18 61 74 62 98 51 60 38 57 15 71 55 20 61 11 46 47 60 78 68 78 62 34 52 29 52 79 13 87 78 26 24 62 96 32 22 72 64 44 44 73 96 13 38 70 68 52 70 17 90 24 32 66 42 99 96 61 74 32 14 73 73 32 20 78 23 79 47 3 21 13 6 46 54 70 54 97 5 43 95 84 48 52 97 88 64 6 69 11 34 84 56 
30 48 6 85 33 93 24 65 27 72 24 95 83 29 99 55 1 82 3 54 55 98 14 88 78 20 37 21 26 70 74 81 45 84 63 95 52 28 46 91 90 47 85 76 37 82 16 72 2 90 32 12 60 32 28 30 96 3 11 67 57 82 89 7 55 10 85 38 17 23 20 65 14 71 60 39 43 91 42 63 58 30 95 37 8 80 8 18 13 65 65 8 10 3 49 91 68 5 41 96 90 87 68 13 17 32 50 89 5 98 85 74 86 68 43 48 22 45 74 35 59 13 75 81 22 28 82 88 61 2 33 18 76 71 58 35 35 55 41 48 7 54 12 73 57 54 73 52 35 45 11 63 13 71 91 36 31 34 66 55 49 14 25 21 18 99 56 44 28 95 98 73 16 95 3 38 86 16 16 61 92 78 100 2 62 46 4 3 48 72 48 86 86 63 21 78 71 96 99 10 
8
111 142 118 7 36 85 30 9 
4
29 185 180 104 
14
130 7 66 9 16 101 2 141 152 198 124 126 75 180 
14
122 167 61 132 135 180 73 161 95 185 193 85 117 91 
9
113 175 110 97 38 122 152 74 136 
10
39 135 117 180 112 100 3 164 27 74 
15
73 99 6 10 173 104 123 155 61 55 68 22 93 28 145 
6
16 165 174 13 45 168 
7
119 12 44 2 74 54 176 
9
8 4 137 152 136 9 83 15 130 
11
74 6 27 162 53 15 168 8 171 134 14 
9
149 197 48 59 158 153 144 134 41 
6
59 69 125 109 93 171 
18
5 57 18 149 31 190 137 84 180 1 134 50 92 165 189 141 55 135 
18
115 110 92 164 63 118 101 128 85 13 186 24 182 122 53 41 171 165 
18
54 39 114 128 188 143 82 17 49 14 111 164 125 115 93 100 62 18 
15
14 2 142 141 123 184 162 146 57 11 17 117 165 197 12 
4
185 105 130 145 
9
43 68 138 63 73 126 194 36 79 
13
108 22 36 159 86 158 73 44 181 143 185 21 134 
3
186 109 83 
20
25 74 121 187 89 11 173 198 100 111 58 84 152 57 63 69 54 175 56 20 
17
187 76 71 117 90 198 111 166 175 199 48 27 173 79 180 152 25 
17
160 62 38 152 178 200 69 41 40 174 48 1 102 166 132 19 129 
8
9 135 162 86 97 183 116 166 
5
196 98 48 118 173 
18
108 163 100 164 119 107 41 109 53 43 17 122 33 155 18 170 90 64 
17
187 138 137 61 63 41 14 54 39 114 110 175 116 157 171 25 192 
10
126 132 61 150 84 120 200 33 39 20 
19
190 44 109 33 168 43 180 47 58 163 117 57 9 90 116 31 54 15 177 
5
25 13 97 82 188 
10
170 23 137 178 189 2 60 7 51 62 
16
110 31 8 17 69 55 191 58 180 34 113 122 15 123 101 83 
8
19 111 2 122 102 14 25 163 
10
3 68 200 112 199 103 157 120 124 22 
18
158 146 14 161 12 176 92 76 60 118 15 47 173 193 18 19 150 57 
17
172 159 59 57 27 69 99 105 97 73 72 137 155 20 61 167 158 
4
185 162 169 80 
4
62 115 98 47 
18
12 198 140 181 52 144 135 60 126 77 100 42 143 54 134 21 34 50 

