200 40 
3
22 89 25 88 66 43 48 39 27 85 22 23 7 67 66 67 82 66 44 40 4 4 33 78 67 50 50 27 79 100 76 53 81 51 79 15 44 41 39 45 77 98 39 3 61 23 80 24 98 50 51 88 31 73 17 99 37 93 13 22 30 28 17 65 19 32 41 40 60 62 76 11 42 33 84 90 41 91 9 1 18 43 94 69 81 56 66 31 19 90 91 98 21 97 42 27 15 33 31 41 68 78 14 18 82 6 54 37 15 39 45 80 58 35 33 88 40 46 29 95 100 35 62 63 15 89 18 89 13 44 81 81 92 78 99 34 50 66 1 40 64 20 87 66 42 65 12 25 11 43 90 73 66 70 64 66 1 62 32 77 33 36 3 70 70 35 37 30 76 23 38 36 97 15 7 37 51 67 68 69 8 74 86 61 13 50 78 81 87 58 43 76 61 27 16 8 55 54 13 58 
18 51 64 94 2 98 33 30 8 2 85 7 78 67 95 50 79 50 29 17 36 29 78 47 30 51 42 59 48 3 84 44 32 3 52 100 25 50 17 53 74 97 29 13 59 82 32 22 75 50 52 16 43 8 54 53 5 94 57 28 5 4 35 16 96 81 28 22 58 58 55 89 72 55 41 64 49 45 41 48 11 91 9 89 74 94 36 35 46 78 3 45 47 97 67 8 18 97 38 27 95 19 42 97 53 66 93 36 24 80 21 6 36 21 77 63 23 60 45 1 2 14 63 39 5 87 21 83 25 28 36 60 43 3 57 38 71 96 79 35 62 57 34 52 17 99 74 87 99 8 20 53 17 72 42 28 92 78 51 11 74 40 67 56 86 69 63 8 24 85 47 73 46 57 77 14 47 79 33 2 80 92 91 19 54 74 4 87 35 16 98 30 100 82 29 66 77 6 85 84 
52 26 94 38 100 81 87 67 43 53 69 17 86 16 30 71 31 50 96 81 14 68 1 98 49 2 65 11 95 57 20 3 45 43 38 11 2 80 74 55 52 56 96 2 31 96 60 44 94 64 54 75 38 51 72 1 89 97 70 65 98 41 36 22 54 12 56 55 13 40 94 24 81 30 77 50 8 9 99 70 100 66 97 72 41 34 15 90 91 43 10 18 94 77 15 22 38 59 21 16 19 82 80 44 79 59 88 50 90 79 91 80 6 75 60 8 26 76 92 58 71 14 97 88 4 43 93 53 95 39 31 84 47 56 16 72 84 71 48 54 14 24 82 87 70 79 24 4 38 94 50 65 4 36 56 29 79 40 25 21 69 99 42 54 48 55 39 24 42 82 44 71 86 88 51 19 89 82 88 71 1 41 97 23 9 3 35 6 60 6 68 70 44 91 33 37 55 43 74 82 
13
188 50 125 52 175 193 164 187 16 194 25 168 142 
17
184 2 168 33 160 64 56 112 180 101 149 157 127 41 183 124 130 
15
2 37 186 35 188 43 141 144 32 196 185 58 46 195 83 
11
168 118 23 132 80 10 174 47 164 27 193 
6
30 145 54 134 47 119 
9
127 38 179 23 85 63 125 92 112 
20
174 53 13 18 145 26 134 149 170 144 115 163 8 168 44 58 186 101 97 106 
2
128 160 
17
59 99 54 72 170 186 163 191 110 90 106 124 166 139 62 155 63 
3
133 175 146 
11
139 121 47 180 197 146 94 102 178 81 133 
3
180 95 153 
19
142 136 28 68 172 72 106 15 48 122 104 96 70 27 139 32 91 124 195 
19
162 90 178 143 154 192 198 152 130 22 127 164 159 124 65 24 18 199 93 
4
166 110 46 59 
4
20 192 167 113 
10
24 26 71 94 141 25 114 100 4 98 
19
22 163 150 156 6 55 39 149 108 191 158 115 97 195 30 23 61 7 99 
12
194 154 188 37 146 200 95 63 76 94 23 139 
3
179 195 87 
9
89 116 54 72 86 58 84 91 115 
18
129 48 121 16 94 50 62 61 173 43 28 111 54 47 170 83 82 55 
5
79 98 175 13 5 
4
47 152 114 1 
11
193 179 46 127 47 58 178 112 56 140 110 
19
6 64 121 69 44 122 33 98 100 165 170 200 126 83 159 66 65 133 56 
14
175 182 33 111 186 176 93 39 178 29 109 185 32 22 
6
198 3 142 111 49 84 
4
150 3 199 15 
14
180 97 15 142 62 199 153 169 135 147 148 99 189 33 
2
160 85 
10
129 173 97 144 23 52 28 200 186 60 
16
33 129 45 176 18 162 21 78 142 75 109 70 154 54 158 174 
10
171 98 108 50 165 36 117 61 59 106 
19
122 21 193 70 23 97 104 200 95 101 134 129 56 41 27 30 144 190 92 
16
84 34 81 127 108 175 144 172 4 56 169 30 61 91 189 6 
7
89 129 184 148 147 80 149 
10
171 11 32 129 112 151 62 13 196 118 
19
191 146 78 91 34 25 2 149 70 1 53 87 123 113 89 143 66 159 106 
12
156 197 142 46 111 73 106 24 144 99 81 64 

